run_id,iteration,archive_size                 [non-dominated solutions currently in the archive],igd                          [Inverted Generational Distance: convergence+coverage; 0=ideal; empty if no reference front],gd                           [Generational Distance: convergence only; 0=ideal; blind to coverage gaps; empty if no reference front],hypervolume                  [dominated area vs fixed reference point; larger=better convergence and spread],spacing                      [std dev of nearest-neighbour distances in the front; 0=perfectly uniform],spread                       [Deb Delta: extent+uniformity vs true front; 0=ideal; empty if no reference front],population_feasibility_pct   [% of current population satisfying all constraints],population_diversity         [mean distance of particles from swarm centroid],relative_error               [hypervolume of feasible archive / hypervolume of true front; 1=optimal; empty if no reference front]
1,1,9,0.068882,0.060072,0.569620,0.126754,0.566196,17.0000,0.896298,0.731661
1,2,9,0.067111,0.054848,0.575796,0.131999,0.577205,10.0000,0.863427,0.743780
1,3,9,0.067111,0.054848,0.575796,0.131999,0.577205,2.0000,0.883915,0.743780
1,4,11,0.065591,0.063927,0.582278,0.084090,0.506834,2.0000,0.819274,0.756498
1,5,12,0.065574,0.062835,0.583030,0.088204,0.546940,10.0000,0.845494,0.757167
1,6,12,0.064054,0.057507,0.599899,0.098767,0.649151,11.0000,0.838516,0.790267
1,7,12,0.064054,0.057507,0.599899,0.098767,0.649151,5.0000,0.825827,0.790267
1,8,13,0.059241,0.053511,0.612726,0.091947,0.668143,5.0000,0.816269,0.806644
1,9,13,0.059241,0.053511,0.612726,0.091947,0.668143,4.0000,0.804391,0.806644
1,10,0,,,,,,0.0000,0.917510,0.000000
1,11,0,,,,,,0.0000,0.959736,0.000000
1,12,0,,,,,,0.0000,0.943135,0.000000
1,13,0,,,,,,0.0000,0.897261,0.000000
1,14,0,,,,,,0.0000,0.869215,0.000000
1,15,0,,,,,,0.0000,0.857099,0.000000
1,16,0,,,,,,0.0000,0.884846,0.000000
1,17,0,,,,,,0.0000,0.936120,0.000000
1,18,0,,,,,,0.0000,0.878791,0.000000
1,19,0,,,,,,0.0000,0.855992,0.000000
1,20,0,,,,,,0.0000,0.844725,0.000000
1,21,0,,,,,,0.0000,0.887527,0.000000
1,22,0,,,,,,0.0000,0.894515,0.000000
1,23,0,,,,,,0.0000,0.869721,0.000000
1,24,0,,,,,,0.0000,0.870616,0.000000
1,25,0,,,,,,0.0000,0.886793,0.000000
1,26,0,,,,,,0.0000,0.898404,0.000000
1,27,0,,,,,,0.0000,0.869573,0.000000
1,28,0,,,,,,0.0000,0.847357,0.000000
1,29,0,,,,,,0.0000,0.876555,0.000000
1,30,0,,,,,,0.0000,0.934523,0.000000
1,31,0,,,,,,0.0000,0.911775,0.000000
1,32,0,,,,,,0.0000,0.804317,0.000000
1,33,0,,,,,,0.0000,0.822897,0.000000
1,34,0,,,,,,0.0000,0.922110,0.000000
1,35,0,,,,,,0.0000,0.945600,0.000000
1,36,0,,,,,,0.0000,0.867605,0.000000
1,37,0,,,,,,0.0000,0.830029,0.000000
1,38,0,,,,,,0.0000,0.880576,0.000000
1,39,0,,,,,,0.0000,0.873343,0.000000
1,40,0,,,,,,0.0000,0.865536,0.000000
1,41,0,,,,,,0.0000,0.863706,0.000000
1,42,0,,,,,,0.0000,0.886240,0.000000
1,43,0,,,,,,0.0000,0.864218,0.000000
1,44,0,,,,,,0.0000,0.886984,0.000000
1,45,0,,,,,,0.0000,0.845088,0.000000
1,46,0,,,,,,0.0000,0.878348,0.000000
1,47,0,,,,,,0.0000,0.897608,0.000000
1,48,0,,,,,,0.0000,0.842126,0.000000
1,49,0,,,,,,0.0000,0.824758,0.000000
1,50,0,,,,,,0.0000,0.904378,0.000000
1,51,0,,,,,,0.0000,0.951726,0.000000
1,52,0,,,,,,0.0000,0.876021,0.000000
1,53,0,,,,,,0.0000,0.837815,0.000000
1,54,0,,,,,,0.0000,0.828350,0.000000
1,55,0,,,,,,0.0000,0.885555,0.000000
1,56,0,,,,,,0.0000,0.911705,0.000000
1,57,0,,,,,,0.0000,0.854953,0.000000
1,58,0,,,,,,0.0000,0.836162,0.000000
1,59,0,,,,,,0.0000,0.866680,0.000000
1,60,0,,,,,,0.0000,0.882417,0.000000
1,61,0,,,,,,0.0000,0.884930,0.000000
1,62,0,,,,,,0.0000,0.904839,0.000000
1,63,0,,,,,,0.0000,0.878559,0.000000
1,64,0,,,,,,0.0000,0.866162,0.000000
1,65,0,,,,,,0.0000,0.879511,0.000000
1,66,0,,,,,,0.0000,0.879773,0.000000
1,67,0,,,,,,0.0000,0.916839,0.000000
1,68,0,,,,,,0.0000,0.900918,0.000000
1,69,0,,,,,,0.0000,0.857768,0.000000
1,70,0,,,,,,0.0000,0.843836,0.000000
1,71,0,,,,,,0.0000,0.911767,0.000000
1,72,0,,,,,,0.0000,0.907025,0.000000
1,73,0,,,,,,0.0000,0.881348,0.000000
1,74,0,,,,,,0.0000,0.864639,0.000000
1,75,0,,,,,,0.0000,0.878282,0.000000
1,76,0,,,,,,0.0000,0.889004,0.000000
1,77,0,,,,,,0.0000,0.865932,0.000000
1,78,0,,,,,,0.0000,0.834258,0.000000
1,79,0,,,,,,0.0000,0.880196,0.000000
1,80,0,,,,,,0.0000,0.883107,0.000000
1,81,0,,,,,,0.0000,0.885339,0.000000
1,82,0,,,,,,0.0000,0.878360,0.000000
1,83,0,,,,,,0.0000,0.880477,0.000000
1,84,0,,,,,,0.0000,0.879672,0.000000
1,85,0,,,,,,0.0000,0.870365,0.000000
1,86,0,,,,,,0.0000,0.871872,0.000000
1,87,0,,,,,,0.0000,0.867018,0.000000
1,88,0,,,,,,0.0000,0.877383,0.000000
1,89,0,,,,,,0.0000,0.919353,0.000000
1,90,0,,,,,,0.0000,0.891168,0.000000
1,91,0,,,,,,0.0000,0.860264,0.000000
1,92,0,,,,,,0.0000,0.885278,0.000000
1,93,0,,,,,,0.0000,0.867828,0.000000
1,94,0,,,,,,0.0000,0.859175,0.000000
1,95,0,,,,,,0.0000,0.857347,0.000000
1,96,0,,,,,,0.0000,0.905792,0.000000
1,97,0,,,,,,0.0000,0.900937,0.000000
1,98,0,,,,,,0.0000,0.882787,0.000000
1,99,0,,,,,,0.0000,0.872590,0.000000
1,100,0,,,,,,0.0000,0.879055,0.000000
1,101,0,,,,,,0.0000,0.908481,0.000000
1,102,0,,,,,,0.0000,0.884115,0.000000
1,103,0,,,,,,0.0000,0.836147,0.000000
1,104,0,,,,,,0.0000,0.833933,0.000000
1,105,0,,,,,,0.0000,0.892909,0.000000
1,106,0,,,,,,0.0000,0.925506,0.000000
1,107,0,,,,,,0.0000,0.842201,0.000000
1,108,0,,,,,,0.0000,0.820143,0.000000
1,109,0,,,,,,0.0000,0.887094,0.000000
1,110,0,,,,,,0.0000,0.944460,0.000000
1,111,0,,,,,,0.0000,0.887525,0.000000
1,112,0,,,,,,0.0000,0.856235,0.000000
1,113,0,,,,,,0.0000,0.850032,0.000000
1,114,0,,,,,,0.0000,0.876094,0.000000
1,115,0,,,,,,0.0000,0.891491,0.000000
1,116,0,,,,,,0.0000,0.889760,0.000000
1,117,0,,,,,,0.0000,0.853997,0.000000
1,118,0,,,,,,0.0000,0.877324,0.000000
1,119,0,,,,,,0.0000,0.888205,0.000000
1,120,0,,,,,,0.0000,0.879301,0.000000
1,121,0,,,,,,0.0000,0.886540,0.000000
1,122,0,,,,,,0.0000,0.891046,0.000000
1,123,0,,,,,,0.0000,0.854873,0.000000
1,124,0,,,,,,0.0000,0.855304,0.000000
1,125,0,,,,,,0.0000,0.887763,0.000000
1,126,0,,,,,,0.0000,0.911224,0.000000
1,127,0,,,,,,0.0000,0.842437,0.000000
1,128,0,,,,,,0.0000,0.828273,0.000000
1,129,0,,,,,,0.0000,0.886617,0.000000
1,130,0,,,,,,0.0000,0.916564,0.000000
1,131,0,,,,,,0.0000,0.855777,0.000000
1,132,0,,,,,,0.0000,0.851173,0.000000
1,133,0,,,,,,0.0000,0.864484,0.000000
1,134,0,,,,,,0.0000,0.886254,0.000000
1,135,0,,,,,,0.0000,0.891535,0.000000
1,136,0,,,,,,0.0000,0.856892,0.000000
1,137,0,,,,,,0.0000,0.901827,0.000000
1,138,0,,,,,,0.0000,0.890251,0.000000
1,139,0,,,,,,0.0000,0.875162,0.000000
1,140,0,,,,,,0.0000,0.881440,0.000000
1,141,0,,,,,,0.0000,0.900575,0.000000
1,142,0,,,,,,0.0000,0.879640,0.000000
1,143,0,,,,,,0.0000,0.839421,0.000000
1,144,0,,,,,,0.0000,0.886939,0.000000
1,145,0,,,,,,0.0000,0.904301,0.000000
1,146,0,,,,,,0.0000,0.850706,0.000000
1,147,0,,,,,,0.0000,0.848863,0.000000
1,148,0,,,,,,0.0000,0.892155,0.000000
1,149,0,,,,,,0.0000,0.886583,0.000000
1,150,0,,,,,,0.0000,0.878495,0.000000
1,151,0,,,,,,0.0000,0.890799,0.000000
1,152,0,,,,,,0.0000,0.873237,0.000000
1,153,0,,,,,,0.0000,0.865132,0.000000
1,154,0,,,,,,0.0000,0.841709,0.000000
1,155,0,,,,,,0.0000,0.891159,0.000000
1,156,0,,,,,,0.0000,0.902663,0.000000
1,157,0,,,,,,0.0000,0.845923,0.000000
1,158,0,,,,,,0.0000,0.811425,0.000000
1,159,0,,,,,,0.0000,0.846626,0.000000
1,160,0,,,,,,0.0000,0.899772,0.000000
1,161,0,,,,,,0.0000,0.931812,0.000000
1,162,0,,,,,,0.0000,0.878972,0.000000
1,163,0,,,,,,0.0000,0.856308,0.000000
1,164,0,,,,,,0.0000,0.847185,0.000000
1,165,0,,,,,,0.0000,0.889942,0.000000
1,166,0,,,,,,0.0000,0.908293,0.000000
1,167,0,,,,,,0.0000,0.877488,0.000000
1,168,0,,,,,,0.0000,0.850790,0.000000
1,169,0,,,,,,0.0000,0.894627,0.000000
1,170,0,,,,,,0.0000,0.932520,0.000000
1,171,0,,,,,,0.0000,0.858263,0.000000
1,172,0,,,,,,0.0000,0.843911,0.000000
1,173,0,,,,,,0.0000,0.881858,0.000000
1,174,0,,,,,,0.0000,0.882603,0.000000
1,175,0,,,,,,0.0000,0.883602,0.000000
1,176,0,,,,,,0.0000,0.885420,0.000000
1,177,0,,,,,,0.0000,0.878195,0.000000
1,178,0,,,,,,0.0000,0.888193,0.000000
1,179,0,,,,,,0.0000,0.908493,0.000000
1,180,0,,,,,,0.0000,0.865000,0.000000
1,181,0,,,,,,0.0000,0.875512,0.000000
1,182,0,,,,,,0.0000,0.868598,0.000000
1,183,0,,,,,,0.0000,0.864226,0.000000
1,184,0,,,,,,0.0000,0.853817,0.000000
1,185,0,,,,,,0.0000,0.875065,0.000000
1,186,0,,,,,,0.0000,0.875678,0.000000
1,187,0,,,,,,0.0000,0.871567,0.000000
1,188,0,,,,,,0.0000,0.881864,0.000000
1,189,0,,,,,,0.0000,0.845734,0.000000
1,190,0,,,,,,0.0000,0.828540,0.000000
1,191,0,,,,,,0.0000,0.846419,0.000000
1,192,0,,,,,,0.0000,0.897434,0.000000
1,193,0,,,,,,0.0000,0.913585,0.000000
1,194,0,,,,,,0.0000,0.853478,0.000000
1,195,0,,,,,,0.0000,0.815853,0.000000
1,196,0,,,,,,0.0000,0.852474,0.000000
1,197,0,,,,,,0.0000,0.872565,0.000000
1,198,0,,,,,,0.0000,0.925737,0.000000
1,199,0,,,,,,0.0000,0.913164,0.000000
1,200,0,,,,,,0.0000,0.850717,0.000000
1,201,0,,,,,,0.0000,0.825211,0.000000
1,202,0,,,,,,0.0000,0.880761,0.000000
1,203,0,,,,,,0.0000,0.882010,0.000000
1,204,0,,,,,,0.0000,0.884193,0.000000
1,205,0,,,,,,0.0000,0.879375,0.000000
1,206,0,,,,,,0.0000,0.879731,0.000000
1,207,0,,,,,,0.0000,0.882941,0.000000
1,208,0,,,,,,0.0000,0.923028,0.000000
1,209,0,,,,,,0.0000,0.899170,0.000000
1,210,0,,,,,,0.0000,0.843438,0.000000
1,211,0,,,,,,0.0000,0.871866,0.000000
1,212,0,,,,,,0.0000,0.878778,0.000000
1,213,0,,,,,,0.0000,0.865155,0.000000
1,214,0,,,,,,0.0000,0.883231,0.000000
1,215,0,,,,,,0.0000,0.881027,0.000000
1,216,0,,,,,,0.0000,0.847358,0.000000
1,217,0,,,,,,0.0000,0.883601,0.000000
1,218,0,,,,,,0.0000,0.888727,0.000000
1,219,0,,,,,,0.0000,0.882947,0.000000
1,220,0,,,,,,0.0000,0.892486,0.000000
1,221,0,,,,,,0.0000,0.858744,0.000000
1,222,0,,,,,,0.0000,0.828661,0.000000
1,223,0,,,,,,0.0000,0.872490,0.000000
1,224,0,,,,,,0.0000,0.903589,0.000000
1,225,0,,,,,,0.0000,0.850116,0.000000
1,226,0,,,,,,0.0000,0.814162,0.000000
1,227,0,,,,,,0.0000,0.836886,0.000000
1,228,0,,,,,,0.0000,0.895437,0.000000
1,229,0,,,,,,0.0000,0.897420,0.000000
1,230,0,,,,,,0.0000,0.858854,0.000000
1,231,0,,,,,,0.0000,0.848787,0.000000
1,232,0,,,,,,0.0000,0.888964,0.000000
1,233,0,,,,,,0.0000,0.883380,0.000000
1,234,0,,,,,,0.0000,0.861961,0.000000
1,235,0,,,,,,0.0000,0.876333,0.000000
1,236,0,,,,,,0.0000,0.863415,0.000000
1,237,0,,,,,,0.0000,0.879811,0.000000
1,238,0,,,,,,0.0000,0.905497,0.000000
1,239,0,,,,,,0.0000,0.838473,0.000000
1,240,1,0.855647,0.000042,0.292248,0.000000,1.000000,1.0000,0.830273,0.211511
1,241,7,0.122218,0.087417,0.627986,0.212946,0.626911,14.0000,0.605336,0.614425
1,242,12,0.085955,0.060818,0.695962,0.079769,0.453780,23.0000,0.624807,0.746463
1,243,14,0.076691,0.054904,0.702386,0.064889,0.510933,15.0000,0.636862,0.758941
1,244,15,0.074107,0.052765,0.706558,0.059655,0.552766,9.0000,0.695042,0.767046
1,245,15,0.072922,0.053612,0.719492,0.084941,0.655612,10.0000,0.763651,0.792169
1,246,16,0.071273,0.055914,0.728871,0.079390,0.654598,12.0000,0.728554,0.801659
1,247,17,0.063129,0.058449,0.749233,0.051461,0.657583,15.0000,0.698438,0.841209
1,248,17,0.062098,0.058131,0.754828,0.050814,0.664177,9.0000,0.784454,0.852078
1,249,15,0.065090,0.038252,0.774494,0.036361,0.646237,12.0000,0.730560,0.890276
1,250,2,0.647304,0.137229,0.246612,0.000000,0.857874,2.0000,0.899925,0.146334
1,251,4,0.124882,0.028864,0.666050,0.095787,0.141804,14.0000,0.794823,0.649276
1,252,9,0.089923,0.078645,0.738488,0.109933,0.469818,13.0000,0.641931,0.793284
1,253,11,0.069129,0.068285,0.766774,0.057879,0.622385,13.0000,0.694865,0.830832
1,254,13,0.068527,0.069608,0.770373,0.042292,0.623016,14.0000,0.799424,0.837988
1,255,13,0.068527,0.069608,0.770373,0.042292,0.623016,5.0000,0.832958,0.837988
1,256,13,0.068527,0.069608,0.770373,0.042292,0.623016,6.0000,0.711995,0.837988
1,257,16,0.062662,0.050970,0.782350,0.041186,0.616993,13.0000,0.655575,0.861797
1,258,16,0.052852,0.043162,0.793184,0.041397,0.617133,13.0000,0.717981,0.883337
1,259,17,0.052182,0.041964,0.795516,0.036463,0.644121,12.0000,0.772912,0.887971
1,260,3,0.359982,0.154667,0.400394,0.796582,0.914568,4.0000,1.025771,0.237483
1,261,3,0.331453,0.016483,0.565413,0.998330,0.898955,6.0000,0.820048,0.396498
1,262,6,0.161322,0.052773,0.728335,0.100850,0.615349,12.0000,0.617454,0.712090
1,263,10,0.106434,0.097029,0.735663,0.139278,0.621558,15.0000,0.735773,0.727009
1,264,13,0.103817,0.085359,0.755556,0.116134,0.788318,14.0000,0.812118,0.767511
1,265,14,0.067979,0.068711,0.797147,0.052120,0.694692,12.0000,0.812794,0.852191
1,266,14,0.067955,0.068687,0.797338,0.052116,0.695343,13.0000,0.747421,0.852580
1,267,15,0.067940,0.066709,0.802012,0.050469,0.677321,12.0000,0.723121,0.862098
1,268,14,0.062764,0.035141,0.816656,0.059362,0.739856,12.0000,0.707701,0.891913
1,269,18,0.040781,0.036494,0.825693,0.040306,0.674622,18.0000,0.688345,0.910311
1,270,3,0.250432,0.044034,0.607142,0.582988,0.467223,6.0000,0.910025,0.438134
1,271,5,0.140555,0.075398,0.693691,0.086133,0.236713,6.0000,0.802877,0.615472
1,272,8,0.115704,0.059344,0.731500,0.161814,0.614125,14.0000,0.697010,0.692942
1,273,9,0.114423,0.066778,0.743853,0.096146,0.625839,8.0000,0.724383,0.718255
1,274,10,0.112229,0.063518,0.750234,0.074160,0.667548,12.0000,0.764949,0.731330
1,275,12,0.115822,0.057449,0.772898,0.067048,0.732583,14.0000,0.739676,0.777768
1,276,14,0.110046,0.054818,0.779310,0.034893,0.711500,16.0000,0.732605,0.790905
1,277,14,0.110031,0.054787,0.779839,0.034906,0.712044,9.0000,0.788330,0.791989
1,278,15,0.105372,0.050398,0.788692,0.034420,0.694211,15.0000,0.792287,0.810130
1,279,15,0.060241,0.041031,0.812762,0.025569,0.637297,14.0000,0.743839,0.859449
1,280,3,0.277035,0.106819,0.494195,0.566135,0.719825,5.0000,0.857161,0.345618
1,281,9,0.178176,0.077925,0.746837,0.036912,0.931096,12.0000,0.797060,0.701520
1,282,10,0.060841,0.038958,0.808284,0.087214,0.654286,17.0000,0.754269,0.828716
1,283,12,0.058079,0.038950,0.814154,0.081130,0.608683,15.0000,0.688264,0.840868
1,284,13,0.056231,0.047891,0.822082,0.049414,0.573989,17.0000,0.728531,0.857280
1,285,13,0.056144,0.047814,0.822209,0.049415,0.575185,12.0000,0.857077,0.857542
1,286,13,0.056144,0.047814,0.822209,0.049415,0.575185,9.0000,0.781841,0.857542
1,287,13,0.052075,0.047766,0.824429,0.036609,0.514923,15.0000,0.701857,0.862137
1,288,14,0.050412,0.046631,0.825669,0.036306,0.557715,13.0000,0.714210,0.864705
1,289,15,0.050253,0.045189,0.825718,0.040340,0.597874,9.0000,0.805786,0.864805
1,290,2,0.566202,0.040571,0.410443,0.000000,0.713651,3.0000,1.006472,0.311822
1,291,5,0.137988,0.035712,0.720364,0.173204,0.365808,8.0000,0.798160,0.627431
1,292,8,0.111047,0.051518,0.815502,0.102957,0.572210,17.0000,0.622324,0.827815
1,293,9,0.077147,0.055930,0.816176,0.082498,0.465543,13.0000,0.675407,0.829236
1,294,9,0.072279,0.043941,0.835061,0.108687,0.529293,9.0000,0.807365,0.869011
1,295,10,0.064288,0.037530,0.839243,0.053835,0.464795,13.0000,0.836002,0.877820
1,296,13,0.062099,0.042918,0.841008,0.054046,0.585754,14.0000,0.787643,0.881537
1,297,13,0.062099,0.042918,0.841008,0.054046,0.585754,11.0000,0.779452,0.881537
1,298,14,0.055883,0.048097,0.841980,0.051604,0.555686,12.0000,0.731989,0.883584
1,299,16,0.054963,0.049020,0.843435,0.041035,0.574583,14.0000,0.713983,0.886648
1,300,3,0.274485,0.083902,0.615317,0.686184,0.603563,5.0000,0.928890,0.403883
1,301,6,0.156090,0.116189,0.681298,0.226859,0.481740,9.0000,0.889476,0.542070
1,302,8,0.140076,0.103866,0.735083,0.158585,0.539720,13.0000,0.685596,0.654716
1,303,11,0.099661,0.076885,0.796162,0.099867,0.626298,15.0000,0.669270,0.782637
1,304,12,0.099531,0.077709,0.796659,0.093662,0.708124,8.0000,0.823280,0.783678
1,305,14,0.084733,0.067871,0.802722,0.091121,0.810991,13.0000,0.800734,0.796376
1,306,15,0.077244,0.065806,0.805916,0.069325,0.759957,11.0000,0.742275,0.803065
1,307,15,0.075317,0.063848,0.813346,0.070262,0.716450,10.0000,0.676992,0.818627
1,308,16,0.075301,0.066966,0.814298,0.066106,0.744230,6.0000,0.780252,0.820621
1,309,16,0.075301,0.066966,0.814298,0.066106,0.744230,11.0000,0.760645,0.820621
1,310,2,0.341408,0.029299,0.556302,0.000000,0.061241,5.0000,0.957516,0.302307
1,311,5,0.143726,0.074749,0.683017,0.359841,0.576197,10.0000,0.758370,0.548769
1,312,7,0.108955,0.065761,0.722196,0.171560,0.624332,16.0000,0.671232,0.631289
1,313,10,0.097076,0.083653,0.736141,0.062590,0.651205,11.0000,0.686972,0.660662
1,314,10,0.092688,0.061978,0.775724,0.074270,0.643669,9.0000,0.800823,0.744033
1,315,10,0.092040,0.049926,0.783214,0.093430,0.758347,10.0000,0.807242,0.759809
1,316,13,0.063203,0.037283,0.819872,0.076250,0.697373,18.0000,0.746734,0.837020
1,317,13,0.063203,0.037283,0.819872,0.076250,0.697373,10.0000,0.731158,0.837020
1,318,13,0.058049,0.025578,0.829757,0.075244,0.715135,16.0000,0.717609,0.857839
1,319,13,0.057340,0.024569,0.832536,0.078395,0.738128,12.0000,0.683056,0.863693
1,320,3,0.283809,0.056518,0.619511,0.783157,0.681579,3.0000,0.960883,0.437952
1,321,7,0.114000,0.081246,0.737321,0.239261,0.465468,8.0000,0.860132,0.681823
1,322,10,0.063582,0.059563,0.792055,0.053832,0.401650,14.0000,0.690558,0.795123
1,323,10,0.063582,0.059563,0.792055,0.053832,0.401650,11.0000,0.663903,0.795123
1,324,11,0.062192,0.057204,0.793073,0.064031,0.465588,12.0000,0.753119,0.797230
1,325,12,0.073421,0.058158,0.810849,0.042068,0.529145,13.0000,0.791546,0.834026
1,326,13,0.073271,0.057105,0.812064,0.048690,0.580009,13.0000,0.766751,0.836542
1,327,15,0.071241,0.054954,0.815161,0.053385,0.678735,13.0000,0.688586,0.842953
1,328,13,0.070898,0.056230,0.817548,0.054424,0.585345,9.0000,0.791968,0.847893
1,329,14,0.051821,0.055388,0.820871,0.058599,0.498715,16.0000,0.830898,0.854773
1,330,4,0.255610,0.177283,0.472900,0.062767,0.656664,5.0000,0.981576,0.267551
1,331,5,0.238019,0.052145,0.681667,0.067232,0.947736,12.0000,0.777708,0.590836
1,332,7,0.108334,0.068929,0.718689,0.165927,0.502690,10.0000,0.668274,0.666694
1,333,8,0.094312,0.054751,0.753605,0.072406,0.514505,12.0000,0.744439,0.738236
1,334,10,0.080101,0.059852,0.791828,0.072868,0.486566,11.0000,0.812613,0.816555
1,335,13,0.067088,0.051883,0.807740,0.068757,0.558241,13.0000,0.823505,0.849158
1,336,12,0.058301,0.042220,0.824866,0.092127,0.644327,11.0000,0.771358,0.884250
1,337,13,0.053350,0.040191,0.826746,0.085030,0.663690,8.0000,0.652667,0.888102
1,338,13,0.053350,0.040191,0.826746,0.085030,0.663690,6.0000,0.810008,0.888102
1,339,16,0.048434,0.041650,0.829532,0.027583,0.671685,12.0000,0.803235,0.893809
1,340,3,0.308609,0.120574,0.540007,0.872538,0.780722,5.0000,0.930382,0.385436
1,341,4,0.182835,0.070285,0.612092,0.479580,0.593125,9.0000,0.798621,0.520607
1,342,7,0.124043,0.055135,0.690038,0.104377,0.820603,10.0000,0.700295,0.652056
1,343,11,0.113477,0.060109,0.736410,0.084535,0.826359,14.0000,0.797202,0.728530
1,344,13,0.108979,0.046763,0.760503,0.061276,0.981167,18.0000,0.819511,0.777584
1,345,17,0.096055,0.047634,0.783599,0.026375,0.900282,17.0000,0.758968,0.824607
1,346,19,0.092117,0.051890,0.784594,0.036735,0.862254,13.0000,0.699584,0.826633
1,347,17,0.057262,0.045798,0.806016,0.057301,0.730721,15.0000,0.685162,0.870250
1,348,19,0.055744,0.045742,0.807146,0.056380,0.806241,11.0000,0.751821,0.872550
1,349,18,0.055717,0.046510,0.807578,0.054982,0.772085,10.0000,0.789989,0.873429
1,350,2,0.345985,0.083045,0.462615,0.000000,0.115306,2.0000,0.934017,0.273127
1,351,4,0.242617,0.134114,0.567502,0.399934,0.533388,6.0000,0.828234,0.463939
1,352,5,0.234403,0.117455,0.634998,0.278032,0.750545,5.0000,0.720526,0.581102
1,353,10,0.073186,0.044911,0.722353,0.099903,0.666504,15.0000,0.684623,0.754767
1,354,10,0.067807,0.034287,0.744410,0.109220,0.602384,12.0000,0.795915,0.786372
1,355,13,0.054638,0.031838,0.770874,0.120796,0.780445,14.0000,0.815827,0.838984
1,356,13,0.048247,0.030414,0.781867,0.118292,0.779526,9.0000,0.774953,0.860837
1,357,13,0.048247,0.030414,0.781867,0.118292,0.779526,7.0000,0.775856,0.860837
1,358,14,0.048133,0.031638,0.787339,0.108968,0.748264,13.0000,0.740815,0.871717
1,359,16,0.047485,0.036967,0.796160,0.066058,0.717622,13.0000,0.724351,0.889252
1,360,3,0.311476,0.048299,0.490468,0.963918,0.916523,4.0000,0.935532,0.381798
1,361,5,0.198588,0.083869,0.548510,0.333705,0.828645,6.0000,0.839785,0.474842
1,362,8,0.128675,0.090296,0.622465,0.106485,0.590148,9.0000,0.758675,0.606859
1,363,10,0.089182,0.081657,0.702246,0.094783,0.395816,20.0000,0.651407,0.744942
1,364,10,0.089182,0.081657,0.702246,0.094783,0.395816,9.0000,0.751411,0.744942
1,365,9,0.092295,0.061505,0.706054,0.107519,0.529228,4.0000,0.840464,0.752339
1,366,9,0.074864,0.050100,0.748158,0.108700,0.547959,9.0000,0.788603,0.834122
1,367,9,0.073537,0.049502,0.750781,0.110688,0.567560,6.0000,0.718295,0.839217
1,368,9,0.073537,0.049502,0.750781,0.110688,0.567560,10.0000,0.730505,0.839217
1,369,10,0.071691,0.048336,0.752652,0.074260,0.605194,13.0000,0.761626,0.842851
1,370,1,0.822447,0.006908,0.280345,0.000000,1.000000,1.0000,0.995869,0.232574
1,371,3,0.192685,0.037337,0.588521,0.428264,0.539011,6.0000,0.761939,0.638757
1,372,5,0.141314,0.053782,0.619125,0.301560,0.516416,5.0000,0.613660,0.662974
1,373,7,0.132132,0.046522,0.646203,0.079751,0.679370,8.0000,0.781049,0.715149
1,374,7,0.131632,0.044169,0.654214,0.079282,0.667106,12.0000,0.827580,0.722801
1,375,9,0.125449,0.044340,0.664646,0.088205,0.820262,8.0000,0.817764,0.742902
1,376,12,0.073684,0.049643,0.677096,0.109432,0.782366,6.0000,0.733983,0.766889
1,377,12,0.072172,0.046817,0.683567,0.112455,0.796975,9.0000,0.693599,0.779360
1,378,12,0.068224,0.054203,0.704309,0.082605,0.698483,14.0000,0.736705,0.819326
1,379,14,0.065402,0.051637,0.705618,0.066829,0.738576,13.0000,0.809393,0.821797
1,380,1,0.726625,0.216390,0.145151,0.000000,1.000000,1.0000,0.956319,0.071555
1,381,2,0.727623,0.055112,0.323256,0.000000,0.914464,2.0000,0.807867,0.340268
1,382,4,0.284934,0.153814,0.468518,0.384164,0.652306,6.0000,0.672112,0.550702
1,383,8,0.081647,0.031978,0.678781,0.157252,0.827228,16.0000,0.746491,0.834938
1,384,8,0.081647,0.031978,0.678781,0.157252,0.827228,5.0000,0.795617,0.834938
1,385,9,0.078105,0.030741,0.693724,0.147114,0.821138,10.0000,0.771215,0.848379
1,386,9,0.078094,0.030586,0.693782,0.147545,0.820862,8.0000,0.794528,0.848491
1,387,10,0.074472,0.030941,0.694740,0.044243,0.773762,7.0000,0.811084,0.850336
1,388,13,0.045476,0.033795,0.695876,0.057612,0.795792,13.0000,0.805197,0.852523
1,389,13,0.045476,0.033795,0.695876,0.057612,0.795792,18.0000,0.685011,0.852523
1,390,2,0.670851,0.104384,0.283274,0.000000,0.935316,2.0000,0.927989,0.309520
1,391,4,0.169635,0.094813,0.511621,0.299292,0.594780,4.0000,0.857370,0.579612
1,392,7,0.111042,0.085862,0.594356,0.083475,0.512389,10.0000,0.658638,0.742631
1,393,11,0.070367,0.059812,0.640312,0.059560,0.534355,11.0000,0.657260,0.805913
1,394,12,0.069261,0.052904,0.652599,0.070112,0.683487,7.0000,0.783516,0.820179
1,395,14,0.068425,0.047538,0.655364,0.073656,0.838584,11.0000,0.774629,0.825627
1,396,14,0.068425,0.047538,0.655364,0.073656,0.838584,9.0000,0.701387,0.825627
1,397,16,0.067978,0.044840,0.661171,0.059961,0.895754,8.0000,0.740277,0.833809
1,398,16,0.074659,0.023000,0.686271,0.098749,1.007998,7.0000,0.786343,0.883265
1,399,16,0.074666,0.022970,0.688439,0.098734,1.001358,5.0000,0.783679,0.885454
1,400,2,0.683125,0.065969,0.296281,0.000000,0.891695,2.0000,0.932333,0.344867
1,401,6,0.113040,0.078994,0.534141,0.092111,0.406535,4.0000,0.796510,0.683756
1,402,9,0.109797,0.100659,0.542501,0.132794,0.645242,9.0000,0.681797,0.688336
1,403,7,0.092630,0.063505,0.571594,0.167795,0.575109,9.0000,0.679433,0.739927
1,404,10,0.077975,0.054930,0.610878,0.071972,0.504093,8.0000,0.838962,0.802812
1,405,14,0.059333,0.060278,0.622547,0.060933,0.521264,7.0000,0.773930,0.825709
1,406,13,0.053596,0.049700,0.638295,0.063056,0.499208,7.0000,0.689450,0.856612
1,407,13,0.051606,0.048778,0.639713,0.062665,0.495570,6.0000,0.735435,0.859394
1,408,14,0.051557,0.047712,0.639848,0.065662,0.547104,3.0000,0.796145,0.859658
1,409,14,0.049106,0.043242,0.646775,0.059657,0.491391,11.0000,0.791540,0.869775
1,410,0,,,,,,0.0000,0.934063,0.000000
1,411,0,,,,,,0.0000,0.984532,0.000000
1,412,0,,,,,,0.0000,0.920392,0.000000
1,413,0,,,,,,0.0000,0.839392,0.000000
1,414,0,,,,,,0.0000,0.874995,0.000000
1,415,0,,,,,,0.0000,0.937894,0.000000
1,416,0,,,,,,0.0000,0.922903,0.000000
1,417,0,,,,,,0.0000,0.883193,0.000000
1,418,0,,,,,,0.0000,0.840966,0.000000
1,419,0,,,,,,0.0000,0.887864,0.000000
1,420,0,,,,,,0.0000,0.908096,0.000000
1,421,0,,,,,,0.0000,0.891873,0.000000
1,422,0,,,,,,0.0000,0.854189,0.000000
1,423,0,,,,,,0.0000,0.869346,0.000000
1,424,0,,,,,,0.0000,0.936834,0.000000
1,425,0,,,,,,0.0000,0.842545,0.000000
1,426,0,,,,,,0.0000,0.812574,0.000000
1,427,0,,,,,,0.0000,0.888028,0.000000
1,428,0,,,,,,0.0000,0.938528,0.000000
1,429,0,,,,,,0.0000,0.885167,0.000000
1,430,0,,,,,,0.0000,0.839483,0.000000
1,431,0,,,,,,0.0000,0.870111,0.000000
1,432,0,,,,,,0.0000,0.904773,0.000000
1,433,0,,,,,,0.0000,0.898117,0.000000
1,434,0,,,,,,0.0000,0.844562,0.000000
1,435,0,,,,,,0.0000,0.823813,0.000000
1,436,0,,,,,,0.0000,0.884894,0.000000
1,437,0,,,,,,0.0000,0.893175,0.000000
1,438,0,,,,,,0.0000,0.879722,0.000000
1,439,0,,,,,,0.0000,0.813829,0.000000
1,440,0,,,,,,0.0000,0.859155,0.000000
1,441,0,,,,,,0.0000,0.925487,0.000000
1,442,0,,,,,,0.0000,0.907420,0.000000
1,443,0,,,,,,0.0000,0.813482,0.000000
1,444,0,,,,,,0.0000,0.832813,0.000000
1,445,0,,,,,,0.0000,0.911509,0.000000
1,446,0,,,,,,0.0000,0.881711,0.000000
1,447,0,,,,,,0.0000,0.874193,0.000000
1,448,0,,,,,,0.0000,0.865162,0.000000
1,449,0,,,,,,0.0000,0.905086,0.000000
1,450,0,,,,,,0.0000,0.941005,0.000000
1,451,0,,,,,,0.0000,0.865469,0.000000
1,452,0,,,,,,0.0000,0.806033,0.000000
1,453,0,,,,,,0.0000,0.860841,0.000000
1,454,0,,,,,,0.0000,0.926134,0.000000
1,455,0,,,,,,0.0000,0.882461,0.000000
1,456,0,,,,,,0.0000,0.827310,0.000000
1,457,0,,,,,,0.0000,0.860861,0.000000
1,458,0,,,,,,0.0000,0.851353,0.000000
1,459,0,,,,,,0.0000,0.874502,0.000000
1,460,0,,,,,,0.0000,0.874681,0.000000
1,461,0,,,,,,0.0000,0.877653,0.000000
1,462,0,,,,,,0.0000,0.871672,0.000000
1,463,0,,,,,,0.0000,0.875140,0.000000
1,464,0,,,,,,0.0000,0.871115,0.000000
1,465,0,,,,,,0.0000,0.884630,0.000000
1,466,0,,,,,,0.0000,0.878797,0.000000
1,467,0,,,,,,0.0000,0.836311,0.000000
1,468,0,,,,,,0.0000,0.871798,0.000000
1,469,0,,,,,,0.0000,0.929739,0.000000
1,470,0,,,,,,0.0000,0.889840,0.000000
1,471,0,,,,,,0.0000,0.853934,0.000000
1,472,0,,,,,,0.0000,0.863401,0.000000
1,473,0,,,,,,0.0000,0.871419,0.000000
1,474,0,,,,,,0.0000,0.865678,0.000000
1,475,0,,,,,,0.0000,0.866912,0.000000
1,476,0,,,,,,0.0000,0.883150,0.000000
1,477,0,,,,,,0.0000,0.883676,0.000000
1,478,0,,,,,,0.0000,0.854420,0.000000
1,479,0,,,,,,0.0000,0.844822,0.000000
1,480,0,,,,,,0.0000,0.877181,0.000000
1,481,0,,,,,,0.0000,0.885033,0.000000
1,482,0,,,,,,0.0000,0.851587,0.000000
1,483,0,,,,,,0.0000,0.850162,0.000000
1,484,0,,,,,,0.0000,0.880491,0.000000
1,485,0,,,,,,0.0000,0.886356,0.000000
1,486,0,,,,,,0.0000,0.882245,0.000000
1,487,0,,,,,,0.0000,0.867272,0.000000
1,488,0,,,,,,0.0000,0.867402,0.000000
1,489,0,,,,,,0.0000,0.850639,0.000000
1,490,0,,,,,,0.0000,0.880763,0.000000
1,491,0,,,,,,0.0000,0.894451,0.000000
1,492,0,,,,,,0.0000,0.845171,0.000000
1,493,0,,,,,,0.0000,0.850139,0.000000
1,494,0,,,,,,0.0000,0.898403,0.000000
1,495,0,,,,,,0.0000,0.871973,0.000000
1,496,0,,,,,,0.0000,0.827201,0.000000
1,497,0,,,,,,0.0000,0.847208,0.000000
1,498,0,,,,,,0.0000,0.901699,0.000000
1,499,0,,,,,,0.0000,0.925984,0.000000
1,500,0,,,,,,0.0000,0.878270,0.000000
1,501,0,,,,,,0.0000,0.842374,0.000000
1,502,0,,,,,,0.0000,0.854024,0.000000
1,503,0,,,,,,0.0000,0.847811,0.000000
1,504,0,,,,,,0.0000,0.864887,0.000000
1,505,0,,,,,,0.0000,0.899966,0.000000
1,506,0,,,,,,0.0000,0.898104,0.000000
1,507,0,,,,,,0.0000,0.869899,0.000000
1,508,0,,,,,,0.0000,0.856554,0.000000
1,509,0,,,,,,0.0000,0.830689,0.000000
1,510,0,,,,,,0.0000,0.866842,0.000000
1,511,0,,,,,,0.0000,0.902799,0.000000
1,512,0,,,,,,0.0000,0.890927,0.000000
1,513,0,,,,,,0.0000,0.895609,0.000000
1,514,0,,,,,,0.0000,0.856536,0.000000
1,515,0,,,,,,0.0000,0.874814,0.000000
1,516,0,,,,,,0.0000,0.924750,0.000000
1,517,0,,,,,,0.0000,0.923072,0.000000
1,518,0,,,,,,0.0000,0.853281,0.000000
1,519,0,,,,,,0.0000,0.840022,0.000000
1,520,0,,,,,,0.0000,0.890332,0.000000
1,521,0,,,,,,0.0000,0.878461,0.000000
1,522,0,,,,,,0.0000,0.903063,0.000000
1,523,0,,,,,,0.0000,0.829122,0.000000
1,524,0,,,,,,0.0000,0.823015,0.000000
1,525,0,,,,,,0.0000,0.867664,0.000000
1,526,0,,,,,,0.0000,0.936424,0.000000
1,527,0,,,,,,0.0000,0.883843,0.000000
1,528,0,,,,,,0.0000,0.827894,0.000000
1,529,0,,,,,,0.0000,0.863861,0.000000
1,530,0,,,,,,0.0000,0.887946,0.000000
1,531,0,,,,,,0.0000,0.864140,0.000000
1,532,0,,,,,,0.0000,0.859887,0.000000
1,533,0,,,,,,0.0000,0.851389,0.000000
1,534,0,,,,,,0.0000,0.909910,0.000000
1,535,0,,,,,,0.0000,0.929890,0.000000
1,536,0,,,,,,0.0000,0.915410,0.000000
1,537,0,,,,,,0.0000,0.843344,0.000000
1,538,0,,,,,,0.0000,0.844723,0.000000
1,539,0,,,,,,0.0000,0.906283,0.000000
1,540,0,,,,,,0.0000,0.932830,0.000000
1,541,0,,,,,,0.0000,0.849456,0.000000
1,542,0,,,,,,0.0000,0.836403,0.000000
1,543,0,,,,,,0.0000,0.888810,0.000000
1,544,0,,,,,,0.0000,0.890741,0.000000
1,545,0,,,,,,0.0000,0.855414,0.000000
1,546,0,,,,,,0.0000,0.874663,0.000000
1,547,0,,,,,,0.0000,0.884261,0.000000
1,548,0,,,,,,0.0000,0.856523,0.000000
1,549,0,,,,,,0.0000,0.873229,0.000000
1,550,0,,,,,,0.0000,0.897225,0.000000
1,551,0,,,,,,0.0000,0.892060,0.000000
1,552,0,,,,,,0.0000,0.823500,0.000000
1,553,0,,,,,,0.0000,0.814654,0.000000
1,554,0,,,,,,0.0000,0.885587,0.000000
1,555,0,,,,,,0.0000,0.911588,0.000000
1,556,0,,,,,,0.0000,0.867839,0.000000
1,557,0,,,,,,0.0000,0.877296,0.000000
1,558,0,,,,,,0.0000,0.888590,0.000000
1,559,0,,,,,,0.0000,0.863824,0.000000
1,560,0,,,,,,0.0000,0.881038,0.000000
1,561,0,,,,,,0.0000,0.941790,0.000000
1,562,0,,,,,,0.0000,0.906577,0.000000
1,563,0,,,,,,0.0000,0.797741,0.000000
1,564,0,,,,,,0.0000,0.837935,0.000000
1,565,0,,,,,,0.0000,0.914721,0.000000
1,566,0,,,,,,0.0000,0.945753,0.000000
1,567,0,,,,,,0.0000,0.855611,0.000000
1,568,0,,,,,,0.0000,0.814191,0.000000
1,569,0,,,,,,0.0000,0.878456,0.000000
1,570,0,,,,,,0.0000,0.931499,0.000000
1,571,0,,,,,,0.0000,0.886837,0.000000
1,572,0,,,,,,0.0000,0.864471,0.000000
1,573,0,,,,,,0.0000,0.883214,0.000000
1,574,0,,,,,,0.0000,0.890277,0.000000
1,575,0,,,,,,0.0000,0.880287,0.000000
1,576,0,,,,,,0.0000,0.826250,0.000000
1,577,0,,,,,,0.0000,0.862987,0.000000
1,578,0,,,,,,0.0000,0.909372,0.000000
1,579,0,,,,,,0.0000,0.926514,0.000000
1,580,0,,,,,,0.0000,0.864772,0.000000
1,581,0,,,,,,0.0000,0.830138,0.000000
1,582,0,,,,,,0.0000,0.857096,0.000000
1,583,0,,,,,,0.0000,0.873010,0.000000
1,584,0,,,,,,0.0000,0.864577,0.000000
1,585,0,,,,,,0.0000,0.868273,0.000000
1,586,0,,,,,,0.0000,0.899093,0.000000
1,587,0,,,,,,0.0000,0.867377,0.000000
1,588,0,,,,,,0.0000,0.872798,0.000000
1,589,0,,,,,,0.0000,0.889895,0.000000
1,590,0,,,,,,0.0000,0.881721,0.000000
1,591,0,,,,,,0.0000,0.886586,0.000000
1,592,0,,,,,,0.0000,0.864697,0.000000
1,593,0,,,,,,0.0000,0.876344,0.000000
1,594,0,,,,,,0.0000,0.873866,0.000000
1,595,0,,,,,,0.0000,0.852278,0.000000
1,596,0,,,,,,0.0000,0.905994,0.000000
1,597,0,,,,,,0.0000,0.890769,0.000000
1,598,0,,,,,,0.0000,0.874625,0.000000
1,599,0,,,,,,0.0000,0.870351,0.000000
1,600,0,,,,,,0.0000,0.879871,0.000000
1,601,0,,,,,,0.0000,0.866415,0.000000
1,602,0,,,,,,0.0000,0.833158,0.000000
1,603,0,,,,,,0.0000,0.838958,0.000000
1,604,0,,,,,,0.0000,0.929875,0.000000
1,605,0,,,,,,0.0000,0.901897,0.000000
1,606,0,,,,,,0.0000,0.854534,0.000000
1,607,0,,,,,,0.0000,0.846969,0.000000
1,608,0,,,,,,0.0000,0.874710,0.000000
1,609,0,,,,,,0.0000,0.915612,0.000000
1,610,0,,,,,,0.0000,0.869992,0.000000
1,611,0,,,,,,0.0000,0.855313,0.000000
1,612,0,,,,,,0.0000,0.864628,0.000000
1,613,0,,,,,,0.0000,0.867725,0.000000
1,614,0,,,,,,0.0000,0.895524,0.000000
1,615,0,,,,,,0.0000,0.860418,0.000000
1,616,0,,,,,,0.0000,0.887429,0.000000
1,617,0,,,,,,0.0000,0.881281,0.000000
1,618,0,,,,,,0.0000,0.880427,0.000000
1,619,0,,,,,,0.0000,0.848617,0.000000
1,620,0,,,,,,0.0000,0.851205,0.000000
1,621,0,,,,,,0.0000,0.887939,0.000000
1,622,0,,,,,,0.0000,0.878375,0.000000
1,623,0,,,,,,0.0000,0.908255,0.000000
1,624,0,,,,,,0.0000,0.876903,0.000000
1,625,0,,,,,,0.0000,0.861432,0.000000
1,626,0,,,,,,0.0000,0.867587,0.000000
1,627,0,,,,,,0.0000,0.884304,0.000000
1,628,0,,,,,,0.0000,0.852063,0.000000
1,629,0,,,,,,0.0000,0.846213,0.000000
1,630,0,,,,,,0.0000,0.862385,0.000000
1,631,0,,,,,,0.0000,0.868288,0.000000
1,632,0,,,,,,0.0000,0.902595,0.000000
1,633,0,,,,,,0.0000,0.904612,0.000000
1,634,0,,,,,,0.0000,0.876445,0.000000
1,635,0,,,,,,0.0000,0.880266,0.000000
1,636,0,,,,,,0.0000,0.863445,0.000000
1,637,0,,,,,,0.0000,0.900159,0.000000
1,638,0,,,,,,0.0000,0.876469,0.000000
1,639,0,,,,,,0.0000,0.843991,0.000000
1,640,1,0.857040,0.002740,0.286904,0.000000,1.000000,1.0000,0.836670,0.205598
1,641,8,0.125039,0.093551,0.641428,0.288636,0.770834,15.0000,0.636684,0.638491
1,642,10,0.106162,0.085579,0.691137,0.128699,0.575103,23.0000,0.656331,0.735047
1,643,14,0.085759,0.069731,0.718855,0.038572,0.552914,12.0000,0.705328,0.785982
1,644,15,0.078103,0.068202,0.731764,0.034313,0.486592,9.0000,0.800983,0.802279
1,645,17,0.074518,0.067738,0.735651,0.030623,0.526232,9.0000,0.761583,0.809829
1,646,15,0.074278,0.061510,0.741419,0.034832,0.555534,10.0000,0.764490,0.821032
1,647,13,0.074862,0.042767,0.763127,0.032085,0.742357,12.0000,0.754980,0.863197
1,648,13,0.073146,0.036248,0.768449,0.085576,0.792439,14.0000,0.716460,0.873536
1,649,13,0.071254,0.031698,0.771048,0.087342,0.801193,12.0000,0.759885,0.878583
1,650,2,0.385605,0.019744,0.520199,0.000000,0.021706,4.0000,0.955158,0.343272
1,651,4,0.303275,0.024521,0.647646,0.781724,1.010416,9.0000,0.824113,0.594003
1,652,5,0.158121,0.022887,0.695321,0.406970,0.703769,5.0000,0.725932,0.688783
1,653,7,0.146650,0.053554,0.715498,0.205327,0.705702,11.0000,0.728220,0.728895
1,654,8,0.112075,0.061453,0.725250,0.144609,0.579267,9.0000,0.775066,0.748283
1,655,11,0.081970,0.064369,0.739915,0.083244,0.583350,10.0000,0.844838,0.777436
1,656,11,0.081970,0.064369,0.739915,0.083244,0.583350,5.0000,0.797266,0.777436
1,657,11,0.076349,0.050578,0.754092,0.076213,0.732356,8.0000,0.736967,0.805621
1,658,12,0.055900,0.038580,0.777661,0.097400,0.749875,10.0000,0.670609,0.852476
1,659,13,0.052428,0.035626,0.793924,0.073692,0.708082,11.0000,0.660752,0.884808
1,660,3,0.316483,0.038595,0.594017,0.920982,0.785879,4.0000,0.938622,0.438614
1,661,4,0.251167,0.047620,0.644148,0.052827,0.828598,7.0000,0.828239,0.540681
1,662,8,0.136743,0.076352,0.704480,0.071117,0.600030,14.0000,0.700029,0.663520
1,663,8,0.103220,0.070302,0.746105,0.089452,0.389422,11.0000,0.741367,0.748269
1,664,9,0.097133,0.072889,0.753373,0.091984,0.428318,11.0000,0.816534,0.763067
1,665,11,0.092886,0.069450,0.754797,0.052677,0.513028,8.0000,0.813315,0.765966
1,666,13,0.090544,0.072578,0.758081,0.049903,0.440117,7.0000,0.791501,0.772652
1,667,11,0.086465,0.057842,0.763408,0.064781,0.600577,11.0000,0.726253,0.783499
1,668,13,0.083417,0.056134,0.777418,0.046633,0.649754,14.0000,0.730246,0.812023
1,669,13,0.083416,0.056132,0.777478,0.046623,0.649783,16.0000,0.819559,0.812145
1,670,2,0.291121,0.121823,0.522398,0.000000,0.209970,4.0000,0.912717,0.371559
1,671,5,0.229493,0.095771,0.625354,0.567440,0.915303,6.0000,0.774890,0.501661
1,672,5,0.151188,0.019907,0.730758,0.370415,0.680784,14.0000,0.654634,0.691423
1,673,8,0.108509,0.035373,0.793154,0.105155,0.541984,14.0000,0.675207,0.819272
1,674,10,0.101794,0.029345,0.800157,0.094953,0.724123,9.0000,0.851871,0.833622
1,675,11,0.045854,0.028482,0.824781,0.094482,0.593690,13.0000,0.816828,0.884076
1,676,11,0.038792,0.019024,0.831936,0.094328,0.656761,13.0000,0.750999,0.898736
1,677,11,0.038792,0.019024,0.831936,0.094328,0.656761,13.0000,0.714461,0.898736
1,678,12,0.038197,0.023086,0.832714,0.078539,0.590341,11.0000,0.748860,0.900330
1,679,12,0.038197,0.023086,0.832714,0.078539,0.590341,11.0000,0.768414,0.900330
1,680,3,0.317276,0.045320,0.574214,0.963903,0.831958,4.0000,0.958482,0.344188
1,681,4,0.298148,0.022658,0.631914,0.002408,1.086674,10.0000,0.827770,0.463627
1,682,9,0.145563,0.021354,0.787950,0.049248,0.940057,13.0000,0.672474,0.786625
1,683,11,0.141426,0.022403,0.794832,0.041423,1.004193,15.0000,0.680002,0.800871
1,684,13,0.083406,0.045549,0.807919,0.097877,0.769460,14.0000,0.803131,0.827961
1,685,13,0.078777,0.033283,0.827402,0.092460,0.874114,17.0000,0.822895,0.868291
1,686,14,0.059756,0.020961,0.848611,0.110180,0.912045,15.0000,0.773267,0.912194
1,687,15,0.059752,0.020488,0.848750,0.108422,0.944428,13.0000,0.708365,0.912482
1,688,16,0.059411,0.018121,0.849713,0.107209,0.984418,16.0000,0.695247,0.914477
1,689,18,0.059389,0.017646,0.853323,0.101939,1.006356,10.0000,0.802014,0.921949
1,690,1,0.825968,0.004238,0.339362,0.000000,1.000000,4.0000,1.008373,0.200054
1,691,4,0.177944,0.066754,0.700565,0.313717,0.423921,7.0000,0.815690,0.585729
1,692,8,0.115047,0.068714,0.806443,0.114674,0.580557,12.0000,0.595457,0.808735
1,693,8,0.115028,0.068461,0.806800,0.115447,0.581269,11.0000,0.740460,0.809486
1,694,10,0.114946,0.068684,0.810548,0.117087,0.716000,10.0000,0.794074,0.817380
1,695,11,0.110270,0.065528,0.816525,0.080281,0.738384,14.0000,0.822014,0.829969
1,696,11,0.109503,0.060765,0.818681,0.085219,0.771244,12.0000,0.688776,0.834511
1,697,10,0.078457,0.023261,0.836640,0.106308,0.782776,16.0000,0.713226,0.872337
1,698,10,0.078457,0.023261,0.836640,0.106308,0.782776,6.0000,0.800987,0.872337
1,699,10,0.078196,0.022117,0.837258,0.103856,0.792800,9.0000,0.757738,0.873639
1,700,2,0.353425,0.027904,0.564000,0.000000,0.035137,3.0000,0.909671,0.296407
1,701,4,0.187985,0.103728,0.643263,0.065352,0.467975,5.0000,0.823792,0.462412
1,702,10,0.067092,0.043106,0.817074,0.128077,0.615003,20.0000,0.684272,0.826435
1,703,11,0.052141,0.036188,0.832840,0.113663,0.690495,21.0000,0.638746,0.859455
1,704,11,0.052141,0.036188,0.832840,0.113663,0.690495,15.0000,0.767136,0.859455
1,705,13,0.044268,0.036527,0.834961,0.075491,0.618589,14.0000,0.850303,0.863897
1,706,13,0.044268,0.036527,0.834961,0.075491,0.618589,6.0000,0.807060,0.863897
1,707,13,0.044268,0.036527,0.834961,0.075491,0.618589,10.0000,0.707967,0.863897
1,708,15,0.031556,0.022622,0.864760,0.053209,0.715651,16.0000,0.714994,0.926305
1,709,15,0.031556,0.022622,0.864760,0.053209,0.715651,15.0000,0.800839,0.926305
1,710,3,0.343116,0.023991,0.594684,1.051275,0.936348,5.0000,1.011257,0.362718
1,711,6,0.182430,0.105341,0.652638,0.233512,0.874189,7.0000,0.819990,0.484784
1,712,9,0.171405,0.107987,0.697839,0.052215,0.885495,13.0000,0.701677,0.579987
1,713,10,0.105319,0.034342,0.826616,0.102567,0.814290,12.0000,0.728123,0.851223
1,714,11,0.105151,0.032617,0.830709,0.107121,0.865040,15.0000,0.862217,0.859844
1,715,11,0.077483,0.028381,0.841209,0.059235,0.735004,19.0000,0.741389,0.881960
1,716,12,0.077278,0.027682,0.842145,0.047745,0.731578,13.0000,0.658566,0.883932
1,717,13,0.077278,0.029335,0.842190,0.041139,0.739045,16.0000,0.712507,0.884027
1,718,15,0.042660,0.027162,0.861431,0.039971,0.712801,14.0000,0.797867,0.924553
1,719,16,0.040200,0.031253,0.861480,0.036870,0.660893,21.0000,0.750514,0.924657
1,720,2,0.352364,0.002584,0.596119,0.000000,0.003173,7.0000,0.910925,0.389531
1,721,6,0.137428,0.096942,0.711827,0.208178,0.382238,8.0000,0.735252,0.629049
1,722,8,0.117389,0.066500,0.739097,0.179167,0.657568,11.0000,0.667789,0.685499
1,723,12,0.086055,0.059398,0.776285,0.105358,0.536169,15.0000,0.751413,0.762479
1,724,14,0.068017,0.062535,0.801503,0.060305,0.545266,11.0000,0.791714,0.814681
1,725,16,0.065497,0.058720,0.802387,0.043436,0.625581,11.0000,0.785551,0.816509
1,726,15,0.067491,0.060564,0.802512,0.060309,0.590411,12.0000,0.752452,0.816769
1,727,13,0.051586,0.047939,0.820245,0.065395,0.637068,11.0000,0.744023,0.853477
1,728,12,0.046244,0.039355,0.824641,0.053650,0.637414,12.0000,0.774014,0.862576
1,729,13,0.045451,0.037829,0.825781,0.052874,0.697499,15.0000,0.776945,0.864935
1,730,2,0.701374,0.074091,0.361018,0.000000,0.854428,4.0000,0.970383,0.260368
1,731,7,0.105614,0.083547,0.710970,0.194122,0.699989,11.0000,0.864373,0.675106
1,732,9,0.094757,0.076339,0.754432,0.088246,0.636929,13.0000,0.701362,0.754051
1,733,12,0.085024,0.050307,0.800740,0.033030,0.627988,17.0000,0.707679,0.834816
1,734,12,0.084912,0.048826,0.801796,0.041999,0.630757,13.0000,0.779709,0.836979
1,735,13,0.067535,0.051126,0.804510,0.045554,0.504972,9.0000,0.875869,0.842540
1,736,14,0.065397,0.054563,0.807159,0.043519,0.528333,10.0000,0.830057,0.847968
1,737,15,0.063580,0.053499,0.808974,0.045067,0.554042,11.0000,0.679637,0.851686
1,738,15,0.062645,0.052479,0.809625,0.042296,0.561470,9.0000,0.718129,0.853020
1,739,16,0.060595,0.055560,0.810305,0.037571,0.522134,9.0000,0.755357,0.854414
1,740,1,0.785426,0.006444,0.328092,0.000000,1.000000,2.0000,0.997374,0.238008
1,741,6,0.105904,0.057770,0.725130,0.240426,0.511996,6.0000,0.790437,0.724128
1,742,10,0.087034,0.044865,0.787674,0.131931,0.797110,14.0000,0.576853,0.835782
1,743,13,0.086031,0.039559,0.790735,0.126832,0.955221,4.0000,0.747520,0.842014
1,744,14,0.086010,0.037799,0.792916,0.125184,0.991546,10.0000,0.912008,0.843577
1,745,15,0.081117,0.039781,0.794883,0.100100,0.900316,8.0000,0.882629,0.847581
1,746,15,0.081061,0.039260,0.795354,0.101212,0.907057,10.0000,0.689966,0.848542
1,747,15,0.081061,0.039005,0.795421,0.102219,0.914392,8.0000,0.653553,0.848677
1,748,16,0.085612,0.034717,0.801722,0.121130,1.008461,13.0000,0.755672,0.861507
1,749,15,0.085636,0.035652,0.802234,0.122806,0.985355,8.0000,0.841150,0.862549
1,750,2,0.361430,0.031215,0.514284,0.000000,0.053981,3.0000,0.965195,0.351188
1,751,6,0.127401,0.076460,0.654169,0.192464,0.531354,6.0000,0.731600,0.629282
1,752,11,0.076282,0.055669,0.736356,0.113499,0.590961,17.0000,0.629784,0.770360
1,753,13,0.065968,0.044807,0.762938,0.087142,0.669937,20.0000,0.699207,0.823207
1,754,13,0.065968,0.044807,0.762938,0.087142,0.669937,10.0000,0.796188,0.823207
1,755,15,0.062305,0.044560,0.773033,0.064044,0.613441,7.0000,0.836722,0.843276
1,756,16,0.060831,0.044157,0.773537,0.063678,0.594906,6.0000,0.727037,0.844277
1,757,18,0.060801,0.046339,0.776079,0.064487,0.642406,8.0000,0.741791,0.849330
1,758,20,0.059309,0.041923,0.779290,0.059051,0.676305,13.0000,0.778949,0.855714
1,759,19,0.057542,0.040582,0.781746,0.059729,0.636892,13.0000,0.762247,0.860598
1,760,1,0.810104,0.021322,0.282543,0.000000,1.000000,1.0000,0.919788,0.209175
1,761,5,0.175711,0.108618,0.582809,0.442429,0.831657,6.0000,0.765103,0.580845
1,762,9,0.078287,0.056073,0.696237,0.118970,0.469822,13.0000,0.717841,0.770607
1,763,11,0.073404,0.060887,0.712742,0.098319,0.664035,11.0000,0.676840,0.802667
1,764,13,0.071422,0.057120,0.722334,0.087198,0.744294,9.0000,0.862598,0.812014
1,765,13,0.071422,0.057120,0.722334,0.087198,0.744294,3.0000,0.803757,0.812014
1,766,15,0.062229,0.053473,0.724729,0.084582,0.670457,9.0000,0.690448,0.816666
1,767,17,0.061851,0.053029,0.732534,0.025230,0.693749,10.0000,0.734335,0.823447
1,768,18,0.060979,0.051545,0.734431,0.024760,0.720882,13.0000,0.756495,0.827133
1,769,19,0.058377,0.052302,0.736930,0.024381,0.730177,9.0000,0.751093,0.831986
1,770,0,,,,,,0.0000,0.906646,0.000000
1,771,0,,,,,,0.0000,0.985802,0.000000
1,772,0,,,,,,0.0000,0.931194,0.000000
1,773,0,,,,,,0.0000,0.868849,0.000000
1,774,0,,,,,,0.0000,0.889541,0.000000
1,775,0,,,,,,0.0000,0.910558,0.000000
1,776,0,,,,,,0.0000,0.921732,0.000000
1,777,0,,,,,,0.0000,0.860121,0.000000
1,778,0,,,,,,0.0000,0.843535,0.000000
1,779,0,,,,,,0.0000,0.858752,0.000000
1,780,0,,,,,,0.0000,0.893725,0.000000
1,781,0,,,,,,0.0000,0.866890,0.000000
1,782,0,,,,,,0.0000,0.848677,0.000000
1,783,0,,,,,,0.0000,0.900552,0.000000
1,784,0,,,,,,0.0000,0.908496,0.000000
1,785,0,,,,,,0.0000,0.862824,0.000000
1,786,0,,,,,,0.0000,0.826113,0.000000
1,787,0,,,,,,0.0000,0.818575,0.000000
1,788,0,,,,,,0.0000,0.873632,0.000000
1,789,0,,,,,,0.0000,0.909356,0.000000
1,790,0,,,,,,0.0000,0.868022,0.000000
1,791,0,,,,,,0.0000,0.854533,0.000000
1,792,0,,,,,,0.0000,0.878794,0.000000
1,793,0,,,,,,0.0000,0.915849,0.000000
1,794,0,,,,,,0.0000,0.886348,0.000000
1,795,0,,,,,,0.0000,0.844824,0.000000
1,796,0,,,,,,0.0000,0.813380,0.000000
1,797,0,,,,,,0.0000,0.867986,0.000000
1,798,0,,,,,,0.0000,0.899204,0.000000
1,799,0,,,,,,0.0000,0.889464,0.000000
1,800,0,,,,,,0.0000,0.874919,0.000000
1,801,0,,,,,,0.0000,0.853469,0.000000
1,802,0,,,,,,0.0000,0.890345,0.000000
1,803,0,,,,,,0.0000,0.910851,0.000000
1,804,0,,,,,,0.0000,0.896715,0.000000
1,805,0,,,,,,0.0000,0.857834,0.000000
1,806,0,,,,,,0.0000,0.845003,0.000000
1,807,0,,,,,,0.0000,0.865230,0.000000
1,808,0,,,,,,0.0000,0.926107,0.000000
1,809,0,,,,,,0.0000,0.881120,0.000000
1,810,0,,,,,,0.0000,0.835598,0.000000
1,811,0,,,,,,0.0000,0.850848,0.000000
1,812,0,,,,,,0.0000,0.903585,0.000000
1,813,0,,,,,,0.0000,0.904082,0.000000
1,814,0,,,,,,0.0000,0.881765,0.000000
1,815,0,,,,,,0.0000,0.844894,0.000000
1,816,0,,,,,,0.0000,0.866850,0.000000
1,817,0,,,,,,0.0000,0.896190,0.000000
1,818,0,,,,,,0.0000,0.930701,0.000000
1,819,0,,,,,,0.0000,0.895175,0.000000
1,820,0,,,,,,0.0000,0.821814,0.000000
1,821,0,,,,,,0.0000,0.843429,0.000000
1,822,0,,,,,,0.0000,0.916726,0.000000
1,823,0,,,,,,0.0000,0.878555,0.000000
1,824,0,,,,,,0.0000,0.826673,0.000000
1,825,0,,,,,,0.0000,0.902509,0.000000
1,826,0,,,,,,0.0000,0.922598,0.000000
1,827,0,,,,,,0.0000,0.878367,0.000000
1,828,0,,,,,,0.0000,0.826746,0.000000
1,829,0,,,,,,0.0000,0.879300,0.000000
1,830,0,,,,,,0.0000,0.893103,0.000000
1,831,0,,,,,,0.0000,0.863674,0.000000
1,832,0,,,,,,0.0000,0.857272,0.000000
1,833,0,,,,,,0.0000,0.893750,0.000000
1,834,0,,,,,,0.0000,0.900803,0.000000
1,835,0,,,,,,0.0000,0.830898,0.000000
1,836,0,,,,,,0.0000,0.865166,0.000000
1,837,0,,,,,,0.0000,0.899471,0.000000
1,838,0,,,,,,0.0000,0.865668,0.000000
1,839,0,,,,,,0.0000,0.890051,0.000000
1,840,0,,,,,,0.0000,0.846261,0.000000
1,841,0,,,,,,0.0000,0.831054,0.000000
1,842,0,,,,,,0.0000,0.856795,0.000000
1,843,0,,,,,,0.0000,0.865576,0.000000
1,844,0,,,,,,0.0000,0.890561,0.000000
1,845,0,,,,,,0.0000,0.862269,0.000000
1,846,0,,,,,,0.0000,0.882372,0.000000
1,847,0,,,,,,0.0000,0.875692,0.000000
1,848,0,,,,,,0.0000,0.871294,0.000000
1,849,0,,,,,,0.0000,0.884056,0.000000
1,850,0,,,,,,0.0000,0.864596,0.000000
1,851,0,,,,,,0.0000,0.858194,0.000000
1,852,0,,,,,,0.0000,0.870633,0.000000
1,853,0,,,,,,0.0000,0.898931,0.000000
1,854,0,,,,,,0.0000,0.872035,0.000000
1,855,0,,,,,,0.0000,0.860407,0.000000
1,856,0,,,,,,0.0000,0.885493,0.000000
1,857,0,,,,,,0.0000,0.892771,0.000000
1,858,0,,,,,,0.0000,0.863108,0.000000
1,859,0,,,,,,0.0000,0.856385,0.000000
1,860,0,,,,,,0.0000,0.888933,0.000000
1,861,0,,,,,,0.0000,0.895851,0.000000
1,862,0,,,,,,0.0000,0.874013,0.000000
1,863,0,,,,,,0.0000,0.843324,0.000000
1,864,0,,,,,,0.0000,0.867880,0.000000
1,865,0,,,,,,0.0000,0.889714,0.000000
1,866,0,,,,,,0.0000,0.901179,0.000000
1,867,0,,,,,,0.0000,0.858047,0.000000
1,868,0,,,,,,0.0000,0.869373,0.000000
1,869,0,,,,,,0.0000,0.853721,0.000000
1,870,0,,,,,,0.0000,0.900699,0.000000
1,871,0,,,,,,0.0000,0.872616,0.000000
1,872,0,,,,,,0.0000,0.853931,0.000000
1,873,0,,,,,,0.0000,0.866850,0.000000
1,874,0,,,,,,0.0000,0.870478,0.000000
1,875,0,,,,,,0.0000,0.898305,0.000000
1,876,0,,,,,,0.0000,0.859922,0.000000
1,877,0,,,,,,0.0000,0.848844,0.000000
1,878,0,,,,,,0.0000,0.871705,0.000000
1,879,0,,,,,,0.0000,0.898007,0.000000
1,880,0,,,,,,0.0000,0.921377,0.000000
1,881,0,,,,,,0.0000,0.858618,0.000000
1,882,0,,,,,,0.0000,0.866485,0.000000
1,883,0,,,,,,0.0000,0.864970,0.000000
1,884,0,,,,,,0.0000,0.887222,0.000000
1,885,0,,,,,,0.0000,0.861890,0.000000
1,886,0,,,,,,0.0000,0.853796,0.000000
1,887,0,,,,,,0.0000,0.878599,0.000000
1,888,0,,,,,,0.0000,0.890323,0.000000
1,889,0,,,,,,0.0000,0.862876,0.000000
1,890,0,,,,,,0.0000,0.845022,0.000000
1,891,0,,,,,,0.0000,0.865808,0.000000
1,892,0,,,,,,0.0000,0.918290,0.000000
1,893,0,,,,,,0.0000,0.850485,0.000000
1,894,0,,,,,,0.0000,0.848677,0.000000
1,895,0,,,,,,0.0000,0.872403,0.000000
1,896,0,,,,,,0.0000,0.891856,0.000000
1,897,0,,,,,,0.0000,0.889587,0.000000
1,898,0,,,,,,0.0000,0.865304,0.000000
1,899,0,,,,,,0.0000,0.861541,0.000000
1,900,0,,,,,,0.0000,0.903582,0.000000
1,901,0,,,,,,0.0000,0.871941,0.000000
1,902,0,,,,,,0.0000,0.842417,0.000000
1,903,0,,,,,,0.0000,0.912636,0.000000
1,904,0,,,,,,0.0000,0.889288,0.000000
1,905,0,,,,,,0.0000,0.861382,0.000000
1,906,0,,,,,,0.0000,0.834003,0.000000
1,907,0,,,,,,0.0000,0.892310,0.000000
1,908,0,,,,,,0.0000,0.887120,0.000000
1,909,0,,,,,,0.0000,0.876332,0.000000
1,910,0,,,,,,0.0000,0.883482,0.000000
1,911,0,,,,,,0.0000,0.830388,0.000000
1,912,0,,,,,,0.0000,0.847265,0.000000
1,913,0,,,,,,0.0000,0.899314,0.000000
1,914,0,,,,,,0.0000,0.881528,0.000000
1,915,0,,,,,,0.0000,0.874721,0.000000
1,916,0,,,,,,0.0000,0.864038,0.000000
1,917,0,,,,,,0.0000,0.857835,0.000000
1,918,0,,,,,,0.0000,0.835865,0.000000
1,919,0,,,,,,0.0000,0.874057,0.000000
1,920,0,,,,,,0.0000,0.887620,0.000000
1,921,0,,,,,,0.0000,0.885292,0.000000
1,922,0,,,,,,0.0000,0.896934,0.000000
1,923,0,,,,,,0.0000,0.876445,0.000000
1,924,0,,,,,,0.0000,0.850299,0.000000
1,925,0,,,,,,0.0000,0.892064,0.000000
1,926,0,,,,,,0.0000,0.898864,0.000000
1,927,0,,,,,,0.0000,0.884644,0.000000
1,928,0,,,,,,0.0000,0.861259,0.000000
1,929,0,,,,,,0.0000,0.897920,0.000000
1,930,0,,,,,,0.0000,0.853166,0.000000
1,931,0,,,,,,0.0000,0.878498,0.000000
1,932,0,,,,,,0.0000,0.883970,0.000000
1,933,0,,,,,,0.0000,0.895294,0.000000
1,934,0,,,,,,0.0000,0.895813,0.000000
1,935,0,,,,,,0.0000,0.879364,0.000000
1,936,0,,,,,,0.0000,0.870742,0.000000
1,937,0,,,,,,0.0000,0.863274,0.000000
1,938,0,,,,,,0.0000,0.846989,0.000000
1,939,0,,,,,,0.0000,0.862290,0.000000
1,940,0,,,,,,0.0000,0.856342,0.000000
1,941,0,,,,,,0.0000,0.882143,0.000000
1,942,0,,,,,,0.0000,0.877928,0.000000
1,943,0,,,,,,0.0000,0.880014,0.000000
1,944,0,,,,,,0.0000,0.853863,0.000000
1,945,0,,,,,,0.0000,0.867400,0.000000
1,946,0,,,,,,0.0000,0.877107,0.000000
1,947,0,,,,,,0.0000,0.881920,0.000000
1,948,0,,,,,,0.0000,0.858798,0.000000
1,949,0,,,,,,0.0000,0.854080,0.000000
1,950,0,,,,,,0.0000,0.887802,0.000000
1,951,0,,,,,,0.0000,0.839137,0.000000
1,952,0,,,,,,0.0000,0.854273,0.000000
1,953,0,,,,,,0.0000,0.879765,0.000000
1,954,0,,,,,,0.0000,0.896271,0.000000
1,955,0,,,,,,0.0000,0.875194,0.000000
1,956,0,,,,,,0.0000,0.856536,0.000000
1,957,0,,,,,,0.0000,0.847658,0.000000
1,958,0,,,,,,0.0000,0.906698,0.000000
1,959,0,,,,,,0.0000,0.895989,0.000000
1,960,0,,,,,,0.0000,0.852772,0.000000
1,961,0,,,,,,0.0000,0.851245,0.000000
1,962,0,,,,,,0.0000,0.864645,0.000000
1,963,0,,,,,,0.0000,0.891646,0.000000
1,964,0,,,,,,0.0000,0.857771,0.000000
1,965,0,,,,,,0.0000,0.874458,0.000000
1,966,0,,,,,,0.0000,0.879876,0.000000
1,967,0,,,,,,0.0000,0.878262,0.000000
1,968,0,,,,,,0.0000,0.842464,0.000000
1,969,0,,,,,,0.0000,0.901437,0.000000
1,970,0,,,,,,0.0000,0.864103,0.000000
1,971,0,,,,,,0.0000,0.844293,0.000000
1,972,0,,,,,,0.0000,0.862805,0.000000
1,973,0,,,,,,0.0000,0.908838,0.000000
1,974,0,,,,,,0.0000,0.878061,0.000000
1,975,0,,,,,,0.0000,0.804685,0.000000
1,976,0,,,,,,0.0000,0.836032,0.000000
1,977,0,,,,,,0.0000,0.914140,0.000000
1,978,0,,,,,,0.0000,0.896400,0.000000
1,979,0,,,,,,0.0000,0.817062,0.000000
1,980,0,,,,,,0.0000,0.874871,0.000000
1,981,0,,,,,,0.0000,0.916400,0.000000
1,982,0,,,,,,0.0000,0.879622,0.000000
1,983,0,,,,,,0.0000,0.856666,0.000000
1,984,0,,,,,,0.0000,0.863307,0.000000
1,985,0,,,,,,0.0000,0.893370,0.000000
1,986,0,,,,,,0.0000,0.853468,0.000000
1,987,0,,,,,,0.0000,0.848906,0.000000
1,988,0,,,,,,0.0000,0.901510,0.000000
1,989,0,,,,,,0.0000,0.903903,0.000000
1,990,0,,,,,,0.0000,0.881758,0.000000
1,991,0,,,,,,0.0000,0.869045,0.000000
1,992,0,,,,,,0.0000,0.882956,0.000000
1,993,0,,,,,,0.0000,0.898032,0.000000
1,994,0,,,,,,0.0000,0.884724,0.000000
1,995,0,,,,,,0.0000,0.849158,0.000000
1,996,0,,,,,,0.0000,0.872767,0.000000
1,997,0,,,,,,0.0000,0.865329,0.000000
1,998,0,,,,,,0.0000,0.904177,0.000000
1,999,0,,,,,,0.0000,0.911369,0.000000
1,1000,0,,,,,,0.0000,0.877453,0.000000
2,1,9,0.119793,0.111692,0.584672,0.091426,0.560860,25.0000,0.718233,0.725142
2,2,10,0.099814,0.089783,0.605028,0.068052,0.580304,7.0000,0.867588,0.745390
2,3,8,0.082045,0.071830,0.653175,0.108113,0.499763,3.0000,1.057721,0.796398
2,4,8,0.082045,0.071830,0.653175,0.108113,0.499763,5.0000,1.000953,0.796398
2,5,9,0.078229,0.068991,0.658693,0.104315,0.507520,7.0000,0.887010,0.804548
2,6,10,0.070679,0.057033,0.683838,0.042445,0.546360,9.0000,0.815586,0.853888
2,7,11,0.057248,0.053713,0.692519,0.044807,0.452195,11.0000,0.934807,0.868710
2,8,12,0.051337,0.051385,0.695947,0.043905,0.387766,4.0000,1.020468,0.874625
2,9,13,0.050683,0.049470,0.696705,0.055794,0.444605,2.0000,0.894844,0.876113
2,10,0,,,,,,0.0000,0.898586,0.000000
2,11,0,,,,,,0.0000,0.961432,0.000000
2,12,0,,,,,,0.0000,1.005008,0.000000
2,13,0,,,,,,0.0000,0.982276,0.000000
2,14,0,,,,,,0.0000,0.939120,0.000000
2,15,0,,,,,,0.0000,0.929310,0.000000
2,16,0,,,,,,0.0000,0.955231,0.000000
2,17,0,,,,,,0.0000,0.936131,0.000000
2,18,0,,,,,,0.0000,0.948716,0.000000
2,19,0,,,,,,0.0000,0.960060,0.000000
2,20,0,,,,,,0.0000,0.921101,0.000000
2,21,0,,,,,,0.0000,0.892822,0.000000
2,22,0,,,,,,0.0000,0.948011,0.000000
2,23,0,,,,,,0.0000,0.977877,0.000000
2,24,0,,,,,,0.0000,0.935999,0.000000
2,25,0,,,,,,0.0000,0.889975,0.000000
2,26,0,,,,,,0.0000,0.936717,0.000000
2,27,0,,,,,,0.0000,0.963104,0.000000
2,28,0,,,,,,0.0000,0.937923,0.000000
2,29,0,,,,,,0.0000,0.928460,0.000000
2,30,0,,,,,,0.0000,0.956530,0.000000
2,31,0,,,,,,0.0000,0.881792,0.000000
2,32,0,,,,,,0.0000,0.952206,0.000000
2,33,0,,,,,,0.0000,0.933007,0.000000
2,34,0,,,,,,0.0000,0.917036,0.000000
2,35,0,,,,,,0.0000,0.919969,0.000000
2,36,0,,,,,,0.0000,0.923953,0.000000
2,37,0,,,,,,0.0000,0.945031,0.000000
2,38,0,,,,,,0.0000,0.975221,0.000000
2,39,0,,,,,,0.0000,0.971598,0.000000
2,40,0,,,,,,0.0000,0.958061,0.000000
2,41,0,,,,,,0.0000,0.906510,0.000000
2,42,0,,,,,,0.0000,0.873781,0.000000
2,43,0,,,,,,0.0000,0.917944,0.000000
2,44,0,,,,,,0.0000,1.005337,0.000000
2,45,0,,,,,,0.0000,0.989156,0.000000
2,46,0,,,,,,0.0000,0.937200,0.000000
2,47,0,,,,,,0.0000,0.880536,0.000000
2,48,0,,,,,,0.0000,0.914315,0.000000
2,49,0,,,,,,0.0000,1.009365,0.000000
2,50,0,,,,,,0.0000,0.964590,0.000000
2,51,0,,,,,,0.0000,0.913248,0.000000
2,52,0,,,,,,0.0000,0.899917,0.000000
2,53,0,,,,,,0.0000,0.911283,0.000000
2,54,0,,,,,,0.0000,0.977308,0.000000
2,55,0,,,,,,0.0000,0.942040,0.000000
2,56,0,,,,,,0.0000,0.911688,0.000000
2,57,0,,,,,,0.0000,0.874308,0.000000
2,58,0,,,,,,0.0000,0.929479,0.000000
2,59,0,,,,,,0.0000,0.952702,0.000000
2,60,0,,,,,,0.0000,0.947736,0.000000
2,61,0,,,,,,0.0000,0.938187,0.000000
2,62,0,,,,,,0.0000,0.945587,0.000000
2,63,0,,,,,,0.0000,0.915361,0.000000
2,64,0,,,,,,0.0000,0.876914,0.000000
2,65,0,,,,,,0.0000,0.946029,0.000000
2,66,0,,,,,,0.0000,0.941165,0.000000
2,67,0,,,,,,0.0000,0.919742,0.000000
2,68,0,,,,,,0.0000,0.935870,0.000000
2,69,0,,,,,,0.0000,0.971741,0.000000
2,70,0,,,,,,0.0000,0.975714,0.000000
2,71,0,,,,,,0.0000,0.905604,0.000000
2,72,0,,,,,,0.0000,0.910189,0.000000
2,73,0,,,,,,0.0000,0.931831,0.000000
2,74,0,,,,,,0.0000,0.971274,0.000000
2,75,0,,,,,,0.0000,0.957122,0.000000
2,76,0,,,,,,0.0000,0.890437,0.000000
2,77,0,,,,,,0.0000,0.921129,0.000000
2,78,0,,,,,,0.0000,0.962925,0.000000
2,79,0,,,,,,0.0000,0.955341,0.000000
2,80,0,,,,,,0.0000,0.911889,0.000000
2,81,0,,,,,,0.0000,0.919234,0.000000
2,82,0,,,,,,0.0000,0.908572,0.000000
2,83,0,,,,,,0.0000,0.923660,0.000000
2,84,0,,,,,,0.0000,0.964490,0.000000
2,85,0,,,,,,0.0000,0.912266,0.000000
2,86,0,,,,,,0.0000,0.928862,0.000000
2,87,0,,,,,,0.0000,0.960353,0.000000
2,88,0,,,,,,0.0000,0.973981,0.000000
2,89,0,,,,,,0.0000,0.921274,0.000000
2,90,0,,,,,,0.0000,0.881157,0.000000
2,91,0,,,,,,0.0000,0.949217,0.000000
2,92,0,,,,,,0.0000,0.948871,0.000000
2,93,0,,,,,,0.0000,0.915149,0.000000
2,94,0,,,,,,0.0000,0.899222,0.000000
2,95,0,,,,,,0.0000,0.975116,0.000000
2,96,0,,,,,,0.0000,0.971163,0.000000
2,97,0,,,,,,0.0000,0.907331,0.000000
2,98,0,,,,,,0.0000,0.899353,0.000000
2,99,0,,,,,,0.0000,0.951120,0.000000
2,100,0,,,,,,0.0000,0.957826,0.000000
2,101,0,,,,,,0.0000,0.941401,0.000000
2,102,0,,,,,,0.0000,0.899539,0.000000
2,103,0,,,,,,0.0000,0.928615,0.000000
2,104,0,,,,,,0.0000,0.972120,0.000000
2,105,0,,,,,,0.0000,0.929253,0.000000
2,106,0,,,,,,0.0000,0.858480,0.000000
2,107,0,,,,,,0.0000,0.963364,0.000000
2,108,0,,,,,,0.0000,0.973148,0.000000
2,109,0,,,,,,0.0000,0.896624,0.000000
2,110,0,,,,,,0.0000,0.872323,0.000000
2,111,0,,,,,,0.0000,0.945453,0.000000
2,112,0,,,,,,0.0000,0.941362,0.000000
2,113,0,,,,,,0.0000,0.898884,0.000000
2,114,0,,,,,,0.0000,0.949553,0.000000
2,115,0,,,,,,0.0000,0.992210,0.000000
2,116,0,,,,,,0.0000,0.927933,0.000000
2,117,0,,,,,,0.0000,0.919140,0.000000
2,118,0,,,,,,0.0000,0.943310,0.000000
2,119,0,,,,,,0.0000,0.947560,0.000000
2,120,0,,,,,,0.0000,0.965980,0.000000
2,121,0,,,,,,0.0000,0.935392,0.000000
2,122,0,,,,,,0.0000,0.926679,0.000000
2,123,0,,,,,,0.0000,0.933730,0.000000
2,124,0,,,,,,0.0000,0.921249,0.000000
2,125,0,,,,,,0.0000,0.947081,0.000000
2,126,0,,,,,,0.0000,0.918071,0.000000
2,127,0,,,,,,0.0000,0.959936,0.000000
2,128,0,,,,,,0.0000,0.921180,0.000000
2,129,0,,,,,,0.0000,0.920816,0.000000
2,130,0,,,,,,0.0000,0.936905,0.000000
2,131,0,,,,,,0.0000,0.975647,0.000000
2,132,0,,,,,,0.0000,0.908997,0.000000
2,133,0,,,,,,0.0000,0.887142,0.000000
2,134,0,,,,,,0.0000,0.927790,0.000000
2,135,0,,,,,,0.0000,1.023076,0.000000
2,136,0,,,,,,0.0000,0.955286,0.000000
2,137,0,,,,,,0.0000,0.893513,0.000000
2,138,0,,,,,,0.0000,0.962472,0.000000
2,139,0,,,,,,0.0000,0.973423,0.000000
2,140,0,,,,,,0.0000,0.938976,0.000000
2,141,0,,,,,,0.0000,0.884009,0.000000
2,142,0,,,,,,0.0000,0.896746,0.000000
2,143,0,,,,,,0.0000,0.971833,0.000000
2,144,0,,,,,,0.0000,0.975833,0.000000
2,145,0,,,,,,0.0000,0.943478,0.000000
2,146,0,,,,,,0.0000,0.906613,0.000000
2,147,0,,,,,,0.0000,0.927785,0.000000
2,148,0,,,,,,0.0000,0.931344,0.000000
2,149,0,,,,,,0.0000,0.951333,0.000000
2,150,0,,,,,,0.0000,0.922435,0.000000
2,151,0,,,,,,0.0000,0.882366,0.000000
2,152,0,,,,,,0.0000,0.944243,0.000000
2,153,0,,,,,,0.0000,0.950585,0.000000
2,154,0,,,,,,0.0000,0.933106,0.000000
2,155,0,,,,,,0.0000,0.930403,0.000000
2,156,0,,,,,,0.0000,0.938428,0.000000
2,157,0,,,,,,0.0000,0.945408,0.000000
2,158,0,,,,,,0.0000,0.943405,0.000000
2,159,0,,,,,,0.0000,0.922679,0.000000
2,160,0,,,,,,0.0000,0.933488,0.000000
2,161,0,,,,,,0.0000,0.927043,0.000000
2,162,0,,,,,,0.0000,0.925429,0.000000
2,163,0,,,,,,0.0000,0.937399,0.000000
2,164,0,,,,,,0.0000,0.944890,0.000000
2,165,0,,,,,,0.0000,0.945247,0.000000
2,166,0,,,,,,0.0000,0.895556,0.000000
2,167,0,,,,,,0.0000,0.920989,0.000000
2,168,0,,,,,,0.0000,0.979422,0.000000
2,169,0,,,,,,0.0000,0.938091,0.000000
2,170,0,,,,,,0.0000,0.900048,0.000000
2,171,0,,,,,,0.0000,0.911299,0.000000
2,172,0,,,,,,0.0000,0.971508,0.000000
2,173,0,,,,,,0.0000,0.961420,0.000000
2,174,0,,,,,,0.0000,0.871163,0.000000
2,175,0,,,,,,0.0000,0.867397,0.000000
2,176,0,,,,,,0.0000,0.953491,0.000000
2,177,0,,,,,,0.0000,0.949069,0.000000
2,178,0,,,,,,0.0000,0.909142,0.000000
2,179,0,,,,,,0.0000,0.872061,0.000000
2,180,0,,,,,,0.0000,0.948016,0.000000
2,181,0,,,,,,0.0000,0.945341,0.000000
2,182,0,,,,,,0.0000,0.916917,0.000000
2,183,0,,,,,,0.0000,0.944326,0.000000
2,184,0,,,,,,0.0000,0.945634,0.000000
2,185,0,,,,,,0.0000,0.918440,0.000000
2,186,0,,,,,,0.0000,0.897921,0.000000
2,187,0,,,,,,0.0000,0.912005,0.000000
2,188,0,,,,,,0.0000,0.893779,0.000000
2,189,0,,,,,,0.0000,0.951958,0.000000
2,190,0,,,,,,0.0000,0.964035,0.000000
2,191,0,,,,,,0.0000,0.947891,0.000000
2,192,0,,,,,,0.0000,0.925664,0.000000
2,193,0,,,,,,0.0000,0.944390,0.000000
2,194,0,,,,,,0.0000,0.975782,0.000000
2,195,0,,,,,,0.0000,0.940474,0.000000
2,196,0,,,,,,0.0000,0.927432,0.000000
2,197,0,,,,,,0.0000,0.906003,0.000000
2,198,0,,,,,,0.0000,0.940530,0.000000
2,199,0,,,,,,0.0000,0.945431,0.000000
2,200,0,,,,,,0.0000,0.901330,0.000000
2,201,0,,,,,,0.0000,0.890689,0.000000
2,202,0,,,,,,0.0000,0.955544,0.000000
2,203,0,,,,,,0.0000,0.989190,0.000000
2,204,0,,,,,,0.0000,0.916981,0.000000
2,205,0,,,,,,0.0000,0.895352,0.000000
2,206,0,,,,,,0.0000,0.924778,0.000000
2,207,0,,,,,,0.0000,0.975878,0.000000
2,208,0,,,,,,0.0000,0.903617,0.000000
2,209,0,,,,,,0.0000,0.920866,0.000000
2,210,0,,,,,,0.0000,0.937949,0.000000
2,211,0,,,,,,0.0000,0.940380,0.000000
2,212,0,,,,,,0.0000,0.933344,0.000000
2,213,0,,,,,,0.0000,0.923153,0.000000
2,214,0,,,,,,0.0000,0.984764,0.000000
2,215,0,,,,,,0.0000,0.916562,0.000000
2,216,0,,,,,,0.0000,0.883744,0.000000
2,217,0,,,,,,0.0000,0.942858,0.000000
2,218,0,,,,,,0.0000,0.924520,0.000000
2,219,0,,,,,,0.0000,0.919944,0.000000
2,220,0,,,,,,0.0000,0.920254,0.000000
2,221,0,,,,,,0.0000,0.929599,0.000000
2,222,0,,,,,,0.0000,0.941707,0.000000
2,223,0,,,,,,0.0000,0.916954,0.000000
2,224,0,,,,,,0.0000,0.968398,0.000000
2,225,0,,,,,,0.0000,0.960724,0.000000
2,226,0,,,,,,0.0000,0.944476,0.000000
2,227,0,,,,,,0.0000,0.911402,0.000000
2,228,0,,,,,,0.0000,0.950334,0.000000
2,229,0,,,,,,0.0000,0.944478,0.000000
2,230,0,,,,,,0.0000,0.890168,0.000000
2,231,0,,,,,,0.0000,0.957538,0.000000
2,232,0,,,,,,0.0000,0.974248,0.000000
2,233,0,,,,,,0.0000,0.923466,0.000000
2,234,0,,,,,,0.0000,0.890562,0.000000
2,235,0,,,,,,0.0000,0.889741,0.000000
2,236,0,,,,,,0.0000,0.961346,0.000000
2,237,0,,,,,,0.0000,0.936828,0.000000
2,238,0,,,,,,0.0000,0.922145,0.000000
2,239,0,,,,,,0.0000,0.927364,0.000000
2,240,2,0.389415,0.003070,0.575072,0.000000,0.004261,3.0000,0.920997,0.391939
2,241,8,0.175641,0.092822,0.669048,0.095418,0.587634,17.0000,0.730127,0.574480
2,242,8,0.165043,0.049185,0.743650,0.062951,0.746083,18.0000,0.684518,0.719388
2,243,10,0.080036,0.065111,0.788440,0.099195,0.446769,10.0000,0.863396,0.806390
2,244,12,0.080008,0.072798,0.788563,0.102788,0.599488,9.0000,0.921193,0.806628
2,245,12,0.079944,0.072461,0.791285,0.102367,0.588531,9.0000,0.856564,0.811916
2,246,12,0.078151,0.070254,0.793546,0.102550,0.578625,11.0000,0.781764,0.816308
2,247,14,0.073657,0.068417,0.802612,0.054963,0.560630,7.0000,0.817138,0.833919
2,248,14,0.069511,0.056869,0.825110,0.051917,0.673785,13.0000,0.799192,0.877619
2,249,12,0.064431,0.023987,0.838603,0.057296,0.685828,5.0000,0.907504,0.903829
2,250,2,0.373748,0.081833,0.483510,0.000000,0.092093,2.0000,1.055599,0.211477
2,251,4,0.133326,0.089242,0.683520,0.057649,0.141395,8.0000,0.794040,0.576455
2,252,6,0.087671,0.044730,0.790020,0.125068,0.325625,10.0000,0.765801,0.788179
2,253,9,0.085816,0.049988,0.808417,0.154512,0.660097,13.0000,0.782673,0.824753
2,254,11,0.046173,0.038689,0.832433,0.098558,0.554243,14.0000,0.854909,0.872498
2,255,13,0.045117,0.038698,0.835101,0.100167,0.645616,8.0000,0.916194,0.874843
2,256,16,0.043516,0.035509,0.855971,0.076970,0.749688,13.0000,0.852911,0.899694
2,257,16,0.038504,0.031063,0.857071,0.073844,0.651357,12.0000,0.753902,0.901880
2,258,17,0.035461,0.030440,0.861109,0.057988,0.649487,11.0000,0.852057,0.909909
2,259,17,0.034598,0.026605,0.866632,0.056117,0.694501,10.0000,0.861640,0.920887
2,260,2,0.312398,0.092805,0.505850,0.000000,0.179598,3.0000,1.015775,0.224959
2,261,4,0.202504,0.115621,0.718862,0.214337,0.453096,9.0000,0.860031,0.587094
2,262,4,0.202504,0.115621,0.718862,0.214337,0.453096,8.0000,0.695494,0.587094
2,263,6,0.133077,0.066249,0.773701,0.236621,0.552892,9.0000,0.809502,0.698746
2,264,10,0.119839,0.082261,0.797897,0.103535,0.761376,17.0000,0.869029,0.748010
2,265,12,0.116922,0.075199,0.818324,0.097294,0.888213,10.0000,0.914718,0.784225
2,266,12,0.116386,0.074755,0.821058,0.096497,0.892481,10.0000,0.885461,0.789792
2,267,12,0.109740,0.067212,0.830146,0.112894,0.790889,11.0000,0.821640,0.808296
2,268,12,0.078765,0.046587,0.854974,0.111893,0.742611,13.0000,0.763849,0.858845
2,269,13,0.052467,0.044080,0.872196,0.096788,0.653172,13.0000,0.871832,0.893910
2,270,2,0.358113,0.024981,0.609872,0.000000,0.027158,3.0000,1.119451,0.340242
2,271,6,0.123847,0.071229,0.762599,0.201183,0.407532,8.0000,0.899934,0.652244
2,272,8,0.105822,0.077151,0.801412,0.208668,0.558550,16.0000,0.718042,0.724401
2,273,10,0.082008,0.081264,0.826779,0.092537,0.395487,15.0000,0.732678,0.776378
2,274,12,0.068080,0.072772,0.844520,0.065378,0.466576,12.0000,0.845383,0.812729
2,275,12,0.068042,0.052229,0.867929,0.054936,0.578457,12.0000,0.868254,0.860694
2,276,14,0.052987,0.049365,0.876470,0.044092,0.462519,10.0000,0.821437,0.878195
2,277,15,0.042921,0.043465,0.895135,0.028254,0.482600,16.0000,0.780630,0.916440
2,278,16,0.041612,0.042108,0.896814,0.028806,0.508939,13.0000,0.790064,0.919879
2,279,17,0.040850,0.040917,0.897536,0.034357,0.535144,8.0000,0.867580,0.921360
2,280,4,0.215221,0.084102,0.702539,0.418005,0.538146,5.0000,1.044611,0.496885
2,281,8,0.152979,0.123826,0.760670,0.058913,0.436763,11.0000,0.848887,0.617216
2,282,8,0.141617,0.117080,0.781709,0.043426,0.408568,10.0000,0.702250,0.660768
2,283,9,0.105990,0.089217,0.801180,0.074457,0.465988,16.0000,0.780354,0.701073
2,284,11,0.073197,0.051059,0.838938,0.123833,0.704271,17.0000,0.863667,0.779234
2,285,11,0.073197,0.051058,0.838940,0.123844,0.704274,9.0000,0.894191,0.779236
2,286,12,0.072876,0.044345,0.842269,0.124253,0.795356,8.0000,0.804224,0.786128
2,287,12,0.068732,0.031139,0.857681,0.138113,0.886881,14.0000,0.781916,0.818032
2,288,12,0.068975,0.025232,0.871436,0.135972,0.880058,13.0000,0.881717,0.846505
2,289,13,0.067479,0.029143,0.871604,0.070487,0.794338,10.0000,0.931993,0.846853
2,290,2,0.356137,0.011883,0.644448,0.000000,0.016900,5.0000,1.026814,0.352619
2,291,6,0.146645,0.146314,0.748695,0.293488,0.615879,8.0000,0.859645,0.572188
2,292,8,0.083050,0.050611,0.849334,0.139195,0.629494,8.0000,0.774192,0.784159
2,293,13,0.053283,0.047574,0.870511,0.048081,0.590987,18.0000,0.855790,0.828762
2,294,14,0.048921,0.047561,0.879497,0.049622,0.612497,15.0000,0.884911,0.847689
2,295,16,0.046684,0.048164,0.885715,0.047649,0.611018,14.0000,0.821013,0.860785
2,296,18,0.042665,0.045978,0.887164,0.031475,0.607783,12.0000,0.804565,0.863838
2,297,20,0.042330,0.046043,0.887175,0.033511,0.674531,11.0000,0.806573,0.863862
2,298,21,0.041992,0.045124,0.887675,0.032686,0.705868,15.0000,0.832365,0.864914
2,299,21,0.041992,0.045124,0.887675,0.032686,0.705868,13.0000,0.787757,0.864914
2,300,2,0.345668,0.007783,0.655412,0.000000,0.008784,5.0000,0.995741,0.373591
2,301,5,0.119040,0.084932,0.798464,0.136969,0.261644,8.0000,0.871679,0.673193
2,302,7,0.097724,0.076775,0.807745,0.169864,0.498781,10.0000,0.720527,0.692630
2,303,10,0.088669,0.073043,0.839937,0.112951,0.512582,8.0000,0.763674,0.760051
2,304,11,0.072461,0.060414,0.875902,0.123314,0.631755,17.0000,0.838158,0.835375
2,305,12,0.062778,0.053739,0.882902,0.103158,0.619555,14.0000,0.851764,0.850036
2,306,13,0.062429,0.051646,0.883309,0.102284,0.669966,15.0000,0.813827,0.850888
2,307,13,0.062429,0.051646,0.883309,0.102284,0.669966,12.0000,0.825889,0.850888
2,308,13,0.062429,0.051646,0.883309,0.102284,0.669966,16.0000,0.809016,0.850888
2,309,15,0.058440,0.047982,0.887782,0.096831,0.756232,9.0000,0.759556,0.860255
2,310,2,0.359721,0.047900,0.582133,0.000000,0.060712,4.0000,0.959143,0.228581
2,311,5,0.236419,0.099268,0.669458,0.531729,0.795971,9.0000,0.835277,0.412508
2,312,8,0.133042,0.097103,0.766473,0.134017,0.534404,8.0000,0.803998,0.609632
2,313,7,0.152192,0.059043,0.833719,0.116881,0.697049,19.0000,0.870753,0.751269
2,314,7,0.152192,0.059043,0.833719,0.116881,0.697049,6.0000,0.858655,0.751269
2,315,8,0.151418,0.055257,0.835819,0.120118,0.790858,12.0000,0.755713,0.755693
2,316,11,0.140660,0.065494,0.842069,0.047463,0.719930,14.0000,0.811163,0.768856
2,317,12,0.140774,0.074648,0.844663,0.042073,0.750789,11.0000,0.854137,0.774320
2,318,13,0.140765,0.076568,0.844810,0.043479,0.783861,9.0000,0.802526,0.774631
2,319,12,0.137908,0.067844,0.850199,0.051955,0.800438,12.0000,0.839232,0.785981
2,320,2,0.357167,0.019929,0.627269,0.000000,0.020508,8.0000,0.972613,0.341073
2,321,3,0.230049,0.010419,0.714331,0.467626,0.384678,10.0000,0.827961,0.521294
2,322,6,0.161078,0.055317,0.794501,0.040953,0.640006,14.0000,0.785855,0.687248
2,323,7,0.158706,0.050293,0.812842,0.041942,0.702020,11.0000,0.773528,0.725214
2,324,9,0.136614,0.030238,0.830263,0.031496,0.845443,11.0000,0.835986,0.761275
2,325,9,0.136614,0.030238,0.830263,0.031496,0.845443,8.0000,0.902296,0.761275
2,326,14,0.135965,0.028527,0.832250,0.035420,1.009311,8.0000,0.793396,0.765388
2,327,14,0.135951,0.028416,0.832579,0.035036,1.010965,9.0000,0.734465,0.766069
2,328,14,0.135951,0.028416,0.832579,0.035036,1.010965,14.0000,0.889816,0.766069
2,329,16,0.077377,0.032435,0.873272,0.098635,0.908063,10.0000,0.930760,0.850306
2,330,3,0.282021,0.063876,0.668624,0.783352,0.669313,5.0000,0.962778,0.452320
2,331,3,0.281871,0.063318,0.669662,0.785981,0.669778,3.0000,0.770796,0.454447
2,332,7,0.087792,0.059748,0.818942,0.147765,0.446227,10.0000,0.781034,0.760320
2,333,8,0.086203,0.055896,0.821523,0.160015,0.609873,9.0000,0.922744,0.765608
2,334,10,0.080256,0.049928,0.827111,0.124276,0.671401,11.0000,0.867924,0.777058
2,335,11,0.078952,0.049427,0.839679,0.088374,0.645634,13.0000,0.751138,0.802810
2,336,13,0.075652,0.047147,0.847079,0.053524,0.740149,11.0000,0.774215,0.817973
2,337,16,0.045579,0.044905,0.871896,0.056747,0.524016,10.0000,0.874170,0.868823
2,338,16,0.045579,0.044905,0.871896,0.056747,0.524016,11.0000,0.898484,0.868823
2,339,17,0.044068,0.045139,0.873488,0.052691,0.566246,13.0000,0.839159,0.872085
2,340,2,0.306297,0.051295,0.594225,0.000000,0.156136,3.0000,0.992714,0.407145
2,341,3,0.323709,0.017190,0.652148,0.959484,0.879573,6.0000,0.863790,0.480664
2,342,6,0.147852,0.025609,0.818980,0.166412,0.744312,7.0000,0.768701,0.785562
2,343,8,0.134124,0.030569,0.831083,0.167195,0.857765,11.0000,0.812242,0.810202
2,344,9,0.079677,0.042196,0.849412,0.156073,0.768088,9.0000,0.867521,0.847522
2,345,11,0.058126,0.040476,0.861297,0.059464,0.668469,12.0000,0.848498,0.871720
2,346,11,0.058134,0.040373,0.864739,0.059392,0.662334,11.0000,0.894812,0.878728
2,347,13,0.055476,0.037499,0.866442,0.046914,0.755548,8.0000,0.803017,0.882195
2,348,15,0.055361,0.035133,0.866675,0.051910,0.844971,10.0000,0.764059,0.882669
2,349,14,0.054490,0.033597,0.867632,0.053409,0.818199,15.0000,0.826263,0.884617
2,350,4,0.317658,0.022461,0.649736,0.824972,1.093507,5.0000,1.032045,0.489694
2,351,9,0.140404,0.034317,0.789143,0.196968,0.908809,7.0000,0.879837,0.766838
2,352,10,0.111246,0.039915,0.793013,0.116666,0.754300,10.0000,0.732386,0.774533
2,353,14,0.059470,0.046101,0.824698,0.075196,0.604555,11.0000,0.751046,0.837523
2,354,16,0.059469,0.047772,0.825066,0.078745,0.710284,9.0000,0.895723,0.838253
2,355,17,0.059431,0.046684,0.825072,0.078683,0.745927,8.0000,0.860669,0.838267
2,356,20,0.058309,0.045110,0.826698,0.051118,0.784087,10.0000,0.758306,0.841499
2,357,21,0.043743,0.034985,0.847517,0.054945,0.786790,9.0000,0.752298,0.882887
2,358,22,0.040870,0.034248,0.851070,0.034940,0.751603,8.0000,0.894466,0.889950
2,359,23,0.031333,0.029468,0.867956,0.023599,0.669637,10.0000,0.900932,0.923520
2,360,2,0.540637,0.304121,0.199538,0.000000,0.710348,2.0000,0.944419,0.034170
2,361,6,0.185107,0.093295,0.597550,0.187546,0.915645,11.0000,0.824348,0.582887
2,362,10,0.087725,0.070295,0.735047,0.144713,0.819147,12.0000,0.756594,0.765823
2,363,10,0.086375,0.062560,0.743954,0.093478,0.745836,4.0000,0.821551,0.769735
2,364,11,0.083573,0.062150,0.768691,0.085748,0.634545,7.0000,0.847320,0.794491
2,365,10,0.081211,0.060746,0.774576,0.078457,0.557938,8.0000,0.872026,0.805922
2,366,11,0.081021,0.060635,0.776092,0.093027,0.609472,10.0000,0.792759,0.807143
2,367,10,0.064984,0.043950,0.795732,0.062080,0.523667,5.0000,0.811499,0.842731
2,368,13,0.047652,0.049879,0.801349,0.051625,0.429024,17.0000,0.833958,0.853640
2,369,14,0.047493,0.048785,0.801863,0.060977,0.513181,8.0000,0.817928,0.854640
2,370,2,0.726152,0.109395,0.357383,0.000000,0.930949,2.0000,0.964843,0.201938
2,371,3,0.225827,0.122270,0.511256,0.395413,0.471001,5.0000,0.836378,0.387864
2,372,5,0.156864,0.095145,0.630487,0.293706,0.546113,7.0000,0.759760,0.617604
2,373,8,0.078985,0.066152,0.713564,0.136168,0.552157,12.0000,0.768813,0.772115
2,374,10,0.076120,0.063511,0.742447,0.066641,0.643767,10.0000,0.876063,0.794003
2,375,10,0.076120,0.063511,0.742447,0.066641,0.643767,4.0000,0.813809,0.794003
2,376,12,0.064648,0.051449,0.757998,0.049491,0.653108,10.0000,0.785623,0.814148
2,377,13,0.064554,0.049636,0.758151,0.057140,0.708004,6.0000,0.886390,0.814443
2,378,13,0.063156,0.046643,0.762944,0.059989,0.671385,9.0000,0.859518,0.823679
2,379,14,0.061882,0.044981,0.764897,0.051951,0.720539,6.0000,0.836439,0.827441
2,380,0,,,,,,0.0000,0.968681,0.000000
2,381,0,,,,,,0.0000,1.026343,0.000000
2,382,0,,,,,,0.0000,0.976900,0.000000
2,383,0,,,,,,0.0000,0.953106,0.000000
2,384,0,,,,,,0.0000,0.910605,0.000000
2,385,0,,,,,,0.0000,0.943477,0.000000
2,386,0,,,,,,0.0000,0.947807,0.000000
2,387,0,,,,,,0.0000,0.947762,0.000000
2,388,0,,,,,,0.0000,0.911982,0.000000
2,389,0,,,,,,0.0000,0.900772,0.000000
2,390,0,,,,,,0.0000,0.990847,0.000000
2,391,0,,,,,,0.0000,0.982199,0.000000
2,392,0,,,,,,0.0000,0.933695,0.000000
2,393,0,,,,,,0.0000,0.893531,0.000000
2,394,0,,,,,,0.0000,0.907750,0.000000
2,395,0,,,,,,0.0000,0.949984,0.000000
2,396,0,,,,,,0.0000,1.002794,0.000000
2,397,0,,,,,,0.0000,0.934534,0.000000
2,398,0,,,,,,0.0000,0.868336,0.000000
2,399,0,,,,,,0.0000,0.936931,0.000000
2,400,0,,,,,,0.0000,1.007508,0.000000
2,401,0,,,,,,0.0000,0.959830,0.000000
2,402,0,,,,,,0.0000,0.910877,0.000000
2,403,0,,,,,,0.0000,0.882620,0.000000
2,404,0,,,,,,0.0000,0.917856,0.000000
2,405,0,,,,,,0.0000,0.975651,0.000000
2,406,0,,,,,,0.0000,0.940583,0.000000
2,407,0,,,,,,0.0000,0.894026,0.000000
2,408,0,,,,,,0.0000,0.903563,0.000000
2,409,0,,,,,,0.0000,0.904622,0.000000
2,410,0,,,,,,0.0000,0.941923,0.000000
2,411,0,,,,,,0.0000,0.954124,0.000000
2,412,0,,,,,,0.0000,0.940038,0.000000
2,413,0,,,,,,0.0000,0.911125,0.000000
2,414,0,,,,,,0.0000,0.935385,0.000000
2,415,0,,,,,,0.0000,0.930071,0.000000
2,416,0,,,,,,0.0000,0.913264,0.000000
2,417,0,,,,,,0.0000,0.891633,0.000000
2,418,0,,,,,,0.0000,0.940776,0.000000
2,419,0,,,,,,0.0000,0.974330,0.000000
2,420,0,,,,,,0.0000,0.928026,0.000000
2,421,0,,,,,,0.0000,0.935633,0.000000
2,422,0,,,,,,0.0000,0.974841,0.000000
2,423,0,,,,,,0.0000,0.921460,0.000000
2,424,0,,,,,,0.0000,0.937085,0.000000
2,425,0,,,,,,0.0000,0.931431,0.000000
2,426,0,,,,,,0.0000,0.946105,0.000000
2,427,0,,,,,,0.0000,0.979633,0.000000
2,428,0,,,,,,0.0000,0.938183,0.000000
2,429,0,,,,,,0.0000,0.917473,0.000000
2,430,0,,,,,,0.0000,0.894780,0.000000
2,431,0,,,,,,0.0000,0.876416,0.000000
2,432,0,,,,,,0.0000,0.943947,0.000000
2,433,0,,,,,,0.0000,0.988792,0.000000
2,434,0,,,,,,0.0000,0.930950,0.000000
2,435,0,,,,,,0.0000,0.866090,0.000000
2,436,0,,,,,,0.0000,0.916504,0.000000
2,437,0,,,,,,0.0000,0.960945,0.000000
2,438,0,,,,,,0.0000,0.963434,0.000000
2,439,0,,,,,,0.0000,0.952464,0.000000
2,440,0,,,,,,0.0000,0.956423,0.000000
2,441,0,,,,,,0.0000,0.953198,0.000000
2,442,0,,,,,,0.0000,0.965441,0.000000
2,443,0,,,,,,0.0000,0.882025,0.000000
2,444,0,,,,,,0.0000,0.940435,0.000000
2,445,0,,,,,,0.0000,0.965917,0.000000
2,446,0,,,,,,0.0000,0.972827,0.000000
2,447,0,,,,,,0.0000,0.914745,0.000000
2,448,0,,,,,,0.0000,0.911402,0.000000
2,449,0,,,,,,0.0000,0.935207,0.000000
2,450,0,,,,,,0.0000,0.921997,0.000000
2,451,0,,,,,,0.0000,0.928621,0.000000
2,452,0,,,,,,0.0000,0.957378,0.000000
2,453,0,,,,,,0.0000,0.956421,0.000000
2,454,0,,,,,,0.0000,0.938993,0.000000
2,455,0,,,,,,0.0000,0.957261,0.000000
2,456,0,,,,,,0.0000,0.947132,0.000000
2,457,0,,,,,,0.0000,0.910518,0.000000
2,458,0,,,,,,0.0000,0.919446,0.000000
2,459,0,,,,,,0.0000,0.979549,0.000000
2,460,0,,,,,,0.0000,0.961254,0.000000
2,461,0,,,,,,0.0000,0.874759,0.000000
2,462,0,,,,,,0.0000,0.876073,0.000000
2,463,0,,,,,,0.0000,0.964452,0.000000
2,464,0,,,,,,0.0000,1.028269,0.000000
2,465,0,,,,,,0.0000,0.927684,0.000000
2,466,0,,,,,,0.0000,0.903466,0.000000
2,467,0,,,,,,0.0000,0.927672,0.000000
2,468,0,,,,,,0.0000,0.971213,0.000000
2,469,0,,,,,,0.0000,0.961978,0.000000
2,470,0,,,,,,0.0000,0.941743,0.000000
2,471,0,,,,,,0.0000,0.868808,0.000000
2,472,0,,,,,,0.0000,0.904399,0.000000
2,473,0,,,,,,0.0000,0.973654,0.000000
2,474,0,,,,,,0.0000,0.970882,0.000000
2,475,0,,,,,,0.0000,0.903265,0.000000
2,476,0,,,,,,0.0000,0.920476,0.000000
2,477,0,,,,,,0.0000,0.997502,0.000000
2,478,0,,,,,,0.0000,0.974304,0.000000
2,479,0,,,,,,0.0000,0.877678,0.000000
2,480,0,,,,,,0.0000,0.883056,0.000000
2,481,0,,,,,,0.0000,0.944353,0.000000
2,482,0,,,,,,0.0000,0.938867,0.000000
2,483,0,,,,,,0.0000,0.924277,0.000000
2,484,0,,,,,,0.0000,0.923484,0.000000
2,485,0,,,,,,0.0000,0.954962,0.000000
2,486,0,,,,,,0.0000,0.973332,0.000000
2,487,0,,,,,,0.0000,0.952676,0.000000
2,488,0,,,,,,0.0000,0.908106,0.000000
2,489,0,,,,,,0.0000,0.949255,0.000000
2,490,0,,,,,,0.0000,0.945783,0.000000
2,491,0,,,,,,0.0000,0.920093,0.000000
2,492,0,,,,,,0.0000,0.932633,0.000000
2,493,0,,,,,,0.0000,0.893086,0.000000
2,494,0,,,,,,0.0000,0.937066,0.000000
2,495,0,,,,,,0.0000,0.939114,0.000000
2,496,0,,,,,,0.0000,0.942262,0.000000
2,497,0,,,,,,0.0000,0.910383,0.000000
2,498,0,,,,,,0.0000,0.895174,0.000000
2,499,0,,,,,,0.0000,0.916506,0.000000
2,500,0,,,,,,0.0000,0.962992,0.000000
2,501,0,,,,,,0.0000,0.940834,0.000000
2,502,0,,,,,,0.0000,0.952945,0.000000
2,503,0,,,,,,0.0000,0.930312,0.000000
2,504,0,,,,,,0.0000,0.947601,0.000000
2,505,0,,,,,,0.0000,0.973942,0.000000
2,506,0,,,,,,0.0000,0.933977,0.000000
2,507,0,,,,,,0.0000,0.929170,0.000000
2,508,0,,,,,,0.0000,0.952799,0.000000
2,509,0,,,,,,0.0000,0.930697,0.000000
2,510,0,,,,,,0.0000,0.863659,0.000000
2,511,0,,,,,,0.0000,0.923190,0.000000
2,512,0,,,,,,0.0000,0.983225,0.000000
2,513,0,,,,,,0.0000,0.944499,0.000000
2,514,0,,,,,,0.0000,0.893749,0.000000
2,515,0,,,,,,0.0000,0.911473,0.000000
2,516,0,,,,,,0.0000,0.923914,0.000000
2,517,0,,,,,,0.0000,0.980830,0.000000
2,518,0,,,,,,0.0000,0.932939,0.000000
2,519,0,,,,,,0.0000,0.875198,0.000000
2,520,0,,,,,,0.0000,0.898113,0.000000
2,521,0,,,,,,0.0000,0.973803,0.000000
2,522,0,,,,,,0.0000,0.986236,0.000000
2,523,0,,,,,,0.0000,0.926677,0.000000
2,524,0,,,,,,0.0000,0.892670,0.000000
2,525,0,,,,,,0.0000,0.915354,0.000000
2,526,0,,,,,,0.0000,0.966315,0.000000
2,527,0,,,,,,0.0000,0.936603,0.000000
2,528,0,,,,,,0.0000,0.890353,0.000000
2,529,0,,,,,,0.0000,0.950965,0.000000
2,530,0,,,,,,0.0000,0.950175,0.000000
2,531,0,,,,,,0.0000,0.947444,0.000000
2,532,0,,,,,,0.0000,0.928965,0.000000
2,533,0,,,,,,0.0000,0.940613,0.000000
2,534,0,,,,,,0.0000,0.953658,0.000000
2,535,0,,,,,,0.0000,0.962267,0.000000
2,536,0,,,,,,0.0000,0.942250,0.000000
2,537,0,,,,,,0.0000,0.932594,0.000000
2,538,0,,,,,,0.0000,0.882098,0.000000
2,539,0,,,,,,0.0000,0.958101,0.000000
2,540,0,,,,,,0.0000,0.964628,0.000000
2,541,0,,,,,,0.0000,0.908716,0.000000
2,542,0,,,,,,0.0000,0.917954,0.000000
2,543,0,,,,,,0.0000,0.953991,0.000000
2,544,0,,,,,,0.0000,0.956556,0.000000
2,545,0,,,,,,0.0000,0.919222,0.000000
2,546,0,,,,,,0.0000,0.904683,0.000000
2,547,0,,,,,,0.0000,0.921265,0.000000
2,548,0,,,,,,0.0000,0.971065,0.000000
2,549,0,,,,,,0.0000,0.929210,0.000000
2,550,0,,,,,,0.0000,0.942959,0.000000
2,551,0,,,,,,0.0000,0.927079,0.000000
2,552,0,,,,,,0.0000,0.934270,0.000000
2,553,0,,,,,,0.0000,0.917505,0.000000
2,554,0,,,,,,0.0000,0.898210,0.000000
2,555,0,,,,,,0.0000,0.917685,0.000000
2,556,0,,,,,,0.0000,0.976085,0.000000
2,557,0,,,,,,0.0000,0.954327,0.000000
2,558,0,,,,,,0.0000,0.911447,0.000000
2,559,0,,,,,,0.0000,0.873388,0.000000
2,560,0,,,,,,0.0000,0.970496,0.000000
2,561,0,,,,,,0.0000,0.960873,0.000000
2,562,0,,,,,,0.0000,0.948079,0.000000
2,563,0,,,,,,0.0000,0.865465,0.000000
2,564,0,,,,,,0.0000,0.973340,0.000000
2,565,0,,,,,,0.0000,0.987511,0.000000
2,566,0,,,,,,0.0000,0.938173,0.000000
2,567,0,,,,,,0.0000,0.918474,0.000000
2,568,0,,,,,,0.0000,0.940233,0.000000
2,569,0,,,,,,0.0000,0.932095,0.000000
2,570,0,,,,,,0.0000,0.961621,0.000000
2,571,0,,,,,,0.0000,0.965978,0.000000
2,572,0,,,,,,0.0000,0.942002,0.000000
2,573,0,,,,,,0.0000,0.958472,0.000000
2,574,0,,,,,,0.0000,0.951020,0.000000
2,575,0,,,,,,0.0000,0.953178,0.000000
2,576,0,,,,,,0.0000,0.920204,0.000000
2,577,0,,,,,,0.0000,0.972106,0.000000
2,578,0,,,,,,0.0000,0.929879,0.000000
2,579,0,,,,,,0.0000,0.889736,0.000000
2,580,0,,,,,,0.0000,0.911833,0.000000
2,581,0,,,,,,0.0000,0.959999,0.000000
2,582,0,,,,,,0.0000,0.914974,0.000000
2,583,0,,,,,,0.0000,0.892544,0.000000
2,584,0,,,,,,0.0000,0.935576,0.000000
2,585,0,,,,,,0.0000,0.958840,0.000000
2,586,0,,,,,,0.0000,0.915355,0.000000
2,587,0,,,,,,0.0000,0.936304,0.000000
2,588,0,,,,,,0.0000,0.946350,0.000000
2,589,0,,,,,,0.0000,0.911937,0.000000
2,590,0,,,,,,0.0000,0.919416,0.000000
2,591,0,,,,,,0.0000,0.948186,0.000000
2,592,0,,,,,,0.0000,0.912970,0.000000
2,593,0,,,,,,0.0000,0.941025,0.000000
2,594,0,,,,,,0.0000,0.941112,0.000000
2,595,0,,,,,,0.0000,0.921698,0.000000
2,596,0,,,,,,0.0000,0.940939,0.000000
2,597,0,,,,,,0.0000,0.930866,0.000000
2,598,0,,,,,,0.0000,0.914306,0.000000
2,599,0,,,,,,0.0000,0.920489,0.000000
2,600,0,,,,,,0.0000,0.944640,0.000000
2,601,0,,,,,,0.0000,0.946188,0.000000
2,602,0,,,,,,0.0000,0.937997,0.000000
2,603,0,,,,,,0.0000,0.975802,0.000000
2,604,0,,,,,,0.0000,0.995839,0.000000
2,605,0,,,,,,0.0000,0.906708,0.000000
2,606,0,,,,,,0.0000,0.894337,0.000000
2,607,0,,,,,,0.0000,0.938420,0.000000
2,608,0,,,,,,0.0000,0.989807,0.000000
2,609,0,,,,,,0.0000,0.941186,0.000000
2,610,0,,,,,,0.0000,0.919774,0.000000
2,611,0,,,,,,0.0000,0.938022,0.000000
2,612,0,,,,,,0.0000,0.893694,0.000000
2,613,0,,,,,,0.0000,0.918576,0.000000
2,614,0,,,,,,0.0000,0.978169,0.000000
2,615,0,,,,,,0.0000,0.949049,0.000000
2,616,0,,,,,,0.0000,0.892025,0.000000
2,617,0,,,,,,0.0000,0.875011,0.000000
2,618,0,,,,,,0.0000,0.936575,0.000000
2,619,0,,,,,,0.0000,0.962415,0.000000
2,620,0,,,,,,0.0000,0.962523,0.000000
2,621,0,,,,,,0.0000,0.894061,0.000000
2,622,0,,,,,,0.0000,0.899618,0.000000
2,623,0,,,,,,0.0000,0.960031,0.000000
2,624,0,,,,,,0.0000,0.967915,0.000000
2,625,0,,,,,,0.0000,0.941918,0.000000
2,626,0,,,,,,0.0000,0.901883,0.000000
2,627,0,,,,,,0.0000,0.921609,0.000000
2,628,0,,,,,,0.0000,0.971757,0.000000
2,629,0,,,,,,0.0000,0.955161,0.000000
2,630,0,,,,,,0.0000,0.932814,0.000000
2,631,0,,,,,,0.0000,0.937769,0.000000
2,632,0,,,,,,0.0000,0.952039,0.000000
2,633,0,,,,,,0.0000,0.964735,0.000000
2,634,0,,,,,,0.0000,0.965168,0.000000
2,635,0,,,,,,0.0000,0.953655,0.000000
2,636,0,,,,,,0.0000,0.943149,0.000000
2,637,0,,,,,,0.0000,0.916859,0.000000
2,638,0,,,,,,0.0000,0.888932,0.000000
2,639,0,,,,,,0.0000,0.927528,0.000000
2,640,0,,,,,,0.0000,0.959477,0.000000
2,641,0,,,,,,0.0000,0.950516,0.000000
2,642,0,,,,,,0.0000,0.969074,0.000000
2,643,0,,,,,,0.0000,0.965142,0.000000
2,644,0,,,,,,0.0000,0.938393,0.000000
2,645,1,0.856392,0.001447,0.407599,0.000000,1.000000,1.0000,0.936836,0.208345
2,646,4,0.201688,0.009878,0.688715,0.587949,0.646889,7.0000,0.668186,0.619755
2,647,8,0.084596,0.021992,0.788238,0.210844,0.780056,12.0000,0.735533,0.806392
2,648,10,0.055014,0.033548,0.791893,0.126583,0.727917,20.0000,0.787623,0.813492
2,649,11,0.069587,0.023055,0.803896,0.038945,0.765608,13.0000,0.877021,0.836808
2,650,4,0.188743,0.132871,0.640563,0.121837,0.218339,8.0000,1.004482,0.471458
2,651,4,0.188743,0.132871,0.640563,0.121837,0.218339,3.0000,0.867439,0.471458
2,652,5,0.217325,0.043489,0.681071,0.207994,0.806258,8.0000,0.734788,0.551990
2,653,7,0.154730,0.060079,0.728932,0.138299,0.794681,10.0000,0.808328,0.647137
2,654,8,0.117746,0.056873,0.756932,0.132555,0.623373,9.0000,0.966857,0.702803
2,655,10,0.095425,0.028052,0.793761,0.113879,0.784165,17.0000,0.870053,0.776019
2,656,12,0.046283,0.026473,0.837182,0.068448,0.636711,9.0000,0.781748,0.862340
2,657,13,0.043230,0.027655,0.840407,0.066976,0.541067,17.0000,0.780820,0.868753
2,658,15,0.042996,0.026046,0.842563,0.080266,0.661953,7.0000,0.879682,0.873039
2,659,16,0.042649,0.025476,0.842950,0.082536,0.713615,14.0000,0.776645,0.873808
2,660,2,0.380893,0.026437,0.579104,0.000000,0.035858,3.0000,0.960714,0.297167
2,661,6,0.163465,0.094693,0.664088,0.150349,0.643531,8.0000,0.812683,0.470196
2,662,9,0.121632,0.084940,0.772516,0.067502,0.479859,17.0000,0.723739,0.690960
2,663,11,0.081342,0.071069,0.810383,0.072274,0.455672,14.0000,0.801812,0.768056
2,664,11,0.072445,0.065227,0.826349,0.045698,0.629010,15.0000,0.893363,0.800565
2,665,11,0.072445,0.065227,0.826349,0.045698,0.629010,7.0000,0.839671,0.800565
2,666,12,0.071401,0.062732,0.842088,0.052560,0.571890,10.0000,0.750388,0.832610
2,667,13,0.065235,0.050917,0.858767,0.046720,0.573204,6.0000,0.828545,0.866568
2,668,13,0.065235,0.050917,0.858767,0.046720,0.573204,12.0000,0.901629,0.866568
2,669,14,0.062899,0.048290,0.862449,0.037672,0.607659,15.0000,0.866853,0.874064
2,670,5,0.154411,0.036702,0.764265,0.222031,0.616771,9.0000,0.996637,0.648287
2,671,5,0.167756,0.021106,0.781597,0.210147,0.698874,10.0000,0.846253,0.683801
2,672,8,0.080975,0.028004,0.813073,0.157356,0.570808,10.0000,0.740055,0.748294
2,673,9,0.080975,0.049284,0.813307,0.127752,0.601403,4.0000,0.855719,0.748775
2,674,11,0.069393,0.054078,0.841196,0.096430,0.457755,15.0000,0.898595,0.805919
2,675,12,0.065956,0.047892,0.860438,0.093635,0.484099,13.0000,0.885744,0.845346
2,676,11,0.073855,0.045848,0.869151,0.097754,0.582084,14.0000,0.864378,0.863199
2,677,12,0.070872,0.044128,0.870788,0.080338,0.621690,12.0000,0.841111,0.866553
2,678,16,0.054545,0.044869,0.873666,0.057831,0.586842,11.0000,0.855113,0.872449
2,679,19,0.054395,0.043660,0.879581,0.046124,0.631667,13.0000,0.882140,0.884570
2,680,2,0.355437,0.010504,0.634837,0.000000,0.014951,3.0000,1.002949,0.356740
2,681,2,0.353183,0.006210,0.646536,0.000000,0.006514,8.0000,0.840432,0.380958
2,682,2,0.351095,0.001852,0.657442,0.000000,0.002030,9.0000,0.791255,0.403533
2,683,4,0.171570,0.064423,0.741021,0.112992,0.393170,10.0000,0.817075,0.576542
2,684,6,0.143833,0.068187,0.767032,0.129269,0.408559,13.0000,0.796471,0.630386
2,685,7,0.126170,0.064811,0.783561,0.119925,0.421310,7.0000,0.893438,0.664601
2,686,8,0.134627,0.074258,0.797967,0.093761,0.607541,11.0000,0.878073,0.694423
2,687,12,0.102556,0.064881,0.819557,0.067713,0.607953,9.0000,0.836428,0.739114
2,688,16,0.045806,0.038859,0.874945,0.097041,0.811407,13.0000,0.835566,0.853769
2,689,16,0.045806,0.038859,0.874945,0.097041,0.811407,13.0000,0.849280,0.853769
2,690,2,0.333748,0.186329,0.501541,0.000000,0.230263,2.0000,1.026888,0.155237
2,691,5,0.246754,0.090406,0.694290,0.084008,1.024075,9.0000,0.868330,0.462781
2,692,9,0.121710,0.086156,0.795763,0.122946,0.634903,11.0000,0.680214,0.671325
2,693,10,0.083354,0.062440,0.839885,0.098653,0.536037,12.0000,0.765196,0.764257
2,694,12,0.081507,0.073828,0.842965,0.081560,0.667362,10.0000,0.846926,0.770744
2,695,11,0.080768,0.074648,0.851341,0.109344,0.659903,9.0000,0.930340,0.788386
2,696,13,0.068978,0.069352,0.863979,0.097400,0.657878,8.0000,0.878385,0.815005
2,697,16,0.058659,0.051332,0.879669,0.077679,0.791102,15.0000,0.817151,0.848053
2,698,18,0.048687,0.050020,0.891011,0.045775,0.759777,14.0000,0.815940,0.871940
2,699,21,0.046359,0.036578,0.894625,0.034596,0.769831,14.0000,0.896732,0.879553
2,700,5,0.176063,0.080921,0.783647,0.249992,0.609349,8.0000,1.012366,0.642160
2,701,6,0.172511,0.073305,0.812096,0.223790,0.752375,10.0000,0.860147,0.701743
2,702,9,0.132970,0.070149,0.828272,0.139414,0.778337,14.0000,0.771282,0.735621
2,703,9,0.132936,0.070113,0.828823,0.139546,0.779387,16.0000,0.868897,0.736775
2,704,11,0.099304,0.089159,0.831069,0.043570,0.611587,10.0000,0.910377,0.741478
2,705,13,0.095741,0.081356,0.834658,0.043785,0.657802,12.0000,0.824820,0.748995
2,706,14,0.070889,0.042434,0.863203,0.015570,0.770761,19.0000,0.828186,0.808779
2,707,14,0.070889,0.042434,0.863203,0.015570,0.770761,9.0000,0.862531,0.808779
2,708,14,0.070581,0.041836,0.866312,0.051357,0.705581,6.0000,0.851460,0.815289
2,709,14,0.070581,0.041836,0.866312,0.051357,0.705581,12.0000,0.849517,0.815289
2,710,2,0.286080,0.040231,0.642450,0.000000,0.186022,3.0000,0.936103,0.475226
2,711,6,0.148867,0.096374,0.753055,0.256459,0.511874,7.0000,0.830125,0.581372
2,712,9,0.117039,0.062115,0.824019,0.168253,0.691519,14.0000,0.772687,0.730840
2,713,11,0.097763,0.049252,0.873674,0.141534,0.879631,15.0000,0.806602,0.835424
2,714,12,0.097745,0.047557,0.873796,0.142599,0.949111,11.0000,0.805723,0.835682
2,715,13,0.075430,0.035666,0.887971,0.086622,0.890126,11.0000,0.845239,0.865539
2,716,16,0.055894,0.035801,0.895903,0.064400,0.803619,12.0000,0.772807,0.882245
2,717,17,0.055241,0.034641,0.897470,0.062853,0.835927,10.0000,0.750385,0.885544
2,718,17,0.055241,0.034641,0.897470,0.062853,0.835927,12.0000,0.814655,0.885544
2,719,14,0.055153,0.034610,0.898041,0.059307,0.727911,10.0000,0.899755,0.886748
2,720,2,0.371939,0.183698,0.498406,0.000000,0.308231,4.0000,1.040909,0.209336
2,721,6,0.142566,0.070509,0.775784,0.152064,0.494331,9.0000,0.805641,0.648503
2,722,8,0.134929,0.086248,0.797504,0.056292,0.454837,14.0000,0.690144,0.693464
2,723,7,0.117528,0.042885,0.841222,0.043284,0.724131,9.0000,0.795256,0.783960
2,724,10,0.068930,0.041529,0.889047,0.114974,0.582845,20.0000,0.851683,0.882960
2,725,10,0.068930,0.041529,0.889047,0.114974,0.582845,10.0000,0.876723,0.882960
2,726,10,0.068930,0.041529,0.889047,0.114974,0.582845,8.0000,0.764315,0.882960
2,727,11,0.068014,0.040133,0.889334,0.112683,0.639083,14.0000,0.765618,0.883554
2,728,12,0.064574,0.024379,0.907832,0.108488,0.806687,18.0000,0.811929,0.921845
2,729,14,0.064332,0.022949,0.910036,0.105265,0.897945,14.0000,0.862106,0.926408
2,730,3,0.277878,0.137100,0.610005,0.660774,0.751494,5.0000,1.006819,0.408291
2,731,7,0.110754,0.068509,0.763130,0.134107,0.538032,12.0000,0.850688,0.645962
2,732,9,0.090269,0.072447,0.800714,0.062104,0.433917,11.0000,0.737119,0.722972
2,733,11,0.072684,0.050752,0.860072,0.096615,0.607908,15.0000,0.765918,0.844595
2,734,13,0.071286,0.047935,0.872106,0.088589,0.656638,13.0000,0.831745,0.869253
2,735,16,0.038257,0.048957,0.876897,0.061227,0.608992,14.0000,0.880318,0.879069
2,736,16,0.059950,0.044590,0.890282,0.030216,0.686512,13.0000,0.795240,0.906496
2,737,15,0.058259,0.014464,0.901134,0.035877,0.849669,9.0000,0.815949,0.928732
2,738,15,0.057957,0.011760,0.901583,0.036556,0.865834,11.0000,0.819401,0.929652
2,739,15,0.057957,0.011760,0.901583,0.036556,0.865834,9.0000,0.824852,0.929652
2,740,3,0.233510,0.059640,0.607242,0.495098,0.431590,3.0000,0.993112,0.376020
2,741,5,0.223513,0.055230,0.634704,0.107922,0.818379,7.0000,0.868034,0.416324
2,742,8,0.112664,0.051756,0.770492,0.156455,0.730383,14.0000,0.760908,0.686839
2,743,10,0.099752,0.069568,0.786743,0.058489,0.647707,12.0000,0.867856,0.719925
2,744,11,0.074044,0.056944,0.838370,0.095689,0.674267,17.0000,0.863382,0.825038
2,745,12,0.072087,0.054569,0.840759,0.093756,0.721503,7.0000,0.858314,0.829904
2,746,14,0.045084,0.025644,0.859069,0.092291,0.855960,14.0000,0.769933,0.867182
2,747,13,0.044908,0.024145,0.865651,0.090364,0.791227,10.0000,0.819568,0.880585
2,748,15,0.043810,0.022681,0.867563,0.087540,0.875561,11.0000,0.884990,0.884476
2,749,15,0.043839,0.025276,0.867842,0.087653,0.867698,13.0000,0.812286,0.885044
2,750,2,0.677117,0.078354,0.467616,0.000000,0.827202,3.0000,0.947098,0.289101
2,751,5,0.144701,0.083077,0.674196,0.094103,0.359965,9.0000,0.837258,0.548162
2,752,10,0.111517,0.103983,0.710996,0.069459,0.407539,10.0000,0.757391,0.621321
2,753,12,0.070103,0.052776,0.803083,0.119890,0.632795,16.0000,0.689104,0.800105
2,754,12,0.070103,0.052776,0.803083,0.119890,0.632795,8.0000,0.869006,0.800105
2,755,13,0.070103,0.063430,0.805472,0.105847,0.629196,14.0000,0.853012,0.804854
2,756,16,0.063223,0.049356,0.831463,0.080824,0.774628,11.0000,0.820251,0.850972
2,757,16,0.048328,0.035429,0.853905,0.078690,0.754081,12.0000,0.777096,0.895586
2,758,16,0.048324,0.035429,0.854047,0.078684,0.754184,15.0000,0.850528,0.895869
2,759,16,0.048324,0.035429,0.854047,0.078684,0.754184,9.0000,0.841441,0.895869
2,760,1,0.814595,0.158502,0.091258,0.000000,1.000000,2.0000,0.982809,0.007276
2,761,4,0.173767,0.110586,0.544787,0.068148,0.358890,6.0000,0.870793,0.478771
2,762,12,0.114062,0.084582,0.689463,0.085445,0.636323,11.0000,0.762213,0.666179
2,763,11,0.087401,0.059493,0.737254,0.086508,0.638046,9.0000,0.773704,0.754527
2,764,13,0.075883,0.057029,0.779228,0.064356,0.683966,16.0000,0.813132,0.807371
2,765,15,0.072201,0.058864,0.789176,0.066354,0.730902,8.0000,0.912341,0.818223
2,766,15,0.069887,0.056157,0.796594,0.066944,0.720834,7.0000,0.878876,0.827291
2,767,14,0.055626,0.048655,0.814158,0.064809,0.683703,13.0000,0.792711,0.861408
2,768,14,0.055626,0.048655,0.814158,0.064809,0.683703,12.0000,0.780720,0.861408
2,769,15,0.054198,0.046241,0.830134,0.059469,0.611876,16.0000,0.903987,0.887378
2,770,3,0.335198,0.119757,0.421563,0.965439,0.892611,3.0000,1.073138,0.228512
2,771,5,0.175840,0.140991,0.543710,0.248519,0.435629,6.0000,0.847843,0.423741
2,772,8,0.100850,0.089554,0.690973,0.022987,0.581575,9.0000,0.802130,0.688777
2,773,8,0.077132,0.057134,0.731447,0.066626,0.582641,7.0000,0.816273,0.756979
2,774,10,0.076950,0.066971,0.735686,0.070225,0.595943,8.0000,0.878183,0.765148
2,775,13,0.059221,0.070961,0.755253,0.036580,0.494455,10.0000,0.852071,0.802849
2,776,14,0.059221,0.078585,0.755256,0.031515,0.512451,5.0000,0.811954,0.802855
2,777,15,0.056670,0.065697,0.764421,0.027275,0.562342,7.0000,0.793756,0.820515
2,778,14,0.054981,0.060938,0.769366,0.052177,0.620154,9.0000,0.840614,0.829189
2,779,14,0.051278,0.049443,0.773440,0.029947,0.675683,10.0000,0.848758,0.837038
2,780,1,0.751232,0.141045,0.286559,0.000000,1.000000,1.0000,1.043416,0.132530
2,781,2,0.309430,0.107513,0.446973,0.000000,0.221376,2.0000,0.851020,0.359452
2,782,6,0.135807,0.064380,0.626990,0.158234,0.534916,11.0000,0.676764,0.615664
2,783,8,0.121552,0.099291,0.640212,0.055290,0.516767,8.0000,0.835604,0.641116
2,784,10,0.115194,0.092973,0.673963,0.042509,0.538947,11.0000,0.920383,0.706091
2,785,10,0.077572,0.065624,0.700464,0.086347,0.452823,7.0000,0.895207,0.757106
2,786,11,0.076848,0.065140,0.706195,0.087176,0.498102,10.0000,0.765878,0.768139
2,787,13,0.072867,0.069650,0.717268,0.096085,0.630650,7.0000,0.770097,0.789457
2,788,14,0.068202,0.068047,0.717921,0.075057,0.576792,6.0000,0.796633,0.790714
2,789,16,0.064863,0.063604,0.723526,0.079919,0.675812,14.0000,0.843492,0.801503
2,790,1,0.732805,0.056464,0.361123,0.000000,1.000000,2.0000,0.987471,0.271892
2,791,2,0.295008,0.065902,0.500460,0.000000,0.220497,1.0000,0.820717,0.481275
2,792,3,0.211450,0.055217,0.532929,0.549866,0.647750,3.0000,0.686594,0.545252
2,793,4,0.203463,0.031032,0.592987,0.115433,0.722579,9.0000,0.834102,0.613188
2,794,6,0.156689,0.030590,0.658173,0.066287,0.634491,6.0000,0.938903,0.735004
2,795,7,0.156683,0.028413,0.659697,0.109511,0.750986,9.0000,0.872838,0.737068
2,796,8,0.098379,0.049303,0.675002,0.137766,0.591867,4.0000,0.839801,0.767225
2,797,9,0.080313,0.040812,0.695492,0.159538,0.644029,2.0000,0.875258,0.791375
2,798,11,0.079008,0.037838,0.719571,0.142716,0.773744,5.0000,0.877897,0.838819
2,799,11,0.079008,0.037838,0.719571,0.142716,0.773744,7.0000,0.829072,0.838819
2,800,3,0.304585,0.135928,0.345868,0.853631,0.777473,3.0000,0.937244,0.222940
2,801,5,0.189885,0.130412,0.495512,0.081162,0.726378,4.0000,0.943969,0.516572
2,802,5,0.106098,0.090031,0.597166,0.191276,0.438082,8.0000,0.848914,0.710246
2,803,8,0.102171,0.064344,0.645718,0.113394,0.638591,11.0000,0.835433,0.802569
2,804,10,0.070470,0.071210,0.651562,0.048271,0.562784,9.0000,0.802106,0.814036
2,805,8,0.061089,0.037200,0.692877,0.088950,0.507932,8.0000,0.828763,0.860872
2,806,9,0.056370,0.028795,0.697949,0.114291,0.622917,6.0000,0.867696,0.870825
2,807,10,0.050156,0.027748,0.699909,0.107191,0.646589,3.0000,0.868590,0.874670
2,808,11,0.050156,0.028386,0.700022,0.104857,0.704902,11.0000,0.846354,0.874893
2,809,14,0.041967,0.027154,0.716539,0.049296,0.714354,8.0000,0.784944,0.907302
2,810,1,0.618899,0.068260,0.244298,0.000000,1.000000,1.0000,0.947409,0.190353
2,811,4,0.269939,0.167058,0.381216,0.106001,0.829301,4.0000,0.834840,0.354407
2,812,7,0.127296,0.062617,0.624036,0.131095,0.624435,16.0000,0.752409,0.782701
2,813,9,0.096783,0.065076,0.642628,0.119037,0.587617,15.0000,0.779893,0.818990
2,814,9,0.096783,0.065076,0.642628,0.119037,0.587617,9.0000,0.861779,0.818990
2,815,9,0.096783,0.065076,0.642628,0.119037,0.587617,5.0000,0.794714,0.818990
2,816,11,0.095106,0.060511,0.646372,0.111932,0.717517,7.0000,0.747087,0.825956
2,817,11,0.095106,0.060511,0.646372,0.111932,0.717517,11.0000,0.775725,0.825956
2,818,15,0.088741,0.057322,0.647584,0.078507,0.829314,11.0000,0.863137,0.828422
2,819,15,0.088741,0.057322,0.647584,0.078507,0.829314,5.0000,0.838809,0.828422
2,820,2,0.355741,0.156399,0.247184,0.000000,0.210895,2.0000,0.950276,0.148747
2,821,3,0.343075,0.126165,0.295793,0.951913,0.935528,3.0000,0.886984,0.245771
2,822,7,0.069820,0.040270,0.587968,0.116614,0.439257,15.0000,0.749879,0.755504
2,823,10,0.060836,0.047920,0.610031,0.119944,0.648043,10.0000,0.800212,0.799820
2,824,10,0.055036,0.054789,0.622171,0.075532,0.520502,10.0000,0.870400,0.824205
2,825,12,0.050833,0.050458,0.625440,0.047377,0.644034,9.0000,0.793627,0.830772
2,826,12,0.051324,0.037842,0.643275,0.044541,0.755755,4.0000,0.808435,0.866595
2,827,14,0.051166,0.038772,0.646437,0.048545,0.842896,8.0000,0.798013,0.868900
2,828,14,0.051166,0.038772,0.646437,0.048545,0.842896,5.0000,0.761285,0.868900
2,829,14,0.050135,0.035694,0.647823,0.048423,0.835108,6.0000,0.853925,0.871684
2,830,0,,,,,,0.0000,1.029074,0.000000
2,831,0,,,,,,0.0000,0.977272,0.000000
2,832,0,,,,,,0.0000,0.915461,0.000000
2,833,0,,,,,,0.0000,0.911807,0.000000
2,834,0,,,,,,0.0000,1.002382,0.000000
2,835,0,,,,,,0.0000,0.948602,0.000000
2,836,0,,,,,,0.0000,0.915401,0.000000
2,837,0,,,,,,0.0000,0.925894,0.000000
2,838,0,,,,,,0.0000,0.931787,0.000000
2,839,0,,,,,,0.0000,0.947235,0.000000
2,840,0,,,,,,0.0000,0.928942,0.000000
2,841,0,,,,,,0.0000,0.919546,0.000000
2,842,0,,,,,,0.0000,0.934771,0.000000
2,843,0,,,,,,0.0000,0.957266,0.000000
2,844,0,,,,,,0.0000,0.935399,0.000000
2,845,0,,,,,,0.0000,0.922246,0.000000
2,846,0,,,,,,0.0000,0.905336,0.000000
2,847,0,,,,,,0.0000,0.959322,0.000000
2,848,0,,,,,,0.0000,0.932735,0.000000
2,849,0,,,,,,0.0000,0.920779,0.000000
2,850,0,,,,,,0.0000,0.964216,0.000000
2,851,0,,,,,,0.0000,0.961442,0.000000
2,852,0,,,,,,0.0000,0.904437,0.000000
2,853,0,,,,,,0.0000,0.864940,0.000000
2,854,0,,,,,,0.0000,0.946963,0.000000
2,855,0,,,,,,0.0000,0.999562,0.000000
2,856,0,,,,,,0.0000,0.957349,0.000000
2,857,0,,,,,,0.0000,0.884225,0.000000
2,858,0,,,,,,0.0000,0.907878,0.000000
2,859,0,,,,,,0.0000,0.979008,0.000000
2,860,0,,,,,,0.0000,0.948040,0.000000
2,861,0,,,,,,0.0000,0.936051,0.000000
2,862,0,,,,,,0.0000,0.941429,0.000000
2,863,0,,,,,,0.0000,0.931663,0.000000
2,864,0,,,,,,0.0000,0.968624,0.000000
2,865,0,,,,,,0.0000,0.928101,0.000000
2,866,0,,,,,,0.0000,0.910241,0.000000
2,867,0,,,,,,0.0000,0.916393,0.000000
2,868,0,,,,,,0.0000,0.951569,0.000000
2,869,0,,,,,,0.0000,0.944672,0.000000
2,870,0,,,,,,0.0000,0.866179,0.000000
2,871,0,,,,,,0.0000,0.900709,0.000000
2,872,0,,,,,,0.0000,0.958087,0.000000
2,873,0,,,,,,0.0000,0.939618,0.000000
2,874,0,,,,,,0.0000,0.953448,0.000000
2,875,0,,,,,,0.0000,0.935903,0.000000
2,876,0,,,,,,0.0000,0.910661,0.000000
2,877,0,,,,,,0.0000,0.907633,0.000000
2,878,0,,,,,,0.0000,0.958825,0.000000
2,879,0,,,,,,0.0000,0.986027,0.000000
2,880,0,,,,,,0.0000,0.894989,0.000000
2,881,0,,,,,,0.0000,0.926097,0.000000
2,882,0,,,,,,0.0000,0.943752,0.000000
2,883,0,,,,,,0.0000,0.968370,0.000000
2,884,0,,,,,,0.0000,0.932991,0.000000
2,885,0,,,,,,0.0000,0.870591,0.000000
2,886,0,,,,,,0.0000,0.966779,0.000000
2,887,0,,,,,,0.0000,0.987520,0.000000
2,888,0,,,,,,0.0000,0.919357,0.000000
2,889,0,,,,,,0.0000,0.895924,0.000000
2,890,0,,,,,,0.0000,0.937805,0.000000
2,891,0,,,,,,0.0000,0.922130,0.000000
2,892,0,,,,,,0.0000,0.940152,0.000000
2,893,0,,,,,,0.0000,0.942024,0.000000
2,894,0,,,,,,0.0000,0.899917,0.000000
2,895,0,,,,,,0.0000,0.979504,0.000000
2,896,0,,,,,,0.0000,0.973575,0.000000
2,897,0,,,,,,0.0000,0.931062,0.000000
2,898,0,,,,,,0.0000,0.916615,0.000000
2,899,0,,,,,,0.0000,0.970546,0.000000
2,900,0,,,,,,0.0000,0.973453,0.000000
2,901,0,,,,,,0.0000,0.942064,0.000000
2,902,0,,,,,,0.0000,0.930704,0.000000
2,903,0,,,,,,0.0000,0.898319,0.000000
2,904,0,,,,,,0.0000,0.907754,0.000000
2,905,0,,,,,,0.0000,0.957007,0.000000
2,906,0,,,,,,0.0000,0.939677,0.000000
2,907,0,,,,,,0.0000,0.896704,0.000000
2,908,0,,,,,,0.0000,0.889555,0.000000
2,909,0,,,,,,0.0000,0.958444,0.000000
2,910,0,,,,,,0.0000,0.967324,0.000000
2,911,0,,,,,,0.0000,0.914302,0.000000
2,912,0,,,,,,0.0000,0.933416,0.000000
2,913,0,,,,,,0.0000,0.940927,0.000000
2,914,0,,,,,,0.0000,0.937522,0.000000
2,915,0,,,,,,0.0000,0.998822,0.000000
2,916,0,,,,,,0.0000,0.947307,0.000000
2,917,0,,,,,,0.0000,0.926539,0.000000
2,918,0,,,,,,0.0000,0.927687,0.000000
2,919,0,,,,,,0.0000,0.921602,0.000000
2,920,0,,,,,,0.0000,0.936565,0.000000
2,921,0,,,,,,0.0000,0.959962,0.000000
2,922,0,,,,,,0.0000,0.924635,0.000000
2,923,0,,,,,,0.0000,0.913081,0.000000
2,924,0,,,,,,0.0000,0.939910,0.000000
2,925,0,,,,,,0.0000,0.948961,0.000000
2,926,0,,,,,,0.0000,0.920074,0.000000
2,927,0,,,,,,0.0000,0.922356,0.000000
2,928,0,,,,,,0.0000,0.923604,0.000000
2,929,0,,,,,,0.0000,0.941708,0.000000
2,930,0,,,,,,0.0000,0.972952,0.000000
2,931,0,,,,,,0.0000,0.899161,0.000000
2,932,0,,,,,,0.0000,0.896726,0.000000
2,933,0,,,,,,0.0000,0.937062,0.000000
2,934,0,,,,,,0.0000,0.965225,0.000000
2,935,0,,,,,,0.0000,0.914968,0.000000
2,936,0,,,,,,0.0000,0.890168,0.000000
2,937,0,,,,,,0.0000,0.933294,0.000000
2,938,0,,,,,,0.0000,0.972720,0.000000
2,939,0,,,,,,0.0000,0.923998,0.000000
2,940,0,,,,,,0.0000,0.885439,0.000000
2,941,0,,,,,,0.0000,0.924953,0.000000
2,942,0,,,,,,0.0000,0.957994,0.000000
2,943,0,,,,,,0.0000,0.974246,0.000000
2,944,0,,,,,,0.0000,0.968200,0.000000
2,945,0,,,,,,0.0000,0.930906,0.000000
2,946,0,,,,,,0.0000,0.895036,0.000000
2,947,0,,,,,,0.0000,0.919643,0.000000
2,948,0,,,,,,0.0000,0.932556,0.000000
2,949,0,,,,,,0.0000,0.967304,0.000000
2,950,0,,,,,,0.0000,0.979374,0.000000
2,951,0,,,,,,0.0000,0.955569,0.000000
2,952,0,,,,,,0.0000,0.903571,0.000000
2,953,0,,,,,,0.0000,0.896982,0.000000
2,954,0,,,,,,0.0000,0.967653,0.000000
2,955,0,,,,,,0.0000,0.966100,0.000000
2,956,0,,,,,,0.0000,0.933443,0.000000
2,957,0,,,,,,0.0000,0.883525,0.000000
2,958,0,,,,,,0.0000,0.920021,0.000000
2,959,0,,,,,,0.0000,0.956996,0.000000
2,960,0,,,,,,0.0000,0.938374,0.000000
2,961,0,,,,,,0.0000,0.918515,0.000000
2,962,0,,,,,,0.0000,0.888054,0.000000
2,963,0,,,,,,0.0000,0.944334,0.000000
2,964,0,,,,,,0.0000,0.981029,0.000000
2,965,0,,,,,,0.0000,0.923224,0.000000
2,966,0,,,,,,0.0000,0.890648,0.000000
2,967,0,,,,,,0.0000,0.925263,0.000000
2,968,0,,,,,,0.0000,0.953469,0.000000
2,969,0,,,,,,0.0000,0.919055,0.000000
2,970,0,,,,,,0.0000,0.942814,0.000000
2,971,0,,,,,,0.0000,0.958165,0.000000
2,972,0,,,,,,0.0000,0.933062,0.000000
2,973,0,,,,,,0.0000,0.914213,0.000000
2,974,0,,,,,,0.0000,0.909135,0.000000
2,975,0,,,,,,0.0000,0.954204,0.000000
2,976,0,,,,,,0.0000,0.947679,0.000000
2,977,0,,,,,,0.0000,0.933356,0.000000
2,978,0,,,,,,0.0000,0.925179,0.000000
2,979,0,,,,,,0.0000,0.919473,0.000000
2,980,0,,,,,,0.0000,0.940430,0.000000
2,981,0,,,,,,0.0000,0.969556,0.000000
2,982,0,,,,,,0.0000,0.922602,0.000000
2,983,0,,,,,,0.0000,0.877456,0.000000
2,984,0,,,,,,0.0000,0.948385,0.000000
2,985,0,,,,,,0.0000,0.995954,0.000000
2,986,0,,,,,,0.0000,0.948899,0.000000
2,987,0,,,,,,0.0000,0.882149,0.000000
2,988,0,,,,,,0.0000,0.943129,0.000000
2,989,0,,,,,,0.0000,0.987714,0.000000
2,990,0,,,,,,0.0000,0.961997,0.000000
2,991,0,,,,,,0.0000,0.913562,0.000000
2,992,0,,,,,,0.0000,0.932810,0.000000
2,993,0,,,,,,0.0000,0.960467,0.000000
2,994,0,,,,,,0.0000,0.936214,0.000000
2,995,0,,,,,,0.0000,0.906686,0.000000
2,996,0,,,,,,0.0000,0.919791,0.000000
2,997,0,,,,,,0.0000,0.917637,0.000000
2,998,0,,,,,,0.0000,0.909844,0.000000
2,999,0,,,,,,0.0000,0.933090,0.000000
2,1000,0,,,,,,0.0000,0.927637,0.000000
3,1,6,0.183965,0.119666,0.668943,0.073356,0.547215,18.0000,0.874256,0.687637
3,2,8,0.142033,0.068439,0.716634,0.094619,0.710882,13.0000,0.912632,0.734071
3,3,10,0.104236,0.043828,0.816557,0.028587,0.789031,6.0000,0.847256,0.824638
3,4,11,0.084702,0.058675,0.819498,0.033624,0.708481,2.0000,0.752941,0.830409
3,5,10,0.063064,0.042395,0.839703,0.055281,0.669026,10.0000,0.841160,0.870055
3,6,10,0.063064,0.042395,0.839703,0.055281,0.669026,6.0000,0.893210,0.870055
3,7,10,0.061597,0.036525,0.841147,0.064795,0.693075,4.0000,0.902775,0.872888
3,8,10,0.051155,0.016306,0.848335,0.067188,0.667356,10.0000,0.820795,0.886993
3,9,10,0.051155,0.016306,0.848335,0.067188,0.667356,10.0000,0.752884,0.886993
3,10,0,,,,,,0.0000,1.225084,0.000000
3,11,0,,,,,,0.0000,1.408840,0.000000
3,12,0,,,,,,0.0000,1.260136,0.000000
3,13,0,,,,,,0.0000,1.043559,0.000000
3,14,0,,,,,,0.0000,1.158966,0.000000
3,15,0,,,,,,0.0000,1.313076,0.000000
3,16,0,,,,,,0.0000,1.245132,0.000000
3,17,0,,,,,,0.0000,1.135917,0.000000
3,18,0,,,,,,0.0000,1.159234,0.000000
3,19,0,,,,,,0.0000,1.279358,0.000000
3,20,0,,,,,,0.0000,1.246161,0.000000
3,21,0,,,,,,0.0000,1.154132,0.000000
3,22,0,,,,,,0.0000,1.147768,0.000000
3,23,0,,,,,,0.0000,1.186426,0.000000
3,24,0,,,,,,0.0000,1.188075,0.000000
3,25,0,,,,,,0.0000,1.236311,0.000000
3,26,0,,,,,,0.0000,1.208669,0.000000
3,27,0,,,,,,0.0000,1.187159,0.000000
3,28,0,,,,,,0.0000,1.197801,0.000000
3,29,0,,,,,,0.0000,1.169624,0.000000
3,30,0,,,,,,0.0000,1.209612,0.000000
3,31,0,,,,,,0.0000,1.193780,0.000000
3,32,0,,,,,,0.0000,1.206012,0.000000
3,33,0,,,,,,0.0000,1.230836,0.000000
3,34,0,,,,,,0.0000,1.175453,0.000000
3,35,0,,,,,,0.0000,1.166548,0.000000
3,36,0,,,,,,0.0000,1.185059,0.000000
3,37,0,,,,,,0.0000,1.181146,0.000000
3,38,0,,,,,,0.0000,1.170011,0.000000
3,39,0,,,,,,0.0000,1.181481,0.000000
3,40,0,,,,,,0.0000,1.203632,0.000000
3,41,0,,,,,,0.0000,1.166852,0.000000
3,42,0,,,,,,0.0000,1.170414,0.000000
3,43,0,,,,,,0.0000,1.199593,0.000000
3,44,0,,,,,,0.0000,1.157288,0.000000
3,45,0,,,,,,0.0000,1.197482,0.000000
3,46,0,,,,,,0.0000,1.229975,0.000000
3,47,0,,,,,,0.0000,1.192088,0.000000
3,48,0,,,,,,0.0000,1.187370,0.000000
3,49,0,,,,,,0.0000,1.199149,0.000000
3,50,0,,,,,,0.0000,1.224239,0.000000
3,51,0,,,,,,0.0000,1.156077,0.000000
3,52,0,,,,,,0.0000,1.173404,0.000000
3,53,0,,,,,,0.0000,1.263299,0.000000
3,54,0,,,,,,0.0000,1.228785,0.000000
3,55,0,,,,,,0.0000,1.166025,0.000000
3,56,0,,,,,,0.0000,1.178976,0.000000
3,57,0,,,,,,0.0000,1.179008,0.000000
3,58,0,,,,,,0.0000,1.183490,0.000000
3,59,0,,,,,,0.0000,1.211710,0.000000
3,60,0,,,,,,0.0000,1.171418,0.000000
3,61,0,,,,,,0.0000,1.173761,0.000000
3,62,0,,,,,,0.0000,1.223431,0.000000
3,63,0,,,,,,0.0000,1.242808,0.000000
3,64,0,,,,,,0.0000,1.204181,0.000000
3,65,0,,,,,,0.0000,1.154449,0.000000
3,66,0,,,,,,0.0000,1.148371,0.000000
3,67,0,,,,,,0.0000,1.201909,0.000000
3,68,0,,,,,,0.0000,1.174853,0.000000
3,69,0,,,,,,0.0000,1.204213,0.000000
3,70,0,,,,,,0.0000,1.226323,0.000000
3,71,0,,,,,,0.0000,1.170054,0.000000
3,72,0,,,,,,0.0000,1.185972,0.000000
3,73,0,,,,,,0.0000,1.165259,0.000000
3,74,0,,,,,,0.0000,1.168213,0.000000
3,75,0,,,,,,0.0000,1.196327,0.000000
3,76,0,,,,,,0.0000,1.182466,0.000000
3,77,0,,,,,,0.0000,1.171132,0.000000
3,78,0,,,,,,0.0000,1.156552,0.000000
3,79,0,,,,,,0.0000,1.199562,0.000000
3,80,0,,,,,,0.0000,1.245661,0.000000
3,81,0,,,,,,0.0000,1.200369,0.000000
3,82,0,,,,,,0.0000,1.166144,0.000000
3,83,0,,,,,,0.0000,1.149505,0.000000
3,84,0,,,,,,0.0000,1.197104,0.000000
3,85,0,,,,,,0.0000,1.196630,0.000000
3,86,0,,,,,,0.0000,1.168713,0.000000
3,87,0,,,,,,0.0000,1.157052,0.000000
3,88,0,,,,,,0.0000,1.195103,0.000000
3,89,0,,,,,,0.0000,1.177913,0.000000
3,90,0,,,,,,0.0000,1.229103,0.000000
3,91,0,,,,,,0.0000,1.194105,0.000000
3,92,0,,,,,,0.0000,1.200477,0.000000
3,93,0,,,,,,0.0000,1.175581,0.000000
3,94,0,,,,,,0.0000,1.225004,0.000000
3,95,0,,,,,,0.0000,1.164785,0.000000
3,96,0,,,,,,0.0000,1.152128,0.000000
3,97,0,,,,,,0.0000,1.239595,0.000000
3,98,0,,,,,,0.0000,1.210303,0.000000
3,99,0,,,,,,0.0000,1.133475,0.000000
3,100,0,,,,,,0.0000,1.176374,0.000000
3,101,0,,,,,,0.0000,1.252541,0.000000
3,102,0,,,,,,0.0000,1.258939,0.000000
3,103,0,,,,,,0.0000,1.184305,0.000000
3,104,0,,,,,,0.0000,1.109531,0.000000
3,105,0,,,,,,0.0000,1.133725,0.000000
3,106,0,,,,,,0.0000,1.242593,0.000000
3,107,0,,,,,,0.0000,1.278930,0.000000
3,108,0,,,,,,0.0000,1.208834,0.000000
3,109,0,,,,,,0.0000,1.115909,0.000000
3,110,0,,,,,,0.0000,1.210704,0.000000
3,111,0,,,,,,0.0000,1.210392,0.000000
3,112,0,,,,,,0.0000,1.177033,0.000000
3,113,0,,,,,,0.0000,1.173769,0.000000
3,114,0,,,,,,0.0000,1.184019,0.000000
3,115,0,,,,,,0.0000,1.187560,0.000000
3,116,0,,,,,,0.0000,1.241556,0.000000
3,117,0,,,,,,0.0000,1.185070,0.000000
3,118,0,,,,,,0.0000,1.176831,0.000000
3,119,0,,,,,,0.0000,1.200824,0.000000
3,120,0,,,,,,0.0000,1.195017,0.000000
3,121,0,,,,,,0.0000,1.192347,0.000000
3,122,0,,,,,,0.0000,1.234608,0.000000
3,123,0,,,,,,0.0000,1.244071,0.000000
3,124,0,,,,,,0.0000,1.147330,0.000000
3,125,0,,,,,,0.0000,1.167220,0.000000
3,126,0,,,,,,0.0000,1.198213,0.000000
3,127,0,,,,,,0.0000,1.233194,0.000000
3,128,0,,,,,,0.0000,1.206650,0.000000
3,129,0,,,,,,0.0000,1.176470,0.000000
3,130,0,,,,,,0.0000,1.172135,0.000000
3,131,0,,,,,,0.0000,1.206715,0.000000
3,132,0,,,,,,0.0000,1.216208,0.000000
3,133,0,,,,,,0.0000,1.207073,0.000000
3,134,0,,,,,,0.0000,1.173561,0.000000
3,135,0,,,,,,0.0000,1.213319,0.000000
3,136,0,,,,,,0.0000,1.231430,0.000000
3,137,0,,,,,,0.0000,1.186768,0.000000
3,138,0,,,,,,0.0000,1.202017,0.000000
3,139,0,,,,,,0.0000,1.196726,0.000000
3,140,0,,,,,,0.0000,1.159527,0.000000
3,141,0,,,,,,0.0000,1.201846,0.000000
3,142,0,,,,,,0.0000,1.175322,0.000000
3,143,0,,,,,,0.0000,1.176324,0.000000
3,144,0,,,,,,0.0000,1.201911,0.000000
3,145,0,,,,,,0.0000,1.243368,0.000000
3,146,0,,,,,,0.0000,1.209654,0.000000
3,147,0,,,,,,0.0000,1.167068,0.000000
3,148,0,,,,,,0.0000,1.223310,0.000000
3,149,0,,,,,,0.0000,1.137740,0.000000
3,150,0,,,,,,0.0000,1.180234,0.000000
3,151,0,,,,,,0.0000,1.223146,0.000000
3,152,0,,,,,,0.0000,1.187421,0.000000
3,153,0,,,,,,0.0000,1.187568,0.000000
3,154,0,,,,,,0.0000,1.231220,0.000000
3,155,0,,,,,,0.0000,1.188350,0.000000
3,156,0,,,,,,0.0000,1.172803,0.000000
3,157,0,,,,,,0.0000,1.190016,0.000000
3,158,0,,,,,,0.0000,1.219808,0.000000
3,159,0,,,,,,0.0000,1.257361,0.000000
3,160,0,,,,,,0.0000,1.131658,0.000000
3,161,0,,,,,,0.0000,1.202375,0.000000
3,162,0,,,,,,0.0000,1.223557,0.000000
3,163,0,,,,,,0.0000,1.194023,0.000000
3,164,0,,,,,,0.0000,1.211580,0.000000
3,165,0,,,,,,0.0000,1.196599,0.000000
3,166,0,,,,,,0.0000,1.201891,0.000000
3,167,0,,,,,,0.0000,1.145142,0.000000
3,168,0,,,,,,0.0000,1.174890,0.000000
3,169,0,,,,,,0.0000,1.180888,0.000000
3,170,0,,,,,,0.0000,1.230225,0.000000
3,171,0,,,,,,0.0000,1.206221,0.000000
3,172,0,,,,,,0.0000,1.202759,0.000000
3,173,0,,,,,,0.0000,1.164480,0.000000
3,174,0,,,,,,0.0000,1.197328,0.000000
3,175,0,,,,,,0.0000,1.270377,0.000000
3,176,0,,,,,,0.0000,1.293724,0.000000
3,177,0,,,,,,0.0000,1.170125,0.000000
3,178,0,,,,,,0.0000,1.167963,0.000000
3,179,0,,,,,,0.0000,1.232454,0.000000
3,180,0,,,,,,0.0000,1.213077,0.000000
3,181,0,,,,,,0.0000,1.187703,0.000000
3,182,0,,,,,,0.0000,1.207127,0.000000
3,183,0,,,,,,0.0000,1.192561,0.000000
3,184,0,,,,,,0.0000,1.180257,0.000000
3,185,0,,,,,,0.0000,1.143148,0.000000
3,186,0,,,,,,0.0000,1.199100,0.000000
3,187,0,,,,,,0.0000,1.225733,0.000000
3,188,0,,,,,,0.0000,1.138394,0.000000
3,189,0,,,,,,0.0000,1.157974,0.000000
3,190,0,,,,,,0.0000,1.224075,0.000000
3,191,0,,,,,,0.0000,1.182663,0.000000
3,192,0,,,,,,0.0000,1.193681,0.000000
3,193,0,,,,,,0.0000,1.192367,0.000000
3,194,0,,,,,,0.0000,1.210535,0.000000
3,195,0,,,,,,0.0000,1.193314,0.000000
3,196,0,,,,,,0.0000,1.152373,0.000000
3,197,0,,,,,,0.0000,1.183168,0.000000
3,198,0,,,,,,0.0000,1.217693,0.000000
3,199,0,,,,,,0.0000,1.215616,0.000000
3,200,0,,,,,,0.0000,1.159142,0.000000
3,201,0,,,,,,0.0000,1.155005,0.000000
3,202,0,,,,,,0.0000,1.187126,0.000000
3,203,0,,,,,,0.0000,1.209283,0.000000
3,204,0,,,,,,0.0000,1.170038,0.000000
3,205,0,,,,,,0.0000,1.196738,0.000000
3,206,0,,,,,,0.0000,1.185165,0.000000
3,207,0,,,,,,0.0000,1.232955,0.000000
3,208,0,,,,,,0.0000,1.189394,0.000000
3,209,0,,,,,,0.0000,1.175318,0.000000
3,210,0,,,,,,0.0000,1.186062,0.000000
3,211,0,,,,,,0.0000,1.189341,0.000000
3,212,0,,,,,,0.0000,1.174157,0.000000
3,213,0,,,,,,0.0000,1.211312,0.000000
3,214,0,,,,,,0.0000,1.185069,0.000000
3,215,0,,,,,,0.0000,1.136387,0.000000
3,216,0,,,,,,0.0000,1.169630,0.000000
3,217,0,,,,,,0.0000,1.205142,0.000000
3,218,0,,,,,,0.0000,1.236788,0.000000
3,219,0,,,,,,0.0000,1.222629,0.000000
3,220,0,,,,,,0.0000,1.182778,0.000000
3,221,0,,,,,,0.0000,1.181537,0.000000
3,222,0,,,,,,0.0000,1.212239,0.000000
3,223,0,,,,,,0.0000,1.257944,0.000000
3,224,0,,,,,,0.0000,1.153161,0.000000
3,225,0,,,,,,0.0000,1.170058,0.000000
3,226,0,,,,,,0.0000,1.194856,0.000000
3,227,0,,,,,,0.0000,1.234657,0.000000
3,228,0,,,,,,0.0000,1.178063,0.000000
3,229,0,,,,,,0.0000,1.150587,0.000000
3,230,0,,,,,,0.0000,1.219584,0.000000
3,231,0,,,,,,0.0000,1.244564,0.000000
3,232,0,,,,,,0.0000,1.227206,0.000000
3,233,0,,,,,,0.0000,1.196779,0.000000
3,234,0,,,,,,0.0000,1.172735,0.000000
3,235,0,,,,,,0.0000,1.229469,0.000000
3,236,0,,,,,,0.0000,1.276343,0.000000
3,237,0,,,,,,0.0000,1.171415,0.000000
3,238,0,,,,,,0.0000,1.167400,0.000000
3,239,0,,,,,,0.0000,1.204456,0.000000
3,240,0,,,,,,0.0000,1.184918,0.000000
3,241,1,0.857826,0.004304,0.330618,0.000000,1.000000,1.0000,1.266342,0.202275
3,242,4,0.162908,0.071561,0.822600,0.217517,0.338349,8.0000,0.901142,0.655134
3,243,8,0.106730,0.069280,0.893388,0.105271,0.568295,14.0000,0.842711,0.755140
3,244,9,0.092087,0.070160,0.907221,0.078903,0.538142,13.0000,0.986217,0.782009
3,245,10,0.076192,0.055605,0.925858,0.095471,0.594780,6.0000,1.140472,0.818210
3,246,10,0.076192,0.055605,0.925858,0.095471,0.594780,6.0000,1.026200,0.818210
3,247,12,0.075977,0.064275,0.933048,0.049047,0.607609,8.0000,0.967310,0.832176
3,248,12,0.075749,0.063821,0.936472,0.053420,0.639632,8.0000,1.001742,0.838826
3,249,14,0.070070,0.049949,0.951820,0.071374,0.750103,8.0000,1.090344,0.849190
3,250,3,0.212088,0.054671,0.773074,0.355615,0.323086,8.0000,1.215748,0.475593
3,251,6,0.169725,0.154594,0.788389,0.175124,0.419282,6.0000,1.073438,0.506040
3,252,5,0.169935,0.101423,0.852578,0.264124,0.402355,9.0000,0.874574,0.588502
3,253,7,0.086518,0.055136,0.939558,0.095539,0.488555,11.0000,0.993863,0.761420
3,254,7,0.086518,0.055136,0.939558,0.095539,0.488555,7.0000,1.155787,0.761420
3,255,9,0.082139,0.055958,0.953042,0.079917,0.462845,6.0000,1.094149,0.788227
3,256,10,0.082139,0.068559,0.956339,0.079164,0.479912,8.0000,1.023909,0.794780
3,257,11,0.081662,0.072226,0.963477,0.044970,0.522069,9.0000,0.986061,0.808971
3,258,9,0.075834,0.041491,0.997996,0.125097,0.547193,11.0000,1.041741,0.877596
3,259,9,0.072145,0.034375,1.005321,0.130531,0.542219,6.0000,1.041515,0.892157
3,260,2,0.369934,0.061560,0.673210,0.000000,0.075247,2.0000,1.209540,0.219170
3,261,4,0.164201,0.082681,0.823109,0.352401,0.414523,5.0000,1.085271,0.524368
3,262,6,0.137439,0.100032,0.893362,0.293640,0.532194,12.0000,0.940821,0.625206
3,263,5,0.152475,0.043586,0.920270,0.397548,0.732229,13.0000,1.034112,0.679991
3,264,5,0.152475,0.043586,0.920270,0.397548,0.732229,6.0000,1.023160,0.679991
3,265,8,0.123173,0.043029,0.953802,0.042917,0.770365,7.0000,1.093037,0.748263
3,266,9,0.111788,0.043648,0.963421,0.053996,0.648225,9.0000,0.999854,0.767849
3,267,11,0.074295,0.048113,0.969957,0.088723,0.565910,9.0000,1.025831,0.781156
3,268,11,0.074295,0.048113,0.969957,0.088723,0.565910,8.0000,1.031872,0.781156
3,269,13,0.103234,0.039150,0.994131,0.061984,0.721714,11.0000,1.012864,0.830375
3,270,1,0.768536,0.201883,0.211529,0.000000,1.000000,1.0000,1.223366,0.007392
3,271,4,0.174547,0.052397,0.827295,0.214296,0.687640,10.0000,1.077238,0.606907
3,272,9,0.081695,0.069143,0.927283,0.090950,0.548529,9.0000,0.909744,0.742812
3,273,12,0.079381,0.065181,0.972843,0.089332,0.676904,13.0000,1.000831,0.762121
3,274,13,0.079381,0.063110,0.973007,0.091030,0.722789,8.0000,1.085377,0.762214
3,275,14,0.079318,0.061060,0.973033,0.088926,0.771277,5.0000,1.053134,0.762268
3,276,16,0.074071,0.064931,0.996838,0.079620,0.774229,8.0000,0.933418,0.811044
3,277,19,0.073259,0.069080,1.008285,0.066731,0.839206,11.0000,1.008608,0.834499
3,278,17,0.065914,0.057713,1.021587,0.065615,0.777314,10.0000,1.069396,0.861755
3,279,18,0.065239,0.057910,1.022361,0.054772,0.725252,12.0000,1.086746,0.863340
3,280,3,0.237149,0.098782,0.734019,0.402619,0.577961,4.0000,1.280036,0.516013
3,281,5,0.152609,0.108148,0.863512,0.045587,0.288341,9.0000,0.977260,0.588451
3,282,6,0.139376,0.060318,0.943194,0.195226,0.466716,6.0000,0.980512,0.678040
3,283,6,0.139873,0.065051,0.945412,0.168168,0.451015,10.0000,1.084310,0.682631
3,284,9,0.113482,0.072634,0.959479,0.102201,0.497347,10.0000,1.120549,0.711752
3,285,9,0.103707,0.082244,0.976687,0.069179,0.539860,7.0000,1.053605,0.747372
3,286,10,0.102445,0.079156,0.979691,0.081809,0.610734,14.0000,0.944854,0.753590
3,287,10,0.084827,0.057723,0.989207,0.059080,0.597038,8.0000,0.994117,0.773289
3,288,11,0.084827,0.062569,0.989217,0.066100,0.646901,9.0000,1.010821,0.773309
3,289,11,0.079560,0.052880,0.996926,0.087687,0.697123,8.0000,1.087108,0.789267
3,290,2,0.288580,0.137829,0.609675,0.000000,0.240770,3.0000,1.264649,0.163479
3,291,5,0.199295,0.117311,0.768389,0.135494,0.808144,6.0000,1.079966,0.433193
3,292,10,0.119498,0.102315,0.929463,0.121974,0.639307,16.0000,0.915319,0.630377
3,293,10,0.097799,0.082204,0.987081,0.065715,0.552091,10.0000,1.038962,0.751737
3,294,11,0.097084,0.084113,0.999377,0.066789,0.555572,7.0000,1.092503,0.777635
3,295,12,0.074437,0.080600,1.007221,0.067384,0.439106,9.0000,1.090138,0.794156
3,296,12,0.073140,0.076930,1.011494,0.069703,0.420569,8.0000,1.003734,0.803156
3,297,12,0.068978,0.053822,1.027198,0.073822,0.575189,12.0000,1.023298,0.836232
3,298,13,0.058830,0.051511,1.037875,0.054690,0.503709,15.0000,1.064382,0.858721
3,299,13,0.058830,0.051511,1.037875,0.054690,0.503709,5.0000,1.067522,0.858721
3,300,3,0.187901,0.037389,0.841502,0.046491,0.062406,5.0000,1.233166,0.442597
3,301,4,0.170072,0.051575,0.861318,0.291314,0.372185,7.0000,1.009925,0.484101
3,302,8,0.128692,0.093112,0.916306,0.131182,0.398198,15.0000,0.941083,0.599265
3,303,9,0.127351,0.079510,0.923490,0.132719,0.534734,16.0000,0.954149,0.614310
3,304,9,0.119671,0.081740,0.945863,0.131959,0.402002,7.0000,1.035528,0.661167
3,305,10,0.119523,0.078159,0.945950,0.141187,0.521821,10.0000,1.101049,0.661349
3,306,8,0.103478,0.044946,1.006797,0.099440,0.643094,11.0000,1.022183,0.788784
3,307,8,0.103478,0.044946,1.006797,0.099440,0.643094,6.0000,1.015563,0.788784
3,308,10,0.101220,0.059711,1.007650,0.090897,0.754136,7.0000,1.027307,0.790571
3,309,10,0.101220,0.059711,1.007650,0.090897,0.754136,11.0000,0.995610,0.790571
3,310,2,0.330443,0.121119,0.657620,0.000000,0.139571,6.0000,1.255727,0.189022
3,311,3,0.240080,0.102427,0.760120,0.513260,0.563444,6.0000,1.107046,0.404912
3,312,5,0.176952,0.094491,0.853073,0.400270,0.721134,8.0000,0.935458,0.600695
3,313,5,0.146333,0.081149,0.896617,0.252650,0.514940,9.0000,0.948583,0.651833
3,314,6,0.134393,0.108672,0.905452,0.223331,0.539346,7.0000,1.031252,0.670443
3,315,9,0.129291,0.110696,0.961297,0.210491,0.741218,6.0000,1.147364,0.697429
3,316,7,0.094380,0.045670,0.989034,0.205746,0.558724,7.0000,1.096030,0.755850
3,317,9,0.093718,0.061380,0.990553,0.178685,0.650507,7.0000,0.955837,0.759049
3,318,9,0.093718,0.061380,0.990553,0.178685,0.650507,4.0000,0.987128,0.759049
3,319,10,0.069253,0.058234,1.011433,0.073702,0.610602,7.0000,1.067310,0.803027
3,320,2,0.354212,0.010668,0.794733,0.000000,0.011776,2.0000,1.257241,0.370723
3,321,3,0.172706,0.049484,0.894051,0.161356,0.137788,5.0000,1.085393,0.576314
3,322,6,0.112494,0.055303,0.946055,0.287245,0.735714,9.0000,1.005607,0.683964
3,323,7,0.090033,0.051419,0.989931,0.126104,0.655701,11.0000,1.065383,0.774786
3,324,9,0.075197,0.050998,1.000797,0.086265,0.709187,8.0000,1.036812,0.797279
3,325,11,0.071120,0.046755,1.026606,0.081827,0.740014,6.0000,1.075954,0.850705
3,326,11,0.071120,0.046755,1.026606,0.081827,0.740014,4.0000,1.116932,0.850705
3,327,12,0.071120,0.047643,1.027291,0.078746,0.704954,14.0000,1.123324,0.852123
3,328,14,0.058333,0.046887,1.032512,0.032185,0.728582,8.0000,0.995993,0.862930
3,329,14,0.058333,0.046887,1.032512,0.032185,0.728582,13.0000,0.995180,0.862930
3,330,1,0.644740,0.137926,0.382066,0.000000,1.000000,1.0000,1.275395,0.266201
3,331,3,0.230656,0.086723,0.688224,0.524103,0.801691,4.0000,1.110348,0.508409
3,332,9,0.095715,0.060425,0.918383,0.099487,0.577194,13.0000,0.932788,0.724329
3,333,10,0.095596,0.058156,0.918535,0.106070,0.648875,9.0000,1.027686,0.724641
3,334,11,0.093726,0.055207,0.964430,0.061199,0.590335,9.0000,1.079276,0.744640
3,335,14,0.052447,0.056325,0.999677,0.058075,0.429278,11.0000,1.044381,0.816861
3,336,17,0.049438,0.054365,1.006112,0.057541,0.522088,9.0000,1.025922,0.830046
3,337,15,0.048375,0.036577,1.015935,0.060104,0.613377,10.0000,1.119838,0.850173
3,338,15,0.047573,0.035785,1.016388,0.060630,0.620293,10.0000,1.070739,0.851101
3,339,14,0.040772,0.026066,1.027335,0.065425,0.654819,14.0000,0.919712,0.873531
3,340,2,0.317501,0.125001,0.610003,0.000000,0.234113,4.0000,1.168113,0.284903
3,341,4,0.150461,0.065841,0.893900,0.260008,0.366143,5.0000,1.163319,0.654373
3,342,7,0.128615,0.077911,0.938863,0.120145,0.607148,7.0000,1.041115,0.745918
3,343,7,0.128615,0.077911,0.938863,0.120145,0.607148,4.0000,0.891704,0.745918
3,344,13,0.078357,0.074723,0.980664,0.039309,0.584117,10.0000,1.012974,0.802955
3,345,14,0.077782,0.072005,0.981604,0.033689,0.642287,8.0000,1.141883,0.804869
3,346,14,0.077782,0.072005,0.981604,0.033689,0.642287,15.0000,1.048178,0.804869
3,347,14,0.067188,0.057398,0.992581,0.058387,0.612039,10.0000,0.965774,0.827218
3,348,14,0.067188,0.057398,0.992581,0.058387,0.612039,9.0000,0.994269,0.827218
3,349,15,0.066673,0.057163,0.993126,0.053118,0.655703,15.0000,1.003726,0.828329
3,350,2,0.383662,0.239012,0.505017,0.000000,0.431169,3.0000,1.258046,0.235471
3,351,3,0.300410,0.108082,0.688631,0.858341,0.798637,8.0000,1.102024,0.369244
3,352,7,0.137093,0.107288,0.815852,0.149658,0.505571,11.0000,0.921398,0.600706
3,353,10,0.129153,0.085066,0.888815,0.066906,0.645815,12.0000,1.001759,0.745759
3,354,13,0.083325,0.079732,0.916947,0.067050,0.577852,16.0000,1.045950,0.801684
3,355,12,0.079233,0.059152,0.946200,0.087607,0.708452,9.0000,1.076463,0.858934
3,356,12,0.079233,0.059152,0.946200,0.087607,0.708452,7.0000,1.036812,0.858934
3,357,12,0.061628,0.037182,0.982772,0.080451,0.668287,11.0000,0.947227,0.881486
3,358,13,0.061627,0.035738,0.982799,0.083551,0.741216,10.0000,1.032515,0.881540
3,359,14,0.058686,0.034808,0.985349,0.071385,0.760649,11.0000,1.073601,0.886610
3,360,2,0.388666,0.003879,0.732563,0.000000,0.005349,3.0000,1.254393,0.400389
3,361,2,0.388666,0.003879,0.732563,0.000000,0.005349,1.0000,1.035601,0.400389
3,362,5,0.169637,0.098501,0.826659,0.245043,0.664963,10.0000,0.971875,0.583164
3,363,7,0.151988,0.083474,0.900322,0.207440,0.764036,10.0000,1.052380,0.726248
3,364,7,0.151988,0.083474,0.900322,0.207440,0.764036,6.0000,1.070626,0.726248
3,365,10,0.109737,0.063428,0.916789,0.111355,0.775083,11.0000,0.947594,0.758234
3,366,14,0.094294,0.074663,0.933569,0.081026,0.691539,10.0000,0.968993,0.790828
3,367,12,0.080183,0.051608,0.966717,0.098773,0.763913,6.0000,1.045594,0.855216
3,368,12,0.072014,0.041446,0.977836,0.084015,0.766038,9.0000,1.062001,0.876813
3,369,12,0.072014,0.041446,0.977836,0.084015,0.766038,4.0000,1.078482,0.876813
3,370,1,0.541024,0.075639,0.400362,0.000000,1.000000,1.0000,1.207681,0.314525
3,371,4,0.174115,0.059520,0.764550,0.316853,0.533177,7.0000,1.046122,0.561930
3,372,7,0.119826,0.056922,0.826276,0.131990,0.717852,10.0000,1.004700,0.680867
3,373,7,0.083572,0.047741,0.861969,0.214607,0.703857,11.0000,0.976934,0.749642
3,374,8,0.082876,0.047505,0.876121,0.191705,0.755931,8.0000,1.060172,0.776911
3,375,9,0.082355,0.052222,0.877329,0.120097,0.634095,6.0000,1.065348,0.779238
3,376,9,0.082355,0.052222,0.877329,0.120097,0.634095,4.0000,1.040029,0.779238
3,377,11,0.081248,0.055813,0.885540,0.101515,0.663566,15.0000,1.001398,0.795058
3,378,11,0.077736,0.051962,0.896536,0.050759,0.648358,8.0000,1.024125,0.816247
3,379,11,0.071670,0.044192,0.923898,0.051967,0.627493,8.0000,1.014785,0.868970
3,380,1,0.810675,0.193890,0.127108,0.000000,1.000000,2.0000,1.221318,0.000000
3,381,4,0.222466,0.181040,0.536085,0.351017,0.616531,3.0000,1.074058,0.339546
3,382,6,0.186319,0.133886,0.666311,0.208066,0.788016,10.0000,0.964267,0.562472
3,383,7,0.093226,0.029703,0.837479,0.171327,0.682363,14.0000,1.012432,0.829317
3,384,8,0.074479,0.028098,0.894449,0.098577,0.584526,6.0000,1.136867,0.858805
3,385,9,0.070940,0.027534,0.897768,0.074860,0.686092,8.0000,1.013305,0.865194
3,386,11,0.059470,0.031344,0.901222,0.085067,0.634028,8.0000,0.939868,0.868365
3,387,12,0.058532,0.030693,0.902849,0.084944,0.702535,7.0000,0.981061,0.871497
3,388,13,0.058532,0.031196,0.910134,0.082312,0.710064,10.0000,1.107837,0.885521
3,389,14,0.057964,0.031442,0.910412,0.083829,0.752609,9.0000,1.074252,0.886058
3,390,1,0.699692,0.351270,0.088620,0.000000,1.000000,1.0000,1.241046,0.025087
3,391,4,0.252750,0.150876,0.600700,0.453303,0.793151,9.0000,1.063354,0.480437
3,392,7,0.110445,0.090458,0.739930,0.093995,0.500891,14.0000,0.917020,0.698505
3,393,8,0.089173,0.060715,0.792726,0.147938,0.623959,7.0000,0.958045,0.752824
3,394,9,0.087552,0.053815,0.803276,0.117440,0.621197,10.0000,1.034869,0.773612
3,395,12,0.060029,0.052412,0.807165,0.109508,0.565516,6.0000,1.099341,0.781274
3,396,13,0.060029,0.064386,0.810864,0.069265,0.484908,7.0000,1.029251,0.788562
3,397,12,0.052676,0.049810,0.830907,0.107613,0.566788,6.0000,1.005957,0.812735
3,398,12,0.052676,0.049810,0.830907,0.107613,0.566788,2.0000,0.972752,0.812735
3,399,10,0.047954,0.042950,0.857632,0.041259,0.402570,8.0000,1.089472,0.865392
3,400,1,0.685814,0.098650,0.289814,0.000000,1.000000,1.0000,1.331421,0.272358
3,401,4,0.251213,0.089295,0.645175,0.004824,0.882641,3.0000,1.110882,0.524519
3,402,6,0.160364,0.085470,0.692916,0.154347,0.757922,4.0000,0.904150,0.614954
3,403,7,0.168963,0.100030,0.708804,0.126411,0.681751,9.0000,0.977600,0.646130
3,404,8,0.102332,0.076935,0.752817,0.181276,0.742282,5.0000,1.118176,0.732494
3,405,8,0.102431,0.074588,0.768420,0.179829,0.740331,5.0000,1.129881,0.763111
3,406,9,0.102288,0.071032,0.768437,0.179559,0.834118,9.0000,1.023570,0.763143
3,407,10,0.098851,0.075228,0.770987,0.139490,0.862140,4.0000,0.991919,0.768147
3,408,10,0.098851,0.075228,0.770987,0.139490,0.862140,2.0000,1.069936,0.768147
3,409,10,0.097777,0.069935,0.775520,0.139835,0.895897,6.0000,1.081634,0.777041
3,410,2,0.348664,0.058785,0.599492,0.000000,0.141677,2.0000,1.304503,0.467968
3,411,4,0.273052,0.146558,0.604471,0.502627,0.648151,2.0000,1.076740,0.477914
3,412,8,0.103971,0.078219,0.693901,0.189626,0.709553,8.0000,0.917445,0.659771
3,413,11,0.093997,0.076044,0.721068,0.116688,0.695361,6.0000,1.024169,0.695001
3,414,13,0.081227,0.079381,0.737899,0.095693,0.577096,4.0000,1.122079,0.729226
3,415,14,0.080271,0.077814,0.740470,0.095039,0.604892,5.0000,1.056944,0.734454
3,416,16,0.079073,0.079143,0.742530,0.091494,0.573531,4.0000,0.999106,0.738644
3,417,16,0.079073,0.079143,0.742530,0.091494,0.573531,1.0000,1.011519,0.738644
3,418,13,0.075408,0.071833,0.752689,0.096985,0.641253,7.0000,1.030737,0.759302
3,419,13,0.075408,0.071833,0.752689,0.096985,0.641253,6.0000,1.002606,0.759302
3,420,2,0.347166,0.153046,0.320118,0.000000,0.607259,2.0000,1.190610,0.249346
3,421,4,0.289137,0.097795,0.579977,0.026508,1.033576,8.0000,1.128795,0.532775
3,422,4,0.186956,0.056290,0.700754,0.215707,0.613122,6.0000,0.991940,0.749479
3,423,5,0.135741,0.073856,0.708718,0.196991,0.439431,7.0000,0.930677,0.765475
3,424,5,0.130669,0.056372,0.729620,0.159241,0.367985,8.0000,0.993218,0.789826
3,425,6,0.126405,0.051477,0.748209,0.185394,0.561515,4.0000,1.082233,0.804439
3,426,9,0.119659,0.063213,0.753251,0.036498,0.738116,9.0000,1.056466,0.814566
3,427,9,0.118131,0.048402,0.761604,0.097539,0.781431,9.0000,1.083955,0.831345
3,428,10,0.114178,0.051792,0.765164,0.013000,0.789909,9.0000,1.006375,0.838494
3,429,10,0.113094,0.047678,0.767535,0.014928,0.814366,5.0000,1.072577,0.843258
3,430,0,,,,,,0.0000,1.241224,0.000000
3,431,0,,,,,,0.0000,1.245057,0.000000
3,432,0,,,,,,0.0000,1.244661,0.000000
3,433,0,,,,,,0.0000,1.181315,0.000000
3,434,0,,,,,,0.0000,1.174743,0.000000
3,435,0,,,,,,0.0000,1.191426,0.000000
3,436,0,,,,,,0.0000,1.220862,0.000000
3,437,0,,,,,,0.0000,1.173785,0.000000
3,438,0,,,,,,0.0000,1.255844,0.000000
3,439,0,,,,,,0.0000,1.224330,0.000000
3,440,0,,,,,,0.0000,1.153913,0.000000
3,441,0,,,,,,0.0000,1.160711,0.000000
3,442,0,,,,,,0.0000,1.239347,0.000000
3,443,0,,,,,,0.0000,1.188336,0.000000
3,444,0,,,,,,0.0000,1.173514,0.000000
3,445,0,,,,,,0.0000,1.218004,0.000000
3,446,0,,,,,,0.0000,1.192949,0.000000
3,447,0,,,,,,0.0000,1.184928,0.000000
3,448,0,,,,,,0.0000,1.145104,0.000000
3,449,0,,,,,,0.0000,1.216486,0.000000
3,450,0,,,,,,0.0000,1.229495,0.000000
3,451,0,,,,,,0.0000,1.144165,0.000000
3,452,0,,,,,,0.0000,1.164558,0.000000
3,453,0,,,,,,0.0000,1.192105,0.000000
3,454,0,,,,,,0.0000,1.220689,0.000000
3,455,0,,,,,,0.0000,1.192196,0.000000
3,456,0,,,,,,0.0000,1.242616,0.000000
3,457,0,,,,,,0.0000,1.158158,0.000000
3,458,0,,,,,,0.0000,1.149202,0.000000
3,459,0,,,,,,0.0000,1.192081,0.000000
3,460,0,,,,,,0.0000,1.237279,0.000000
3,461,0,,,,,,0.0000,1.150536,0.000000
3,462,0,,,,,,0.0000,1.211700,0.000000
3,463,0,,,,,,0.0000,1.184491,0.000000
3,464,0,,,,,,0.0000,1.190554,0.000000
3,465,0,,,,,,0.0000,1.219575,0.000000
3,466,0,,,,,,0.0000,1.252814,0.000000
3,467,0,,,,,,0.0000,1.172851,0.000000
3,468,0,,,,,,0.0000,1.179669,0.000000
3,469,0,,,,,,0.0000,1.216713,0.000000
3,470,0,,,,,,0.0000,1.253159,0.000000
3,471,0,,,,,,0.0000,1.217514,0.000000
3,472,0,,,,,,0.0000,1.148335,0.000000
3,473,0,,,,,,0.0000,1.143079,0.000000
3,474,0,,,,,,0.0000,1.186250,0.000000
3,475,0,,,,,,0.0000,1.220376,0.000000
3,476,0,,,,,,0.0000,1.200810,0.000000
3,477,0,,,,,,0.0000,1.167576,0.000000
3,478,0,,,,,,0.0000,1.172981,0.000000
3,479,0,,,,,,0.0000,1.216849,0.000000
3,480,0,,,,,,0.0000,1.198942,0.000000
3,481,0,,,,,,0.0000,1.199735,0.000000
3,482,0,,,,,,0.0000,1.199263,0.000000
3,483,0,,,,,,0.0000,1.205044,0.000000
3,484,0,,,,,,0.0000,1.171988,0.000000
3,485,0,,,,,,0.0000,1.207364,0.000000
3,486,0,,,,,,0.0000,1.224516,0.000000
3,487,0,,,,,,0.0000,1.157683,0.000000
3,488,0,,,,,,0.0000,1.168011,0.000000
3,489,0,,,,,,0.0000,1.212097,0.000000
3,490,0,,,,,,0.0000,1.221842,0.000000
3,491,0,,,,,,0.0000,1.165222,0.000000
3,492,0,,,,,,0.0000,1.213640,0.000000
3,493,0,,,,,,0.0000,1.195877,0.000000
3,494,0,,,,,,0.0000,1.195559,0.000000
3,495,0,,,,,,0.0000,1.182225,0.000000
3,496,0,,,,,,0.0000,1.213721,0.000000
3,497,0,,,,,,0.0000,1.222447,0.000000
3,498,0,,,,,,0.0000,1.197969,0.000000
3,499,0,,,,,,0.0000,1.215162,0.000000
3,500,0,,,,,,0.0000,1.160105,0.000000
3,501,0,,,,,,0.0000,1.169394,0.000000
3,502,0,,,,,,0.0000,1.198199,0.000000
3,503,0,,,,,,0.0000,1.224035,0.000000
3,504,0,,,,,,0.0000,1.176286,0.000000
3,505,0,,,,,,0.0000,1.148745,0.000000
3,506,0,,,,,,0.0000,1.171236,0.000000
3,507,0,,,,,,0.0000,1.268454,0.000000
3,508,0,,,,,,0.0000,1.218296,0.000000
3,509,0,,,,,,0.0000,1.183323,0.000000
3,510,0,,,,,,0.0000,1.156667,0.000000
3,511,0,,,,,,0.0000,1.209756,0.000000
3,512,0,,,,,,0.0000,1.283641,0.000000
3,513,0,,,,,,0.0000,1.171874,0.000000
3,514,0,,,,,,0.0000,1.129938,0.000000
3,515,0,,,,,,0.0000,1.195836,0.000000
3,516,0,,,,,,0.0000,1.257808,0.000000
3,517,0,,,,,,0.0000,1.222966,0.000000
3,518,0,,,,,,0.0000,1.162973,0.000000
3,519,0,,,,,,0.0000,1.212301,0.000000
3,520,0,,,,,,0.0000,1.192891,0.000000
3,521,0,,,,,,0.0000,1.256601,0.000000
3,522,0,,,,,,0.0000,1.149898,0.000000
3,523,0,,,,,,0.0000,1.139932,0.000000
3,524,0,,,,,,0.0000,1.205277,0.000000
3,525,0,,,,,,0.0000,1.219715,0.000000
3,526,0,,,,,,0.0000,1.193797,0.000000
3,527,0,,,,,,0.0000,1.201890,0.000000
3,528,0,,,,,,0.0000,1.222878,0.000000
3,529,0,,,,,,0.0000,1.232845,0.000000
3,530,0,,,,,,0.0000,1.228400,0.000000
3,531,0,,,,,,0.0000,1.240998,0.000000
3,532,0,,,,,,0.0000,1.202270,0.000000
3,533,0,,,,,,0.0000,1.131586,0.000000
3,534,0,,,,,,0.0000,1.179086,0.000000
3,535,0,,,,,,0.0000,1.247370,0.000000
3,536,0,,,,,,0.0000,1.178739,0.000000
3,537,0,,,,,,0.0000,1.180413,0.000000
3,538,0,,,,,,0.0000,1.221417,0.000000
3,539,0,,,,,,0.0000,1.216683,0.000000
3,540,0,,,,,,0.0000,1.225174,0.000000
3,541,0,,,,,,0.0000,1.139378,0.000000
3,542,0,,,,,,0.0000,1.194456,0.000000
3,543,0,,,,,,0.0000,1.157135,0.000000
3,544,0,,,,,,0.0000,1.177227,0.000000
3,545,0,,,,,,0.0000,1.151468,0.000000
3,546,0,,,,,,0.0000,1.190268,0.000000
3,547,0,,,,,,0.0000,1.194540,0.000000
3,548,0,,,,,,0.0000,1.216000,0.000000
3,549,0,,,,,,0.0000,1.195671,0.000000
3,550,0,,,,,,0.0000,1.180952,0.000000
3,551,0,,,,,,0.0000,1.113914,0.000000
3,552,0,,,,,,0.0000,1.195874,0.000000
3,553,0,,,,,,0.0000,1.200965,0.000000
3,554,0,,,,,,0.0000,1.216016,0.000000
3,555,0,,,,,,0.0000,1.139402,0.000000
3,556,0,,,,,,0.0000,1.169062,0.000000
3,557,0,,,,,,0.0000,1.246170,0.000000
3,558,0,,,,,,0.0000,1.211449,0.000000
3,559,0,,,,,,0.0000,1.188596,0.000000
3,560,0,,,,,,0.0000,1.213426,0.000000
3,561,0,,,,,,0.0000,1.205737,0.000000
3,562,0,,,,,,0.0000,1.220996,0.000000
3,563,0,,,,,,0.0000,1.130309,0.000000
3,564,0,,,,,,0.0000,1.153502,0.000000
3,565,0,,,,,,0.0000,1.227405,0.000000
3,566,0,,,,,,0.0000,1.186470,0.000000
3,567,0,,,,,,0.0000,1.162152,0.000000
3,568,0,,,,,,0.0000,1.222927,0.000000
3,569,0,,,,,,0.0000,1.220085,0.000000
3,570,0,,,,,,0.0000,1.164436,0.000000
3,571,0,,,,,,0.0000,1.189142,0.000000
3,572,0,,,,,,0.0000,1.185355,0.000000
3,573,0,,,,,,0.0000,1.212436,0.000000
3,574,0,,,,,,0.0000,1.203082,0.000000
3,575,0,,,,,,0.0000,1.142742,0.000000
3,576,0,,,,,,0.0000,1.190785,0.000000
3,577,0,,,,,,0.0000,1.257968,0.000000
3,578,0,,,,,,0.0000,1.258238,0.000000
3,579,0,,,,,,0.0000,1.105335,0.000000
3,580,0,,,,,,0.0000,1.156477,0.000000
3,581,0,,,,,,0.0000,1.211886,0.000000
3,582,0,,,,,,0.0000,1.247906,0.000000
3,583,0,,,,,,0.0000,1.230546,0.000000
3,584,0,,,,,,0.0000,1.144212,0.000000
3,585,0,,,,,,0.0000,1.171340,0.000000
3,586,0,,,,,,0.0000,1.213530,0.000000
3,587,0,,,,,,0.0000,1.213325,0.000000
3,588,0,,,,,,0.0000,1.175536,0.000000
3,589,0,,,,,,0.0000,1.133421,0.000000
3,590,0,,,,,,0.0000,1.183896,0.000000
3,591,0,,,,,,0.0000,1.255305,0.000000
3,592,0,,,,,,0.0000,1.212090,0.000000
3,593,0,,,,,,0.0000,1.172809,0.000000
3,594,0,,,,,,0.0000,1.194959,0.000000
3,595,0,,,,,,0.0000,1.274313,0.000000
3,596,0,,,,,,0.0000,1.269462,0.000000
3,597,0,,,,,,0.0000,1.182806,0.000000
3,598,0,,,,,,0.0000,1.164213,0.000000
3,599,0,,,,,,0.0000,1.257574,0.000000
3,600,0,,,,,,0.0000,1.214341,0.000000
3,601,0,,,,,,0.0000,1.167059,0.000000
3,602,0,,,,,,0.0000,1.184499,0.000000
3,603,0,,,,,,0.0000,1.198037,0.000000
3,604,0,,,,,,0.0000,1.184652,0.000000
3,605,0,,,,,,0.0000,1.194081,0.000000
3,606,0,,,,,,0.0000,1.198124,0.000000
3,607,0,,,,,,0.0000,1.227620,0.000000
3,608,0,,,,,,0.0000,1.191025,0.000000
3,609,0,,,,,,0.0000,1.203016,0.000000
3,610,0,,,,,,0.0000,1.193127,0.000000
3,611,0,,,,,,0.0000,1.206310,0.000000
3,612,0,,,,,,0.0000,1.203223,0.000000
3,613,0,,,,,,0.0000,1.221170,0.000000
3,614,0,,,,,,0.0000,1.143818,0.000000
3,615,0,,,,,,0.0000,1.187547,0.000000
3,616,0,,,,,,0.0000,1.236066,0.000000
3,617,0,,,,,,0.0000,1.210843,0.000000
3,618,0,,,,,,0.0000,1.155239,0.000000
3,619,0,,,,,,0.0000,1.212409,0.000000
3,620,0,,,,,,0.0000,1.186076,0.000000
3,621,0,,,,,,0.0000,1.206381,0.000000
3,622,0,,,,,,0.0000,1.193867,0.000000
3,623,0,,,,,,0.0000,1.207608,0.000000
3,624,0,,,,,,0.0000,1.161547,0.000000
3,625,0,,,,,,0.0000,1.176685,0.000000
3,626,0,,,,,,0.0000,1.194867,0.000000
3,627,0,,,,,,0.0000,1.237343,0.000000
3,628,0,,,,,,0.0000,1.187029,0.000000
3,629,0,,,,,,0.0000,1.143377,0.000000
3,630,0,,,,,,0.0000,1.124304,0.000000
3,631,0,,,,,,0.0000,1.178709,0.000000
3,632,0,,,,,,0.0000,1.218022,0.000000
3,633,0,,,,,,0.0000,1.149229,0.000000
3,634,0,,,,,,0.0000,1.203426,0.000000
3,635,0,,,,,,0.0000,1.228206,0.000000
3,636,0,,,,,,0.0000,1.196148,0.000000
3,637,0,,,,,,0.0000,1.166184,0.000000
3,638,0,,,,,,0.0000,1.155335,0.000000
3,639,0,,,,,,0.0000,1.230749,0.000000
3,640,1,0.853995,0.003358,0.341302,0.000000,1.000000,1.0000,1.243286,0.218559
3,641,3,0.205551,0.106208,0.679920,0.133750,0.343614,4.0000,0.873300,0.480696
3,642,6,0.099690,0.058207,0.881471,0.077867,0.268457,19.0000,0.873170,0.750601
3,643,8,0.071835,0.058350,0.893406,0.051330,0.200278,13.0000,0.970663,0.773785
3,644,9,0.065887,0.055259,0.903199,0.076476,0.314755,7.0000,1.002381,0.792806
3,645,9,0.065882,0.055260,0.903231,0.076455,0.314820,11.0000,0.990907,0.792869
3,646,9,0.065882,0.055260,0.903231,0.076455,0.314820,7.0000,0.977141,0.792869
3,647,9,0.065882,0.055260,0.903231,0.076455,0.314820,4.0000,1.081645,0.792869
3,648,10,0.065882,0.062031,0.905130,0.068291,0.337178,7.0000,1.051192,0.793155
3,649,13,0.061032,0.059467,0.916899,0.071373,0.439795,10.0000,1.075677,0.816016
3,650,1,0.800200,0.105579,0.396614,0.000000,1.000000,1.0000,1.269268,0.081755
3,651,6,0.172961,0.152760,0.723445,0.310288,0.724048,6.0000,1.148859,0.420717
3,652,7,0.137169,0.041086,0.858969,0.325843,0.796473,11.0000,0.963367,0.627099
3,653,9,0.100085,0.057306,0.882599,0.233547,0.797832,9.0000,0.971946,0.673667
3,654,11,0.080966,0.053937,0.927651,0.074763,0.757763,12.0000,1.083847,0.753189
3,655,13,0.079195,0.064894,0.938745,0.063490,0.601355,15.0000,1.038980,0.775244
3,656,14,0.067416,0.065187,0.943758,0.059920,0.516843,6.0000,1.004482,0.785209
3,657,12,0.073987,0.068209,0.949750,0.054088,0.487402,9.0000,0.988622,0.797122
3,658,14,0.065201,0.057248,0.960694,0.051547,0.574187,12.0000,0.990149,0.818880
3,659,14,0.062967,0.055410,0.963010,0.051521,0.604879,8.0000,1.034857,0.823482
3,660,3,0.223605,0.069791,0.796537,0.555201,0.646721,3.0000,1.243398,0.586208
3,661,4,0.215852,0.082509,0.830370,0.059737,0.753671,5.0000,1.115137,0.604848
3,662,6,0.143080,0.068295,0.879528,0.163438,0.652442,5.0000,0.998962,0.704936
3,663,7,0.099706,0.052160,0.950544,0.097711,0.359540,11.0000,1.029404,0.771250
3,664,7,0.097757,0.039861,0.964442,0.116572,0.444512,9.0000,1.116859,0.799545
3,665,9,0.064744,0.037266,0.987424,0.118785,0.541116,9.0000,1.015088,0.846337
3,666,9,0.066011,0.034633,1.010894,0.124517,0.534626,9.0000,1.103235,0.864503
3,667,10,0.058706,0.038376,1.014077,0.100704,0.584866,7.0000,1.094994,0.870985
3,668,10,0.058706,0.038376,1.014077,0.100704,0.584866,5.0000,1.048666,0.870985
3,669,10,0.058706,0.038376,1.014077,0.100704,0.584866,9.0000,1.007597,0.870985
3,670,2,0.362307,0.017741,0.768319,0.000000,0.020199,5.0000,1.227259,0.342809
3,671,4,0.149237,0.070629,0.871094,0.121942,0.166788,5.0000,1.122069,0.553395
3,672,6,0.125070,0.094094,0.921131,0.205519,0.453234,8.0000,0.950817,0.655919
3,673,9,0.092519,0.061489,0.958280,0.136953,0.714935,10.0000,1.029146,0.732039
3,674,9,0.092428,0.061255,0.959019,0.136956,0.717338,6.0000,1.163427,0.733552
3,675,11,0.087361,0.063413,0.976747,0.091227,0.668160,8.0000,1.090882,0.769877
3,676,12,0.084003,0.060826,1.007237,0.084032,0.640684,7.0000,1.007886,0.832351
3,677,12,0.084003,0.060826,1.007237,0.084032,0.640684,14.0000,1.071291,0.832351
3,678,14,0.078263,0.058177,1.008446,0.050378,0.588822,13.0000,0.998398,0.834828
3,679,15,0.078263,0.061024,1.008887,0.051147,0.621020,7.0000,1.065013,0.835732
3,680,1,0.849063,0.039995,0.333524,0.000000,1.000000,2.0000,1.199801,0.121373
3,681,3,0.250760,0.064388,0.765603,0.647342,0.566224,4.0000,1.066068,0.377659
3,682,5,0.184876,0.107119,0.877434,0.117644,0.631123,6.0000,0.979449,0.609151
3,683,8,0.098047,0.089180,0.946850,0.043000,0.456754,10.0000,0.994366,0.752843
3,684,10,0.094854,0.063908,1.001162,0.059051,0.616357,9.0000,1.107827,0.798037
3,685,10,0.078138,0.057575,1.011716,0.054582,0.625166,12.0000,1.058586,0.819883
3,686,12,0.077843,0.077499,1.012088,0.053604,0.651441,9.0000,1.029522,0.820652
3,687,12,0.077818,0.077487,1.012302,0.053389,0.652009,6.0000,1.097682,0.821097
3,688,13,0.073436,0.074593,1.013401,0.034844,0.639967,11.0000,1.066875,0.823371
3,689,14,0.073263,0.072183,1.013727,0.033789,0.651293,10.0000,1.067366,0.824045
3,690,3,0.770914,0.027232,0.399378,0.019361,0.946990,3.0000,1.241008,0.210664
3,691,4,0.320457,0.028135,0.789862,0.884087,1.193012,4.0000,1.049272,0.350981
3,692,6,0.185629,0.036524,0.904014,0.226915,0.948995,7.0000,0.984555,0.591413
3,693,8,0.169297,0.063855,0.925766,0.081769,0.946467,15.0000,0.991414,0.622591
3,694,9,0.164181,0.071850,0.936491,0.092779,0.772887,11.0000,1.051788,0.645181
3,695,8,0.163959,0.059613,0.963253,0.140168,0.909613,14.0000,1.087504,0.701549
3,696,9,0.163923,0.092642,0.963540,0.105507,0.788012,7.0000,1.037303,0.702152
3,697,10,0.093926,0.075145,1.004645,0.134654,0.817528,7.0000,1.112251,0.788731
3,698,13,0.080916,0.067547,1.016545,0.065668,0.793360,9.0000,1.111227,0.813795
3,699,15,0.073870,0.067924,1.025530,0.049825,0.703516,9.0000,1.005879,0.832719
3,700,1,0.841402,0.034739,0.349632,0.000000,1.000000,2.0000,1.257308,0.132125
3,701,5,0.230203,0.119544,0.709567,0.426940,0.894597,5.0000,1.135451,0.430809
3,702,7,0.156471,0.097134,0.845108,0.037473,0.793783,14.0000,0.997517,0.563943
3,703,8,0.151749,0.099557,0.898957,0.045126,0.672871,9.0000,1.021594,0.598111
3,704,11,0.146636,0.086167,0.944881,0.046146,0.774135,7.0000,1.037512,0.659111
3,705,11,0.146636,0.086167,0.944881,0.046146,0.774135,5.0000,1.045593,0.659111
3,706,11,0.100521,0.072421,0.981279,0.110617,0.735065,6.0000,0.962615,0.735341
3,707,12,0.080117,0.058825,0.999212,0.112868,0.760248,13.0000,1.071090,0.772899
3,708,13,0.076732,0.064398,1.004493,0.108030,0.710015,8.0000,1.127621,0.783960
3,709,13,0.076464,0.063611,1.005876,0.109668,0.713405,14.0000,1.021471,0.786857
3,710,2,0.359901,0.021315,0.779056,0.000000,0.030030,2.0000,1.178273,0.313585
3,711,5,0.315252,0.014285,0.848083,0.785546,1.321008,3.0000,1.068542,0.458972
3,712,7,0.169244,0.029169,0.930865,0.423714,1.023478,9.0000,1.033649,0.633330
3,713,7,0.168324,0.021844,0.938019,0.426732,1.048748,12.0000,1.082421,0.648398
3,714,8,0.074323,0.033511,1.004000,0.142337,0.670802,10.0000,1.087631,0.787372
3,715,8,0.074323,0.033511,1.004000,0.142337,0.670802,6.0000,1.037517,0.787372
3,716,8,0.074323,0.033511,1.004000,0.142337,0.670802,5.0000,0.991910,0.787372
3,717,8,0.063390,0.020596,1.027387,0.131335,0.668597,10.0000,1.051121,0.836630
3,718,10,0.062469,0.040237,1.042608,0.077950,0.483227,7.0000,1.133432,0.868690
3,719,10,0.062445,0.040212,1.042702,0.077876,0.483319,5.0000,1.136909,0.868888
3,720,1,0.842877,0.028466,0.349601,0.000000,1.000000,1.0000,1.249312,0.146495
3,721,2,0.357179,0.119545,0.615574,0.000000,0.130942,4.0000,1.075934,0.149374
3,722,6,0.135490,0.100315,0.900562,0.070064,0.356866,12.0000,0.964679,0.693505
3,723,6,0.089722,0.054687,0.955723,0.103191,0.432825,14.0000,0.949537,0.779289
3,724,7,0.085725,0.047946,1.006598,0.087277,0.448174,11.0000,1.043987,0.809289
3,725,7,0.085549,0.047480,1.007643,0.089077,0.450087,8.0000,1.046148,0.811452
3,726,8,0.084584,0.045952,1.011121,0.112917,0.595203,10.0000,1.032534,0.818652
3,727,9,0.078470,0.043537,1.016625,0.058659,0.557114,6.0000,1.058292,0.830044
3,728,9,0.078198,0.043361,1.020516,0.059404,0.555585,8.0000,1.020047,0.838099
3,729,10,0.074937,0.041202,1.022302,0.040716,0.633770,7.0000,1.034296,0.841796
3,730,2,0.358390,0.095962,0.661456,0.000000,0.096390,3.0000,1.293654,0.214434
3,731,5,0.176621,0.128545,0.770876,0.219657,0.424354,8.0000,1.141287,0.430011
3,732,7,0.134969,0.077572,0.905695,0.036255,0.711577,15.0000,0.960647,0.688018
3,733,10,0.118844,0.061700,0.956321,0.062019,0.798573,11.0000,0.940622,0.728025
3,734,12,0.076910,0.067095,0.987601,0.078009,0.602572,16.0000,1.031428,0.792117
3,735,14,0.073911,0.065446,0.991402,0.046617,0.571411,7.0000,1.103650,0.799905
3,736,14,0.073752,0.064379,1.000165,0.042216,0.579227,12.0000,1.061561,0.817861
3,737,15,0.064489,0.063461,1.004422,0.039433,0.508122,13.0000,1.022456,0.826583
3,738,16,0.064304,0.067457,1.005073,0.042284,0.545701,7.0000,1.051710,0.827917
3,739,16,0.055683,0.064137,1.013370,0.046246,0.518844,14.0000,1.009568,0.844917
3,740,3,0.372036,0.270128,0.569716,0.328617,0.542562,5.0000,1.258184,0.193706
3,741,3,0.322025,0.030537,0.779311,0.985011,0.891274,6.0000,1.147971,0.412506
3,742,6,0.169414,0.070532,0.831396,0.237049,0.857565,9.0000,0.981684,0.518552
3,743,8,0.145554,0.045728,0.897398,0.249832,0.930098,11.0000,0.926613,0.633424
3,744,11,0.076897,0.048616,0.975088,0.096898,0.647382,9.0000,1.068988,0.791603
3,745,12,0.072983,0.046965,0.978642,0.081383,0.688837,9.0000,1.068347,0.798838
3,746,12,0.072983,0.046965,0.978642,0.081383,0.688837,7.0000,1.006950,0.798838
3,747,15,0.063255,0.048887,0.987082,0.057741,0.625708,13.0000,1.019806,0.816023
3,748,15,0.063255,0.048887,0.987082,0.057741,0.625708,4.0000,1.074002,0.816023
3,749,15,0.063255,0.048887,0.987082,0.057741,0.625708,9.0000,1.079639,0.816023
3,750,0,,,,,,0.0000,1.255977,0.000000
3,751,1,0.850252,0.008778,0.498814,0.000000,1.000000,1.0000,1.233947,0.192088
3,752,6,0.206188,0.172607,0.705292,0.146703,0.562410,7.0000,0.954744,0.357681
3,753,8,0.124264,0.100098,0.838521,0.118098,0.534632,9.0000,0.923284,0.603516
3,754,9,0.120750,0.094522,0.863403,0.098829,0.523990,10.0000,1.052928,0.622251
3,755,9,0.113939,0.063413,0.909444,0.110188,0.713690,9.0000,1.117566,0.713783
3,756,12,0.067123,0.034927,0.991621,0.078409,0.658002,10.0000,1.065529,0.864922
3,757,12,0.067123,0.034927,0.991621,0.078409,0.658002,3.0000,1.037655,0.864922
3,758,13,0.067123,0.036513,0.998046,0.059435,0.646412,5.0000,1.005214,0.877695
3,759,14,0.067123,0.038976,1.003510,0.057151,0.621449,11.0000,1.049838,0.888557
3,760,4,0.187270,0.083517,0.706847,0.477602,0.819554,5.0000,1.284498,0.536060
3,761,8,0.164684,0.059239,0.838239,0.339711,0.876734,10.0000,1.034134,0.713627
3,762,10,0.138836,0.070810,0.844513,0.205030,0.836921,7.0000,0.900501,0.720459
3,763,11,0.089229,0.070967,0.858478,0.124236,0.720702,12.0000,0.964564,0.747585
3,764,12,0.084449,0.072222,0.884906,0.088058,0.649962,10.0000,1.124791,0.753372
3,765,12,0.083789,0.075069,0.892034,0.082358,0.626014,8.0000,1.114578,0.761282
3,766,13,0.071661,0.063946,0.902741,0.112993,0.652670,8.0000,0.985947,0.777224
3,767,13,0.062817,0.060753,0.930574,0.095561,0.649556,6.0000,1.055007,0.831287
3,768,10,0.055380,0.043717,0.941549,0.067489,0.495492,10.0000,1.065641,0.852605
3,769,12,0.054780,0.044961,0.949085,0.075989,0.503158,10.0000,1.012900,0.867244
3,770,0,,,,,,0.0000,1.208802,0.000000
3,771,0,,,,,,0.0000,1.307439,0.000000
3,772,0,,,,,,0.0000,1.197684,0.000000
3,773,0,,,,,,0.0000,1.150176,0.000000
3,774,0,,,,,,0.0000,1.235813,0.000000
3,775,0,,,,,,0.0000,1.241751,0.000000
3,776,0,,,,,,0.0000,1.221704,0.000000
3,777,0,,,,,,0.0000,1.185143,0.000000
3,778,0,,,,,,0.0000,1.155115,0.000000
3,779,0,,,,,,0.0000,1.204309,0.000000
3,780,0,,,,,,0.0000,1.251837,0.000000
3,781,0,,,,,,0.0000,1.195191,0.000000
3,782,0,,,,,,0.0000,1.186571,0.000000
3,783,0,,,,,,0.0000,1.156441,0.000000
3,784,0,,,,,,0.0000,1.218137,0.000000
3,785,0,,,,,,0.0000,1.242156,0.000000
3,786,0,,,,,,0.0000,1.214081,0.000000
3,787,0,,,,,,0.0000,1.168560,0.000000
3,788,0,,,,,,0.0000,1.201919,0.000000
3,789,0,,,,,,0.0000,1.207992,0.000000
3,790,0,,,,,,0.0000,1.148097,0.000000
3,791,0,,,,,,0.0000,1.235003,0.000000
3,792,0,,,,,,0.0000,1.226395,0.000000
3,793,0,,,,,,0.0000,1.190463,0.000000
3,794,0,,,,,,0.0000,1.245269,0.000000
3,795,0,,,,,,0.0000,1.194096,0.000000
3,796,0,,,,,,0.0000,1.201856,0.000000
3,797,0,,,,,,0.0000,1.226480,0.000000
3,798,0,,,,,,0.0000,1.180909,0.000000
3,799,0,,,,,,0.0000,1.185116,0.000000
3,800,0,,,,,,0.0000,1.217440,0.000000
3,801,0,,,,,,0.0000,1.174775,0.000000
3,802,0,,,,,,0.0000,1.149702,0.000000
3,803,0,,,,,,0.0000,1.206603,0.000000
3,804,0,,,,,,0.0000,1.248291,0.000000
3,805,0,,,,,,0.0000,1.217944,0.000000
3,806,0,,,,,,0.0000,1.199202,0.000000
3,807,0,,,,,,0.0000,1.174236,0.000000
3,808,0,,,,,,0.0000,1.230287,0.000000
3,809,0,,,,,,0.0000,1.243455,0.000000
3,810,0,,,,,,0.0000,1.243578,0.000000
3,811,0,,,,,,0.0000,1.194084,0.000000
3,812,0,,,,,,0.0000,1.181496,0.000000
3,813,0,,,,,,0.0000,1.181322,0.000000
3,814,0,,,,,,0.0000,1.195927,0.000000
3,815,0,,,,,,0.0000,1.144807,0.000000
3,816,0,,,,,,0.0000,1.170417,0.000000
3,817,0,,,,,,0.0000,1.205260,0.000000
3,818,0,,,,,,0.0000,1.223980,0.000000
3,819,0,,,,,,0.0000,1.216564,0.000000
3,820,0,,,,,,0.0000,1.144077,0.000000
3,821,0,,,,,,0.0000,1.160146,0.000000
3,822,0,,,,,,0.0000,1.231409,0.000000
3,823,0,,,,,,0.0000,1.271097,0.000000
3,824,0,,,,,,0.0000,1.188903,0.000000
3,825,0,,,,,,0.0000,1.183517,0.000000
3,826,0,,,,,,0.0000,1.177806,0.000000
3,827,0,,,,,,0.0000,1.220033,0.000000
3,828,0,,,,,,0.0000,1.252066,0.000000
3,829,0,,,,,,0.0000,1.182791,0.000000
3,830,0,,,,,,0.0000,1.166405,0.000000
3,831,0,,,,,,0.0000,1.167732,0.000000
3,832,0,,,,,,0.0000,1.173041,0.000000
3,833,0,,,,,,0.0000,1.218436,0.000000
3,834,0,,,,,,0.0000,1.191343,0.000000
3,835,0,,,,,,0.0000,1.157754,0.000000
3,836,0,,,,,,0.0000,1.169238,0.000000
3,837,0,,,,,,0.0000,1.222681,0.000000
3,838,0,,,,,,0.0000,1.250280,0.000000
3,839,0,,,,,,0.0000,1.221880,0.000000
3,840,0,,,,,,0.0000,1.206435,0.000000
3,841,0,,,,,,0.0000,1.228898,0.000000
3,842,0,,,,,,0.0000,1.205443,0.000000
3,843,0,,,,,,0.0000,1.164028,0.000000
3,844,0,,,,,,0.0000,1.211467,0.000000
3,845,0,,,,,,0.0000,1.192491,0.000000
3,846,0,,,,,,0.0000,1.226738,0.000000
3,847,0,,,,,,0.0000,1.222528,0.000000
3,848,0,,,,,,0.0000,1.213614,0.000000
3,849,0,,,,,,0.0000,1.217330,0.000000
3,850,0,,,,,,0.0000,1.139047,0.000000
3,851,0,,,,,,0.0000,1.104453,0.000000
3,852,0,,,,,,0.0000,1.184162,0.000000
3,853,0,,,,,,0.0000,1.277569,0.000000
3,854,0,,,,,,0.0000,1.176568,0.000000
3,855,0,,,,,,0.0000,1.145192,0.000000
3,856,0,,,,,,0.0000,1.173827,0.000000
3,857,0,,,,,,0.0000,1.218448,0.000000
3,858,0,,,,,,0.0000,1.267434,0.000000
3,859,0,,,,,,0.0000,1.170462,0.000000
3,860,0,,,,,,0.0000,1.197312,0.000000
3,861,0,,,,,,0.0000,1.166666,0.000000
3,862,0,,,,,,0.0000,1.139548,0.000000
3,863,0,,,,,,0.0000,1.144418,0.000000
3,864,0,,,,,,0.0000,1.219326,0.000000
3,865,0,,,,,,0.0000,1.199713,0.000000
3,866,0,,,,,,0.0000,1.228407,0.000000
3,867,0,,,,,,0.0000,1.183117,0.000000
3,868,0,,,,,,0.0000,1.191943,0.000000
3,869,0,,,,,,0.0000,1.153378,0.000000
3,870,0,,,,,,0.0000,1.218828,0.000000
3,871,0,,,,,,0.0000,1.269291,0.000000
3,872,0,,,,,,0.0000,1.245457,0.000000
3,873,0,,,,,,0.0000,1.160299,0.000000
3,874,0,,,,,,0.0000,1.179596,0.000000
3,875,0,,,,,,0.0000,1.210441,0.000000
3,876,0,,,,,,0.0000,1.185197,0.000000
3,877,0,,,,,,0.0000,1.155740,0.000000
3,878,0,,,,,,0.0000,1.191045,0.000000
3,879,0,,,,,,0.0000,1.202416,0.000000
3,880,0,,,,,,0.0000,1.199849,0.000000
3,881,0,,,,,,0.0000,1.182697,0.000000
3,882,0,,,,,,0.0000,1.168969,0.000000
3,883,0,,,,,,0.0000,1.168163,0.000000
3,884,0,,,,,,0.0000,1.221283,0.000000
3,885,0,,,,,,0.0000,1.185059,0.000000
3,886,0,,,,,,0.0000,1.144641,0.000000
3,887,0,,,,,,0.0000,1.175149,0.000000
3,888,0,,,,,,0.0000,1.213407,0.000000
3,889,0,,,,,,0.0000,1.231916,0.000000
3,890,0,,,,,,0.0000,1.220656,0.000000
3,891,0,,,,,,0.0000,1.175703,0.000000
3,892,0,,,,,,0.0000,1.128544,0.000000
3,893,0,,,,,,0.0000,1.197833,0.000000
3,894,0,,,,,,0.0000,1.214318,0.000000
3,895,0,,,,,,0.0000,1.212040,0.000000
3,896,0,,,,,,0.0000,1.177500,0.000000
3,897,0,,,,,,0.0000,1.151773,0.000000
3,898,0,,,,,,0.0000,1.229174,0.000000
3,899,0,,,,,,0.0000,1.203374,0.000000
3,900,0,,,,,,0.0000,1.231120,0.000000
3,901,0,,,,,,0.0000,1.122285,0.000000
3,902,0,,,,,,0.0000,1.186677,0.000000
3,903,0,,,,,,0.0000,1.247744,0.000000
3,904,0,,,,,,0.0000,1.188348,0.000000
3,905,0,,,,,,0.0000,1.147933,0.000000
3,906,0,,,,,,0.0000,1.170007,0.000000
3,907,0,,,,,,0.0000,1.220420,0.000000
3,908,0,,,,,,0.0000,1.218783,0.000000
3,909,0,,,,,,0.0000,1.173996,0.000000
3,910,0,,,,,,0.0000,1.212354,0.000000
3,911,0,,,,,,0.0000,1.189973,0.000000
3,912,0,,,,,,0.0000,1.162842,0.000000
3,913,0,,,,,,0.0000,1.187425,0.000000
3,914,0,,,,,,0.0000,1.205257,0.000000
3,915,0,,,,,,0.0000,1.188970,0.000000
3,916,0,,,,,,0.0000,1.199480,0.000000
3,917,0,,,,,,0.0000,1.195205,0.000000
3,918,0,,,,,,0.0000,1.214423,0.000000
3,919,0,,,,,,0.0000,1.183098,0.000000
3,920,0,,,,,,0.0000,1.167213,0.000000
3,921,0,,,,,,0.0000,1.199027,0.000000
3,922,0,,,,,,0.0000,1.206643,0.000000
3,923,0,,,,,,0.0000,1.132986,0.000000
3,924,0,,,,,,0.0000,1.203579,0.000000
3,925,0,,,,,,0.0000,1.259052,0.000000
3,926,0,,,,,,0.0000,1.199775,0.000000
3,927,0,,,,,,0.0000,1.185712,0.000000
3,928,0,,,,,,0.0000,1.241599,0.000000
3,929,0,,,,,,0.0000,1.281178,0.000000
3,930,0,,,,,,0.0000,1.160878,0.000000
3,931,0,,,,,,0.0000,1.161463,0.000000
3,932,0,,,,,,0.0000,1.248524,0.000000
3,933,0,,,,,,0.0000,1.255154,0.000000
3,934,0,,,,,,0.0000,1.204726,0.000000
3,935,0,,,,,,0.0000,1.226118,0.000000
3,936,0,,,,,,0.0000,1.199295,0.000000
3,937,0,,,,,,0.0000,1.207688,0.000000
3,938,0,,,,,,0.0000,1.207155,0.000000
3,939,0,,,,,,0.0000,1.203817,0.000000
3,940,0,,,,,,0.0000,1.167600,0.000000
3,941,0,,,,,,0.0000,1.193478,0.000000
3,942,0,,,,,,0.0000,1.211411,0.000000
3,943,0,,,,,,0.0000,1.242183,0.000000
3,944,0,,,,,,0.0000,1.233110,0.000000
3,945,0,,,,,,0.0000,1.214089,0.000000
3,946,0,,,,,,0.0000,1.170023,0.000000
3,947,0,,,,,,0.0000,1.214955,0.000000
3,948,0,,,,,,0.0000,1.238300,0.000000
3,949,0,,,,,,0.0000,1.156962,0.000000
3,950,0,,,,,,0.0000,1.155286,0.000000
3,951,0,,,,,,0.0000,1.247998,0.000000
3,952,0,,,,,,0.0000,1.216896,0.000000
3,953,0,,,,,,0.0000,1.209390,0.000000
3,954,0,,,,,,0.0000,1.177080,0.000000
3,955,0,,,,,,0.0000,1.181581,0.000000
3,956,0,,,,,,0.0000,1.209758,0.000000
3,957,0,,,,,,0.0000,1.199488,0.000000
3,958,0,,,,,,0.0000,1.183359,0.000000
3,959,0,,,,,,0.0000,1.140315,0.000000
3,960,0,,,,,,0.0000,1.196593,0.000000
3,961,0,,,,,,0.0000,1.188841,0.000000
3,962,0,,,,,,0.0000,1.186169,0.000000
3,963,0,,,,,,0.0000,1.169619,0.000000
3,964,0,,,,,,0.0000,1.182582,0.000000
3,965,0,,,,,,0.0000,1.211008,0.000000
3,966,0,,,,,,0.0000,1.151422,0.000000
3,967,0,,,,,,0.0000,1.157358,0.000000
3,968,0,,,,,,0.0000,1.132404,0.000000
3,969,0,,,,,,0.0000,1.213366,0.000000
3,970,0,,,,,,0.0000,1.259495,0.000000
3,971,0,,,,,,0.0000,1.217764,0.000000
3,972,0,,,,,,0.0000,1.161098,0.000000
3,973,0,,,,,,0.0000,1.179457,0.000000
3,974,0,,,,,,0.0000,1.201985,0.000000
3,975,0,,,,,,0.0000,1.223689,0.000000
3,976,0,,,,,,0.0000,1.194762,0.000000
3,977,0,,,,,,0.0000,1.212893,0.000000
3,978,0,,,,,,0.0000,1.192647,0.000000
3,979,0,,,,,,0.0000,1.212903,0.000000
3,980,0,,,,,,0.0000,1.250551,0.000000
3,981,0,,,,,,0.0000,1.215290,0.000000
3,982,0,,,,,,0.0000,1.174228,0.000000
3,983,0,,,,,,0.0000,1.204540,0.000000
3,984,0,,,,,,0.0000,1.254051,0.000000
3,985,0,,,,,,0.0000,1.173169,0.000000
3,986,0,,,,,,0.0000,1.201634,0.000000
3,987,0,,,,,,0.0000,1.257619,0.000000
3,988,0,,,,,,0.0000,1.238412,0.000000
3,989,0,,,,,,0.0000,1.209669,0.000000
3,990,0,,,,,,0.0000,1.172670,0.000000
3,991,0,,,,,,0.0000,1.184128,0.000000
3,992,0,,,,,,0.0000,1.251104,0.000000
3,993,0,,,,,,0.0000,1.212562,0.000000
3,994,0,,,,,,0.0000,1.185339,0.000000
3,995,0,,,,,,0.0000,1.146252,0.000000
3,996,0,,,,,,0.0000,1.224689,0.000000
3,997,0,,,,,,0.0000,1.245772,0.000000
3,998,0,,,,,,0.0000,1.136166,0.000000
3,999,0,,,,,,0.0000,1.162875,0.000000
3,1000,0,,,,,,0.0000,1.269254,0.000000
4,1,7,0.198487,0.127887,0.492480,0.061980,0.620028,13.0000,0.990364,0.600033
4,2,9,0.171342,0.154247,0.506362,0.070140,0.564409,4.0000,0.998489,0.615765
4,3,10,0.162407,0.142237,0.522485,0.085137,0.599706,3.0000,1.026315,0.642605
4,4,10,0.080796,0.065082,0.613610,0.115973,0.516839,5.0000,0.965307,0.735889
4,5,12,0.076337,0.069821,0.625729,0.108674,0.522666,9.0000,0.967996,0.759669
4,6,14,0.074298,0.071090,0.630638,0.049855,0.495074,7.0000,0.945445,0.766422
4,7,12,0.067876,0.059101,0.645572,0.052824,0.397730,10.0000,0.973650,0.790149
4,8,13,0.064450,0.058519,0.646204,0.035469,0.376501,6.0000,1.014362,0.791389
4,9,13,0.073059,0.058741,0.647918,0.041089,0.482987,5.0000,1.009696,0.794754
4,10,1,0.817075,0.060856,0.264754,0.000000,1.000000,1.0000,0.968502,0.134422
4,11,3,0.239339,0.063896,0.465422,0.178179,0.546949,2.0000,0.736865,0.507424
4,12,5,0.106562,0.074359,0.592914,0.153419,0.341391,7.0000,0.708019,0.741312
4,13,7,0.092833,0.066539,0.608191,0.141431,0.553931,6.0000,0.800983,0.772379
4,14,9,0.087203,0.062496,0.627510,0.074723,0.539354,8.0000,0.905439,0.803710
4,15,9,0.087203,0.062496,0.627510,0.074723,0.539354,3.0000,0.954083,0.803710
4,16,9,0.080089,0.047697,0.651274,0.063103,0.618648,2.0000,0.836973,0.852035
4,17,9,0.077628,0.043171,0.662475,0.061010,0.633577,8.0000,0.899138,0.863769
4,18,12,0.076148,0.038511,0.667321,0.058883,0.806224,9.0000,0.905199,0.869559
4,19,14,0.067533,0.038223,0.668048,0.040779,0.840373,4.0000,0.837744,0.871039
4,20,2,0.262728,0.093353,0.361801,0.000000,0.467772,2.0000,0.905242,0.455249
4,21,4,0.182644,0.128909,0.454080,0.084890,0.398260,5.0000,0.868274,0.541071
4,22,7,0.127643,0.064612,0.556556,0.222025,0.751566,7.0000,0.760145,0.718891
4,23,7,0.105873,0.051076,0.571034,0.222037,0.741123,7.0000,0.809156,0.747972
4,24,8,0.093920,0.049000,0.571716,0.104078,0.621838,6.0000,0.882066,0.749342
4,25,7,0.093066,0.042606,0.581671,0.090925,0.515914,5.0000,0.867356,0.768373
4,26,9,0.075407,0.037954,0.602220,0.075438,0.565157,6.0000,0.836733,0.794657
4,27,9,0.075407,0.037954,0.602220,0.075438,0.565157,4.0000,0.783261,0.794657
4,28,12,0.059431,0.042187,0.621138,0.061529,0.530886,7.0000,0.862869,0.827625
4,29,13,0.057736,0.040629,0.623797,0.059043,0.518023,5.0000,0.845022,0.832966
4,30,0,,,,,,0.0000,1.028759,0.000000
4,31,0,,,,,,0.0000,1.013564,0.000000
4,32,0,,,,,,0.0000,1.007914,0.000000
4,33,0,,,,,,0.0000,0.995488,0.000000
4,34,0,,,,,,0.0000,1.029636,0.000000
4,35,0,,,,,,0.0000,0.950647,0.000000
4,36,0,,,,,,0.0000,0.958352,0.000000
4,37,0,,,,,,0.0000,0.996411,0.000000
4,38,0,,,,,,0.0000,0.987393,0.000000
4,39,0,,,,,,0.0000,0.966322,0.000000
4,40,0,,,,,,0.0000,0.960385,0.000000
4,41,0,,,,,,0.0000,1.005732,0.000000
4,42,0,,,,,,0.0000,1.025733,0.000000
4,43,0,,,,,,0.0000,0.921209,0.000000
4,44,0,,,,,,0.0000,0.893648,0.000000
4,45,0,,,,,,0.0000,0.986641,0.000000
4,46,0,,,,,,0.0000,1.020605,0.000000
4,47,0,,,,,,0.0000,0.939277,0.000000
4,48,0,,,,,,0.0000,0.955742,0.000000
4,49,0,,,,,,0.0000,0.967224,0.000000
4,50,0,,,,,,0.0000,0.988644,0.000000
4,51,0,,,,,,0.0000,0.999666,0.000000
4,52,0,,,,,,0.0000,0.976410,0.000000
4,53,0,,,,,,0.0000,0.966340,0.000000
4,54,0,,,,,,0.0000,1.030756,0.000000
4,55,0,,,,,,0.0000,0.922132,0.000000
4,56,0,,,,,,0.0000,0.935722,0.000000
4,57,0,,,,,,0.0000,1.000994,0.000000
4,58,0,,,,,,0.0000,0.976543,0.000000
4,59,0,,,,,,0.0000,0.970172,0.000000
4,60,0,,,,,,0.0000,0.950385,0.000000
4,61,0,,,,,,0.0000,0.952406,0.000000
4,62,0,,,,,,0.0000,1.000223,0.000000
4,63,0,,,,,,0.0000,0.995051,0.000000
4,64,0,,,,,,0.0000,0.912407,0.000000
4,65,0,,,,,,0.0000,0.929036,0.000000
4,66,0,,,,,,0.0000,0.963175,0.000000
4,67,0,,,,,,0.0000,1.001895,0.000000
4,68,0,,,,,,0.0000,0.977080,0.000000
4,69,0,,,,,,0.0000,0.957710,0.000000
4,70,0,,,,,,0.0000,0.985633,0.000000
4,71,0,,,,,,0.0000,1.009380,0.000000
4,72,0,,,,,,0.0000,0.961031,0.000000
4,73,0,,,,,,0.0000,0.912126,0.000000
4,74,0,,,,,,0.0000,0.962039,0.000000
4,75,0,,,,,,0.0000,0.995471,0.000000
4,76,0,,,,,,0.0000,0.955312,0.000000
4,77,0,,,,,,0.0000,0.946634,0.000000
4,78,0,,,,,,0.0000,0.980381,0.000000
4,79,0,,,,,,0.0000,0.980872,0.000000
4,80,0,,,,,,0.0000,0.959998,0.000000
4,81,0,,,,,,0.0000,0.913318,0.000000
4,82,0,,,,,,0.0000,0.948286,0.000000
4,83,0,,,,,,0.0000,1.008923,0.000000
4,84,0,,,,,,0.0000,1.003493,0.000000
4,85,0,,,,,,0.0000,0.903326,0.000000
4,86,0,,,,,,0.0000,0.954473,0.000000
4,87,0,,,,,,0.0000,1.004376,0.000000
4,88,0,,,,,,0.0000,0.996945,0.000000
4,89,0,,,,,,0.0000,0.930433,0.000000
4,90,0,,,,,,0.0000,0.944441,0.000000
4,91,0,,,,,,0.0000,0.995820,0.000000
4,92,0,,,,,,0.0000,0.999198,0.000000
4,93,0,,,,,,0.0000,1.023096,0.000000
4,94,0,,,,,,0.0000,0.917756,0.000000
4,95,0,,,,,,0.0000,0.968570,0.000000
4,96,0,,,,,,0.0000,1.071183,0.000000
4,97,0,,,,,,0.0000,1.025800,0.000000
4,98,0,,,,,,0.0000,0.958365,0.000000
4,99,0,,,,,,0.0000,0.954945,0.000000
4,100,0,,,,,,0.0000,0.943858,0.000000
4,101,0,,,,,,0.0000,0.979789,0.000000
4,102,0,,,,,,0.0000,0.967456,0.000000
4,103,0,,,,,,0.0000,0.999675,0.000000
4,104,0,,,,,,0.0000,0.995220,0.000000
4,105,0,,,,,,0.0000,0.990719,0.000000
4,106,0,,,,,,0.0000,0.962414,0.000000
4,107,0,,,,,,0.0000,0.957938,0.000000
4,108,0,,,,,,0.0000,0.926700,0.000000
4,109,0,,,,,,0.0000,0.972880,0.000000
4,110,0,,,,,,0.0000,0.997234,0.000000
4,111,0,,,,,,0.0000,1.033060,0.000000
4,112,0,,,,,,0.0000,0.935945,0.000000
4,113,0,,,,,,0.0000,0.952262,0.000000
4,114,0,,,,,,0.0000,0.988089,0.000000
4,115,0,,,,,,0.0000,0.986991,0.000000
4,116,0,,,,,,0.0000,0.972781,0.000000
4,117,0,,,,,,0.0000,0.924205,0.000000
4,118,0,,,,,,0.0000,0.942598,0.000000
4,119,0,,,,,,0.0000,0.919625,0.000000
4,120,0,,,,,,0.0000,0.971302,0.000000
4,121,0,,,,,,0.0000,1.035950,0.000000
4,122,0,,,,,,0.0000,0.965333,0.000000
4,123,0,,,,,,0.0000,0.942293,0.000000
4,124,0,,,,,,0.0000,0.893816,0.000000
4,125,0,,,,,,0.0000,0.949292,0.000000
4,126,0,,,,,,0.0000,1.027330,0.000000
4,127,0,,,,,,0.0000,0.981085,0.000000
4,128,0,,,,,,0.0000,0.909764,0.000000
4,129,0,,,,,,0.0000,0.950354,0.000000
4,130,0,,,,,,0.0000,1.007455,0.000000
4,131,0,,,,,,0.0000,1.006009,0.000000
4,132,0,,,,,,0.0000,0.961348,0.000000
4,133,0,,,,,,0.0000,0.962978,0.000000
4,134,0,,,,,,0.0000,0.989419,0.000000
4,135,0,,,,,,0.0000,0.974855,0.000000
4,136,0,,,,,,0.0000,0.948494,0.000000
4,137,0,,,,,,0.0000,0.911203,0.000000
4,138,0,,,,,,0.0000,0.997483,0.000000
4,139,0,,,,,,0.0000,1.025345,0.000000
4,140,0,,,,,,0.0000,0.938854,0.000000
4,141,0,,,,,,0.0000,0.908638,0.000000
4,142,0,,,,,,0.0000,0.960669,0.000000
4,143,0,,,,,,0.0000,1.010779,0.000000
4,144,0,,,,,,0.0000,0.998889,0.000000
4,145,0,,,,,,0.0000,0.914940,0.000000
4,146,0,,,,,,0.0000,0.960297,0.000000
4,147,0,,,,,,0.0000,0.968816,0.000000
4,148,0,,,,,,0.0000,0.974350,0.000000
4,149,0,,,,,,0.0000,0.969076,0.000000
4,150,0,,,,,,0.0000,0.993368,0.000000
4,151,0,,,,,,0.0000,0.932452,0.000000
4,152,0,,,,,,0.0000,0.978182,0.000000
4,153,0,,,,,,0.0000,1.007398,0.000000
4,154,0,,,,,,0.0000,0.960850,0.000000
4,155,0,,,,,,0.0000,0.937203,0.000000
4,156,0,,,,,,0.0000,1.012856,0.000000
4,157,0,,,,,,0.0000,1.026928,0.000000
4,158,0,,,,,,0.0000,0.991354,0.000000
4,159,0,,,,,,0.0000,0.960387,0.000000
4,160,0,,,,,,0.0000,0.898493,0.000000
4,161,0,,,,,,0.0000,0.991999,0.000000
4,162,0,,,,,,0.0000,1.007717,0.000000
4,163,0,,,,,,0.0000,0.929875,0.000000
4,164,0,,,,,,0.0000,0.915550,0.000000
4,165,0,,,,,,0.0000,0.985784,0.000000
4,166,0,,,,,,0.0000,0.993257,0.000000
4,167,0,,,,,,0.0000,0.945683,0.000000
4,168,0,,,,,,0.0000,0.896256,0.000000
4,169,0,,,,,,0.0000,0.986377,0.000000
4,170,0,,,,,,0.0000,1.045381,0.000000
4,171,0,,,,,,0.0000,0.953749,0.000000
4,172,0,,,,,,0.0000,0.940099,0.000000
4,173,0,,,,,,0.0000,0.914555,0.000000
4,174,0,,,,,,0.0000,0.949279,0.000000
4,175,0,,,,,,0.0000,0.966831,0.000000
4,176,0,,,,,,0.0000,0.915013,0.000000
4,177,0,,,,,,0.0000,0.948398,0.000000
4,178,0,,,,,,0.0000,0.937132,0.000000
4,179,0,,,,,,0.0000,1.013136,0.000000
4,180,0,,,,,,0.0000,0.981749,0.000000
4,181,0,,,,,,0.0000,0.946079,0.000000
4,182,0,,,,,,0.0000,0.954725,0.000000
4,183,0,,,,,,0.0000,0.959365,0.000000
4,184,0,,,,,,0.0000,0.966335,0.000000
4,185,0,,,,,,0.0000,0.970968,0.000000
4,186,0,,,,,,0.0000,0.937904,0.000000
4,187,0,,,,,,0.0000,0.951382,0.000000
4,188,0,,,,,,0.0000,1.006054,0.000000
4,189,0,,,,,,0.0000,0.985029,0.000000
4,190,0,,,,,,0.0000,1.005951,0.000000
4,191,0,,,,,,0.0000,1.014195,0.000000
4,192,0,,,,,,0.0000,0.952436,0.000000
4,193,0,,,,,,0.0000,0.921427,0.000000
4,194,0,,,,,,0.0000,1.028256,0.000000
4,195,0,,,,,,0.0000,1.071100,0.000000
4,196,0,,,,,,0.0000,0.948120,0.000000
4,197,0,,,,,,0.0000,0.899509,0.000000
4,198,0,,,,,,0.0000,0.944739,0.000000
4,199,0,,,,,,0.0000,0.968910,0.000000
4,200,0,,,,,,0.0000,0.958309,0.000000
4,201,0,,,,,,0.0000,0.950274,0.000000
4,202,0,,,,,,0.0000,1.009089,0.000000
4,203,0,,,,,,0.0000,1.035015,0.000000
4,204,0,,,,,,0.0000,0.963623,0.000000
4,205,0,,,,,,0.0000,0.936891,0.000000
4,206,0,,,,,,0.0000,0.962568,0.000000
4,207,0,,,,,,0.0000,0.993282,0.000000
4,208,0,,,,,,0.0000,0.949839,0.000000
4,209,0,,,,,,0.0000,0.932537,0.000000
4,210,0,,,,,,0.0000,0.941568,0.000000
4,211,0,,,,,,0.0000,0.944637,0.000000
4,212,0,,,,,,0.0000,1.009384,0.000000
4,213,0,,,,,,0.0000,1.000616,0.000000
4,214,0,,,,,,0.0000,0.917022,0.000000
4,215,0,,,,,,0.0000,0.961283,0.000000
4,216,0,,,,,,0.0000,1.034565,0.000000
4,217,0,,,,,,0.0000,0.970849,0.000000
4,218,0,,,,,,0.0000,0.922099,0.000000
4,219,0,,,,,,0.0000,0.901634,0.000000
4,220,0,,,,,,0.0000,1.002565,0.000000
4,221,0,,,,,,0.0000,0.993961,0.000000
4,222,0,,,,,,0.0000,1.042259,0.000000
4,223,0,,,,,,0.0000,0.937589,0.000000
4,224,0,,,,,,0.0000,0.907327,0.000000
4,225,0,,,,,,0.0000,0.980265,0.000000
4,226,0,,,,,,0.0000,1.024613,0.000000
4,227,0,,,,,,0.0000,0.973748,0.000000
4,228,0,,,,,,0.0000,0.945354,0.000000
4,229,0,,,,,,0.0000,0.979245,0.000000
4,230,0,,,,,,0.0000,0.958904,0.000000
4,231,0,,,,,,0.0000,0.963510,0.000000
4,232,0,,,,,,0.0000,0.986452,0.000000
4,233,0,,,,,,0.0000,0.954506,0.000000
4,234,0,,,,,,0.0000,0.984794,0.000000
4,235,0,,,,,,0.0000,1.033081,0.000000
4,236,0,,,,,,0.0000,0.954044,0.000000
4,237,0,,,,,,0.0000,0.933145,0.000000
4,238,0,,,,,,0.0000,0.969015,0.000000
4,239,0,,,,,,0.0000,1.032961,0.000000
4,240,1,0.854331,0.002682,0.396531,0.000000,1.000000,2.0000,0.975581,0.217121
4,241,3,0.180935,0.054050,0.631522,0.165671,0.168632,7.0000,0.656321,0.528379
4,242,7,0.088001,0.050002,0.733618,0.205414,0.585993,15.0000,0.677364,0.726692
4,243,9,0.086862,0.076842,0.751082,0.078536,0.489096,14.0000,0.834390,0.760616
4,244,10,0.086862,0.075644,0.751326,0.079156,0.589152,8.0000,0.896773,0.760820
4,245,8,0.092297,0.051424,0.776058,0.210922,0.599778,5.0000,0.853868,0.795936
4,246,9,0.080666,0.058089,0.788475,0.076684,0.461932,7.0000,0.761053,0.820055
4,247,10,0.062982,0.038322,0.830116,0.069384,0.545932,8.0000,0.754364,0.900941
4,248,10,0.062982,0.038322,0.830116,0.069384,0.545932,7.0000,0.835300,0.900941
4,249,11,0.056453,0.033206,0.832733,0.038025,0.626322,12.0000,0.812985,0.906024
4,250,2,0.354473,0.082077,0.479864,0.000000,0.112323,2.0000,1.071899,0.234825
4,251,5,0.122666,0.085246,0.676647,0.062452,0.292074,7.0000,0.903666,0.620018
4,252,9,0.087427,0.050487,0.765087,0.104420,0.437017,13.0000,0.756912,0.753233
4,253,10,0.073094,0.064080,0.796749,0.077436,0.384256,9.0000,0.820994,0.816178
4,254,10,0.068255,0.052000,0.800380,0.068500,0.352892,6.0000,0.882807,0.823395
4,255,10,0.068255,0.052000,0.800380,0.068500,0.352892,6.0000,0.847584,0.823395
4,256,11,0.065538,0.049191,0.806844,0.075656,0.430480,7.0000,0.856799,0.835498
4,257,12,0.062029,0.047102,0.809917,0.061022,0.470033,6.0000,0.838165,0.841606
4,258,12,0.061255,0.044945,0.825982,0.060918,0.453604,7.0000,0.908038,0.853992
4,259,12,0.061255,0.044945,0.825982,0.060918,0.453604,6.0000,0.924783,0.853992
4,260,2,0.304970,0.079504,0.499364,0.000000,0.255897,3.0000,1.025516,0.349123
4,261,6,0.164642,0.093913,0.656099,0.265080,0.689549,7.0000,0.841804,0.468185
4,262,10,0.107071,0.068445,0.782633,0.091530,0.752257,13.0000,0.770089,0.725810
4,263,12,0.105812,0.066940,0.783385,0.067221,0.845608,8.0000,0.853538,0.727341
4,264,13,0.095682,0.033042,0.835570,0.057479,0.835136,17.0000,0.876731,0.833591
4,265,14,0.093781,0.026193,0.838911,0.055120,0.950236,12.0000,0.807723,0.840393
4,266,15,0.054372,0.019284,0.863685,0.067637,0.866597,11.0000,0.776615,0.890833
4,267,16,0.054372,0.021934,0.863693,0.068286,0.903870,8.0000,0.835296,0.890850
4,268,16,0.054372,0.021934,0.863693,0.068286,0.903870,6.0000,0.879989,0.890850
4,269,18,0.053958,0.023864,0.870313,0.064281,0.920570,11.0000,0.898886,0.904329
4,270,2,0.363508,0.019995,0.602092,0.000000,0.024412,4.0000,1.056368,0.330338
4,271,4,0.147750,0.081602,0.697220,0.119034,0.167054,9.0000,0.918335,0.525255
4,272,8,0.131112,0.090099,0.722361,0.189919,0.763370,9.0000,0.774255,0.576769
4,273,11,0.123299,0.106239,0.757055,0.104472,0.600277,9.0000,0.799081,0.647856
4,274,12,0.110372,0.095190,0.765797,0.103051,0.564883,10.0000,0.853725,0.665770
4,275,11,0.108990,0.074224,0.797269,0.099397,0.544214,8.0000,0.913850,0.730255
4,276,11,0.108990,0.074224,0.797269,0.099397,0.544214,5.0000,0.826826,0.730255
4,277,10,0.102507,0.055141,0.845886,0.141033,0.772318,8.0000,0.784013,0.829872
4,278,11,0.101746,0.052604,0.846409,0.142051,0.838456,6.0000,0.873431,0.830944
4,279,13,0.099868,0.048894,0.850150,0.134239,0.934493,11.0000,0.837166,0.838610
4,280,5,0.190996,0.047909,0.702490,0.476810,0.821759,7.0000,0.992891,0.511274
4,281,5,0.189091,0.046190,0.712352,0.472130,0.819805,3.0000,0.898424,0.531688
4,282,8,0.109552,0.052072,0.821955,0.108614,0.602780,10.0000,0.797446,0.758569
4,283,9,0.075466,0.046681,0.852524,0.172999,0.678150,13.0000,0.861692,0.821846
4,284,9,0.075466,0.046681,0.852524,0.172999,0.678150,5.0000,0.838355,0.821846
4,285,10,0.074675,0.045612,0.852686,0.166380,0.744518,11.0000,0.811487,0.822182
4,286,13,0.062181,0.033110,0.880953,0.138761,0.822192,11.0000,0.804578,0.880695
4,287,12,0.053517,0.032290,0.887746,0.099920,0.701301,11.0000,0.828832,0.894756
4,288,14,0.042637,0.036876,0.888912,0.048356,0.660194,11.0000,0.806726,0.897170
4,289,14,0.042637,0.036876,0.888912,0.048356,0.660194,3.0000,0.887552,0.897170
4,290,2,0.353006,0.003853,0.653633,0.000000,0.004797,4.0000,1.053228,0.386709
4,291,4,0.158072,0.046146,0.734363,0.264940,0.338087,7.0000,0.859098,0.556745
4,292,8,0.089234,0.081495,0.840054,0.099201,0.407539,11.0000,0.746036,0.779357
4,293,8,0.089234,0.081495,0.840054,0.099201,0.407539,9.0000,0.787381,0.779357
4,294,9,0.087620,0.072186,0.862205,0.107650,0.490331,11.0000,0.842449,0.826013
4,295,9,0.087620,0.072186,0.862205,0.107650,0.490331,8.0000,0.872139,0.826013
4,296,9,0.087620,0.072186,0.862205,0.107650,0.490331,6.0000,0.846576,0.826013
4,297,9,0.079484,0.054626,0.870891,0.110509,0.529143,14.0000,0.832372,0.844308
4,298,10,0.073397,0.054558,0.872651,0.075507,0.543975,15.0000,0.833704,0.848014
4,299,11,0.073168,0.052863,0.873208,0.086025,0.610351,7.0000,0.800567,0.849188
4,300,2,0.355786,0.034131,0.601282,0.000000,0.042013,3.0000,1.027995,0.274883
4,301,2,0.347675,0.011825,0.638387,0.000000,0.016222,5.0000,0.988796,0.352594
4,302,5,0.158492,0.029629,0.823398,0.049743,0.582067,11.0000,0.803017,0.740074
4,303,6,0.138813,0.037078,0.833870,0.066292,0.538441,11.0000,0.802532,0.762006
4,304,9,0.079349,0.056992,0.848830,0.109127,0.581350,16.0000,0.823136,0.793339
4,305,9,0.064033,0.036348,0.869317,0.095672,0.555751,6.0000,0.828068,0.836244
4,306,9,0.064033,0.036348,0.869317,0.095672,0.555751,11.0000,0.869638,0.836244
4,307,9,0.064033,0.036348,0.869317,0.095672,0.555751,6.0000,0.808613,0.836244
4,308,11,0.059196,0.037200,0.872193,0.089723,0.531609,10.0000,0.788368,0.842268
4,309,12,0.058304,0.037568,0.872731,0.089096,0.590173,7.0000,0.820919,0.843396
4,310,4,0.327051,0.125101,0.547433,0.888759,1.140863,4.0000,1.008115,0.188385
4,311,4,0.169734,0.054820,0.767581,0.308170,0.426192,9.0000,0.939601,0.626711
4,312,6,0.120802,0.070116,0.796689,0.257371,0.596801,13.0000,0.825496,0.688021
4,313,8,0.112294,0.075223,0.822864,0.102832,0.534514,11.0000,0.829501,0.743151
4,314,10,0.098058,0.084140,0.835135,0.036631,0.597870,10.0000,0.870578,0.768996
4,315,10,0.098058,0.084140,0.835135,0.036631,0.597870,6.0000,0.947982,0.768996
4,316,11,0.077282,0.070246,0.851268,0.021229,0.591901,11.0000,0.816084,0.802976
4,317,12,0.076842,0.067368,0.851389,0.037778,0.643676,5.0000,0.734501,0.803231
4,318,13,0.076842,0.074989,0.851412,0.041495,0.675810,15.0000,0.798674,0.803281
4,319,13,0.076842,0.074989,0.851412,0.041495,0.675810,10.0000,0.869032,0.803281
4,320,1,0.840931,0.024794,0.258712,0.000000,1.000000,1.0000,1.114745,0.154496
4,321,5,0.223076,0.159805,0.579537,0.365020,0.653815,4.0000,0.898573,0.299130
4,322,7,0.179020,0.116247,0.735401,0.099659,0.759254,16.0000,0.840019,0.585743
4,323,8,0.148043,0.092202,0.778071,0.104195,0.773809,10.0000,0.846638,0.674071
4,324,8,0.144190,0.045874,0.808518,0.087128,0.716627,9.0000,0.892700,0.737096
4,325,10,0.141108,0.055361,0.817407,0.070093,0.785283,7.0000,0.876368,0.755495
4,326,12,0.110340,0.057105,0.828722,0.088698,0.704191,11.0000,0.820838,0.778919
4,327,13,0.106787,0.052129,0.847538,0.076114,0.726286,12.0000,0.791889,0.817868
4,328,16,0.106368,0.048144,0.864434,0.072959,0.804230,9.0000,0.877813,0.846501
4,329,16,0.106359,0.047543,0.864722,0.075400,0.815380,8.0000,0.859460,0.847096
4,330,1,0.835018,0.000306,0.283706,0.000000,1.000000,2.0000,1.095288,0.209795
4,331,3,0.187149,0.075049,0.639208,0.174893,0.331510,7.0000,0.883455,0.545803
4,332,7,0.140543,0.079971,0.733010,0.072477,0.506482,12.0000,0.742695,0.712820
4,333,9,0.108211,0.063341,0.805101,0.075277,0.488326,11.0000,0.759318,0.769093
4,334,8,0.084193,0.057431,0.820962,0.095863,0.401967,9.0000,0.956203,0.801593
4,335,8,0.084609,0.056149,0.835875,0.096339,0.368800,4.0000,0.928650,0.809358
4,336,8,0.084190,0.055688,0.837448,0.096010,0.369215,9.0000,0.855488,0.812582
4,337,9,0.078379,0.052507,0.840846,0.091837,0.462996,4.0000,0.860337,0.819545
4,338,10,0.075683,0.036851,0.872957,0.096078,0.570495,9.0000,0.829686,0.885340
4,339,11,0.072797,0.035037,0.877314,0.085328,0.645776,15.0000,0.838686,0.894267
4,340,2,0.291139,0.066028,0.574846,0.000000,0.208134,2.0000,1.069649,0.384650
4,341,5,0.178645,0.102534,0.691976,0.135680,0.539930,10.0000,0.932712,0.578292
4,342,5,0.173534,0.093117,0.717709,0.085372,0.465651,6.0000,0.819843,0.604936
4,343,9,0.082341,0.061542,0.797667,0.076346,0.280189,12.0000,0.741669,0.756421
4,344,8,0.074743,0.037519,0.817564,0.091608,0.322205,11.0000,0.812880,0.796930
4,345,9,0.072137,0.036165,0.819815,0.099983,0.468455,7.0000,0.839041,0.801514
4,346,14,0.062791,0.049828,0.843184,0.069920,0.709447,9.0000,0.837920,0.849094
4,347,15,0.053983,0.048560,0.846974,0.044443,0.629171,7.0000,0.816442,0.856810
4,348,15,0.053907,0.048490,0.847674,0.043130,0.629436,11.0000,0.858312,0.858235
4,349,17,0.045283,0.047427,0.852864,0.044076,0.664456,12.0000,0.850159,0.868803
4,350,2,0.359290,0.186167,0.401826,0.000000,0.192007,3.0000,0.921766,0.195921
4,351,3,0.339492,0.088230,0.532071,1.018883,0.915264,3.0000,0.860306,0.332673
4,352,6,0.189586,0.062264,0.697860,0.174932,0.905799,9.0000,0.770199,0.617664
4,353,7,0.189578,0.068165,0.707505,0.088507,0.868574,9.0000,0.757420,0.636839
4,354,8,0.162476,0.050355,0.749585,0.044437,0.753506,8.0000,0.847994,0.708111
4,355,9,0.080625,0.040381,0.805741,0.108898,0.634821,7.0000,0.850660,0.819750
4,356,10,0.059527,0.040721,0.811914,0.090240,0.504903,4.0000,0.831490,0.832023
4,357,11,0.059509,0.038982,0.815983,0.097959,0.580778,5.0000,0.898902,0.834113
4,358,12,0.059261,0.038460,0.817928,0.091880,0.618505,9.0000,0.826864,0.837980
4,359,14,0.055624,0.041367,0.822405,0.051570,0.656777,11.0000,0.823740,0.846881
4,360,1,0.741452,0.019317,0.422821,0.000000,1.000000,1.0000,1.020676,0.315822
4,361,6,0.190670,0.126846,0.618285,0.100963,0.772249,6.0000,0.893346,0.562375
4,362,8,0.168670,0.096507,0.684240,0.113901,0.784719,13.0000,0.806092,0.663375
4,363,10,0.154006,0.050201,0.726992,0.057094,0.941588,14.0000,0.759906,0.738007
4,364,9,0.145369,0.039401,0.748075,0.055103,0.861498,10.0000,0.802533,0.778085
4,365,9,0.145369,0.039401,0.748075,0.055103,0.861498,7.0000,0.860522,0.778085
4,366,9,0.075993,0.037694,0.777131,0.099535,0.640587,7.0000,0.861132,0.822520
4,367,12,0.070183,0.043026,0.779351,0.073511,0.735931,8.0000,0.798863,0.826832
4,368,15,0.065207,0.041123,0.789511,0.021984,0.706711,12.0000,0.770907,0.838308
4,369,16,0.061898,0.036999,0.805883,0.028157,0.728547,12.0000,0.773692,0.870109
4,370,2,0.764510,0.012473,0.425341,0.000000,0.936570,2.0000,0.999873,0.312009
4,371,3,0.321210,0.051798,0.529284,0.950980,0.879347,2.0000,0.914711,0.400280
4,372,4,0.189517,0.079590,0.586973,0.350129,0.584386,4.0000,0.779384,0.511436
4,373,7,0.140769,0.113992,0.589669,0.164729,0.592472,8.0000,0.791210,0.516632
4,374,9,0.082875,0.065794,0.736716,0.121920,0.563479,7.0000,0.916041,0.799969
4,375,10,0.079064,0.064641,0.739935,0.081189,0.552206,5.0000,0.900739,0.806172
4,376,10,0.073078,0.056524,0.745749,0.067401,0.545087,7.0000,0.780297,0.816525
4,377,11,0.068539,0.045313,0.760374,0.070955,0.592302,7.0000,0.765645,0.844705
4,378,13,0.049402,0.038898,0.772990,0.036257,0.577142,8.0000,0.848808,0.869015
4,379,14,0.044493,0.037547,0.777961,0.027878,0.599796,8.0000,0.893866,0.878594
4,380,1,0.839997,0.043310,0.166192,0.000000,1.000000,2.0000,1.029915,0.151177
4,381,4,0.283651,0.076227,0.543022,0.716782,0.937192,4.0000,0.859412,0.471313
4,382,6,0.219407,0.096610,0.557456,0.418616,0.848307,8.0000,0.780104,0.499101
4,383,7,0.114805,0.080863,0.649784,0.270005,0.633236,8.0000,0.767822,0.676840
4,384,10,0.087225,0.070095,0.712689,0.090091,0.514401,10.0000,0.843622,0.797938
4,385,10,0.087225,0.070095,0.712689,0.090091,0.514401,5.0000,0.866410,0.797938
4,386,11,0.086104,0.070561,0.714979,0.083810,0.577589,9.0000,0.812679,0.802345
4,387,12,0.086104,0.071220,0.715512,0.086415,0.626749,9.0000,0.825580,0.803372
4,388,12,0.087812,0.063976,0.722079,0.091504,0.668822,9.0000,0.816347,0.816014
4,389,13,0.081023,0.061518,0.729655,0.056824,0.559297,9.0000,0.822622,0.830598
4,390,1,0.610510,0.132157,0.211382,0.000000,1.000000,1.0000,1.030882,0.149936
4,391,5,0.189772,0.078515,0.574116,0.364847,0.622846,9.0000,0.886409,0.575185
4,392,4,0.194383,0.058944,0.597528,0.377088,0.472386,11.0000,0.787867,0.621314
4,393,6,0.129048,0.094958,0.611566,0.116604,0.382539,11.0000,0.822195,0.648975
4,394,7,0.126754,0.047996,0.665874,0.086435,0.723501,10.0000,0.805275,0.755981
4,395,8,0.098615,0.046484,0.685281,0.081413,0.617948,4.0000,0.819336,0.794220
4,396,9,0.097268,0.044849,0.692464,0.079091,0.625312,5.0000,0.799269,0.803069
4,397,9,0.058306,0.026639,0.722460,0.085357,0.536669,2.0000,0.836567,0.862171
4,398,10,0.053629,0.028552,0.724805,0.057616,0.612169,8.0000,0.877354,0.866791
4,399,12,0.051445,0.025455,0.727448,0.068810,0.743181,5.0000,0.883437,0.872000
4,400,0,,,,,,0.0000,1.015730,0.000000
4,401,0,,,,,,0.0000,1.040041,0.000000
4,402,0,,,,,,0.0000,0.984199,0.000000
4,403,0,,,,,,0.0000,0.977412,0.000000
4,404,0,,,,,,0.0000,0.937201,0.000000
4,405,0,,,,,,0.0000,0.979080,0.000000
4,406,0,,,,,,0.0000,1.007991,0.000000
4,407,0,,,,,,0.0000,0.940009,0.000000
4,408,0,,,,,,0.0000,0.937833,0.000000
4,409,0,,,,,,0.0000,0.945324,0.000000
4,410,0,,,,,,0.0000,0.988655,0.000000
4,411,0,,,,,,0.0000,1.002054,0.000000
4,412,0,,,,,,0.0000,0.995668,0.000000
4,413,0,,,,,,0.0000,0.956965,0.000000
4,414,0,,,,,,0.0000,0.912707,0.000000
4,415,0,,,,,,0.0000,0.934296,0.000000
4,416,0,,,,,,0.0000,1.030015,0.000000
4,417,0,,,,,,0.0000,0.976085,0.000000
4,418,0,,,,,,0.0000,0.899879,0.000000
4,419,0,,,,,,0.0000,0.930294,0.000000
4,420,0,,,,,,0.0000,0.954050,0.000000
4,421,0,,,,,,0.0000,0.976119,0.000000
4,422,0,,,,,,0.0000,0.946654,0.000000
4,423,0,,,,,,0.0000,0.931541,0.000000
4,424,0,,,,,,0.0000,0.979668,0.000000
4,425,0,,,,,,0.0000,0.990372,0.000000
4,426,0,,,,,,0.0000,0.984438,0.000000
4,427,0,,,,,,0.0000,0.937034,0.000000
4,428,0,,,,,,0.0000,0.957133,0.000000
4,429,0,,,,,,0.0000,0.970425,0.000000
4,430,0,,,,,,0.0000,0.916563,0.000000
4,431,0,,,,,,0.0000,0.947113,0.000000
4,432,0,,,,,,0.0000,0.962373,0.000000
4,433,0,,,,,,0.0000,0.947143,0.000000
4,434,0,,,,,,0.0000,0.961671,0.000000
4,435,0,,,,,,0.0000,0.957901,0.000000
4,436,0,,,,,,0.0000,0.942784,0.000000
4,437,0,,,,,,0.0000,0.921500,0.000000
4,438,0,,,,,,0.0000,0.914723,0.000000
4,439,0,,,,,,0.0000,0.953806,0.000000
4,440,0,,,,,,0.0000,1.007010,0.000000
4,441,0,,,,,,0.0000,1.012879,0.000000
4,442,0,,,,,,0.0000,0.885264,0.000000
4,443,0,,,,,,0.0000,0.919077,0.000000
4,444,0,,,,,,0.0000,1.015599,0.000000
4,445,0,,,,,,0.0000,0.979410,0.000000
4,446,0,,,,,,0.0000,0.927638,0.000000
4,447,0,,,,,,0.0000,0.921817,0.000000
4,448,0,,,,,,0.0000,1.003545,0.000000
4,449,0,,,,,,0.0000,1.025915,0.000000
4,450,0,,,,,,0.0000,0.940246,0.000000
4,451,0,,,,,,0.0000,0.967779,0.000000
4,452,0,,,,,,0.0000,0.990780,0.000000
4,453,0,,,,,,0.0000,0.972887,0.000000
4,454,0,,,,,,0.0000,0.923092,0.000000
4,455,0,,,,,,0.0000,0.969155,0.000000
4,456,0,,,,,,0.0000,1.034483,0.000000
4,457,0,,,,,,0.0000,0.957095,0.000000
4,458,0,,,,,,0.0000,0.924923,0.000000
4,459,0,,,,,,0.0000,0.985556,0.000000
4,460,0,,,,,,0.0000,1.050070,0.000000
4,461,0,,,,,,0.0000,0.979976,0.000000
4,462,0,,,,,,0.0000,0.978352,0.000000
4,463,0,,,,,,0.0000,0.978388,0.000000
4,464,0,,,,,,0.0000,0.966085,0.000000
4,465,0,,,,,,0.0000,0.964811,0.000000
4,466,0,,,,,,0.0000,1.003095,0.000000
4,467,0,,,,,,0.0000,0.967638,0.000000
4,468,0,,,,,,0.0000,0.952926,0.000000
4,469,0,,,,,,0.0000,0.936336,0.000000
4,470,0,,,,,,0.0000,0.995811,0.000000
4,471,0,,,,,,0.0000,1.017824,0.000000
4,472,0,,,,,,0.0000,0.961494,0.000000
4,473,0,,,,,,0.0000,0.960224,0.000000
4,474,0,,,,,,0.0000,0.982306,0.000000
4,475,0,,,,,,0.0000,0.981188,0.000000
4,476,0,,,,,,0.0000,0.907108,0.000000
4,477,0,,,,,,0.0000,0.889228,0.000000
4,478,0,,,,,,0.0000,0.959509,0.000000
4,479,0,,,,,,0.0000,0.971745,0.000000
4,480,0,,,,,,0.0000,0.905928,0.000000
4,481,0,,,,,,0.0000,0.956524,0.000000
4,482,0,,,,,,0.0000,1.001042,0.000000
4,483,0,,,,,,0.0000,0.955472,0.000000
4,484,0,,,,,,0.0000,0.941298,0.000000
4,485,0,,,,,,0.0000,0.955535,0.000000
4,486,0,,,,,,0.0000,0.962534,0.000000
4,487,0,,,,,,0.0000,0.942668,0.000000
4,488,0,,,,,,0.0000,0.979585,0.000000
4,489,0,,,,,,0.0000,0.944895,0.000000
4,490,0,,,,,,0.0000,0.979125,0.000000
4,491,0,,,,,,0.0000,0.977944,0.000000
4,492,0,,,,,,0.0000,0.963323,0.000000
4,493,0,,,,,,0.0000,0.955051,0.000000
4,494,0,,,,,,0.0000,0.926534,0.000000
4,495,0,,,,,,0.0000,0.969210,0.000000
4,496,0,,,,,,0.0000,0.993450,0.000000
4,497,0,,,,,,0.0000,0.933334,0.000000
4,498,0,,,,,,0.0000,0.951919,0.000000
4,499,0,,,,,,0.0000,0.951794,0.000000
4,500,0,,,,,,0.0000,0.956682,0.000000
4,501,0,,,,,,0.0000,0.983735,0.000000
4,502,0,,,,,,0.0000,0.981291,0.000000
4,503,0,,,,,,0.0000,0.942138,0.000000
4,504,0,,,,,,0.0000,0.938048,0.000000
4,505,0,,,,,,0.0000,0.985720,0.000000
4,506,0,,,,,,0.0000,0.949802,0.000000
4,507,0,,,,,,0.0000,0.997457,0.000000
4,508,0,,,,,,0.0000,1.016330,0.000000
4,509,0,,,,,,0.0000,0.917151,0.000000
4,510,0,,,,,,0.0000,0.935077,0.000000
4,511,0,,,,,,0.0000,0.958126,0.000000
4,512,0,,,,,,0.0000,1.019843,0.000000
4,513,0,,,,,,0.0000,0.973768,0.000000
4,514,0,,,,,,0.0000,0.981803,0.000000
4,515,0,,,,,,0.0000,0.932788,0.000000
4,516,0,,,,,,0.0000,0.883462,0.000000
4,517,0,,,,,,0.0000,0.984719,0.000000
4,518,0,,,,,,0.0000,0.976214,0.000000
4,519,0,,,,,,0.0000,0.995957,0.000000
4,520,0,,,,,,0.0000,0.909141,0.000000
4,521,0,,,,,,0.0000,0.898982,0.000000
4,522,0,,,,,,0.0000,0.971601,0.000000
4,523,0,,,,,,0.0000,1.007872,0.000000
4,524,0,,,,,,0.0000,0.950068,0.000000
4,525,0,,,,,,0.0000,0.951965,0.000000
4,526,0,,,,,,0.0000,0.959153,0.000000
4,527,0,,,,,,0.0000,0.998660,0.000000
4,528,0,,,,,,0.0000,0.968436,0.000000
4,529,0,,,,,,0.0000,0.946595,0.000000
4,530,0,,,,,,0.0000,0.929083,0.000000
4,531,0,,,,,,0.0000,0.984212,0.000000
4,532,0,,,,,,0.0000,1.055859,0.000000
4,533,0,,,,,,0.0000,0.930776,0.000000
4,534,0,,,,,,0.0000,0.909256,0.000000
4,535,0,,,,,,0.0000,0.936615,0.000000
4,536,0,,,,,,0.0000,1.047037,0.000000
4,537,0,,,,,,0.0000,0.986874,0.000000
4,538,0,,,,,,0.0000,0.936768,0.000000
4,539,0,,,,,,0.0000,0.901768,0.000000
4,540,0,,,,,,0.0000,0.981760,0.000000
4,541,0,,,,,,0.0000,1.023713,0.000000
4,542,0,,,,,,0.0000,0.996802,0.000000
4,543,0,,,,,,0.0000,0.981100,0.000000
4,544,0,,,,,,0.0000,0.951333,0.000000
4,545,0,,,,,,0.0000,0.935690,0.000000
4,546,0,,,,,,0.0000,1.001810,0.000000
4,547,0,,,,,,0.0000,0.942412,0.000000
4,548,0,,,,,,0.0000,0.961475,0.000000
4,549,0,,,,,,0.0000,1.059183,0.000000
4,550,0,,,,,,0.0000,1.030243,0.000000
4,551,0,,,,,,0.0000,0.963043,0.000000
4,552,0,,,,,,0.0000,0.913465,0.000000
4,553,0,,,,,,0.0000,0.976106,0.000000
4,554,0,,,,,,0.0000,0.989173,0.000000
4,555,0,,,,,,0.0000,1.008306,0.000000
4,556,0,,,,,,0.0000,0.948543,0.000000
4,557,0,,,,,,0.0000,0.944281,0.000000
4,558,0,,,,,,0.0000,0.976525,0.000000
4,559,0,,,,,,0.0000,1.025236,0.000000
4,560,0,,,,,,0.0000,1.023214,0.000000
4,561,0,,,,,,0.0000,0.973025,0.000000
4,562,0,,,,,,0.0000,0.946068,0.000000
4,563,0,,,,,,0.0000,0.936948,0.000000
4,564,0,,,,,,0.0000,0.987418,0.000000
4,565,0,,,,,,0.0000,1.026427,0.000000
4,566,0,,,,,,0.0000,0.991033,0.000000
4,567,0,,,,,,0.0000,0.913465,0.000000
4,568,0,,,,,,0.0000,0.919785,0.000000
4,569,0,,,,,,0.0000,1.008783,0.000000
4,570,0,,,,,,0.0000,0.984356,0.000000
4,571,0,,,,,,0.0000,0.925099,0.000000
4,572,0,,,,,,0.0000,0.920278,0.000000
4,573,0,,,,,,0.0000,1.003052,0.000000
4,574,0,,,,,,0.0000,1.005258,0.000000
4,575,0,,,,,,0.0000,0.970133,0.000000
4,576,0,,,,,,0.0000,0.916673,0.000000
4,577,0,,,,,,0.0000,1.001587,0.000000
4,578,0,,,,,,0.0000,0.983113,0.000000
4,579,0,,,,,,0.0000,1.031418,0.000000
4,580,0,,,,,,0.0000,0.957589,0.000000
4,581,0,,,,,,0.0000,0.949169,0.000000
4,582,0,,,,,,0.0000,0.960784,0.000000
4,583,0,,,,,,0.0000,0.911827,0.000000
4,584,0,,,,,,0.0000,0.958249,0.000000
4,585,0,,,,,,0.0000,0.998397,0.000000
4,586,0,,,,,,0.0000,0.967300,0.000000
4,587,0,,,,,,0.0000,0.981817,0.000000
4,588,0,,,,,,0.0000,0.949753,0.000000
4,589,0,,,,,,0.0000,0.923537,0.000000
4,590,0,,,,,,0.0000,0.947272,0.000000
4,591,0,,,,,,0.0000,0.962943,0.000000
4,592,0,,,,,,0.0000,0.931681,0.000000
4,593,0,,,,,,0.0000,0.958659,0.000000
4,594,0,,,,,,0.0000,0.987632,0.000000
4,595,0,,,,,,0.0000,0.959018,0.000000
4,596,0,,,,,,0.0000,0.946936,0.000000
4,597,0,,,,,,0.0000,0.964937,0.000000
4,598,0,,,,,,0.0000,0.999026,0.000000
4,599,0,,,,,,0.0000,0.934944,0.000000
4,600,0,,,,,,0.0000,0.913687,0.000000
4,601,0,,,,,,0.0000,0.952564,0.000000
4,602,0,,,,,,0.0000,1.004590,0.000000
4,603,0,,,,,,0.0000,0.995217,0.000000
4,604,0,,,,,,0.0000,0.950161,0.000000
4,605,0,,,,,,0.0000,0.947697,0.000000
4,606,0,,,,,,0.0000,0.972092,0.000000
4,607,0,,,,,,0.0000,0.951413,0.000000
4,608,0,,,,,,0.0000,0.972668,0.000000
4,609,0,,,,,,0.0000,0.974888,0.000000
4,610,0,,,,,,0.0000,0.909019,0.000000
4,611,0,,,,,,0.0000,0.963817,0.000000
4,612,0,,,,,,0.0000,1.008877,0.000000
4,613,0,,,,,,0.0000,0.945716,0.000000
4,614,0,,,,,,0.0000,0.922996,0.000000
4,615,0,,,,,,0.0000,0.974831,0.000000
4,616,0,,,,,,0.0000,0.969826,0.000000
4,617,0,,,,,,0.0000,0.984702,0.000000
4,618,0,,,,,,0.0000,1.016215,0.000000
4,619,0,,,,,,0.0000,0.956632,0.000000
4,620,0,,,,,,0.0000,0.907382,0.000000
4,621,0,,,,,,0.0000,0.952457,0.000000
4,622,0,,,,,,0.0000,1.003383,0.000000
4,623,0,,,,,,0.0000,0.984384,0.000000
4,624,0,,,,,,0.0000,0.896526,0.000000
4,625,0,,,,,,0.0000,0.925792,0.000000
4,626,0,,,,,,0.0000,1.036188,0.000000
4,627,0,,,,,,0.0000,1.028186,0.000000
4,628,0,,,,,,0.0000,0.916739,0.000000
4,629,0,,,,,,0.0000,0.914995,0.000000
4,630,0,,,,,,0.0000,0.999974,0.000000
4,631,0,,,,,,0.0000,1.046486,0.000000
4,632,0,,,,,,0.0000,1.004331,0.000000
4,633,0,,,,,,0.0000,0.908098,0.000000
4,634,0,,,,,,0.0000,0.982341,0.000000
4,635,0,,,,,,0.0000,1.005074,0.000000
4,636,0,,,,,,0.0000,0.976284,0.000000
4,637,0,,,,,,0.0000,0.954231,0.000000
4,638,0,,,,,,0.0000,0.945801,0.000000
4,639,0,,,,,,0.0000,0.955008,0.000000
4,640,0,,,,,,0.0000,0.950994,0.000000
4,641,1,0.855009,0.001321,0.394930,0.000000,1.000000,1.0000,0.967499,0.214229
4,642,4,0.183779,0.109957,0.575494,0.310769,0.457661,4.0000,0.701995,0.447872
4,643,7,0.182932,0.100935,0.594798,0.345655,0.909803,8.0000,0.768225,0.485066
4,644,7,0.145994,0.063048,0.716236,0.309038,0.903688,10.0000,0.873480,0.700421
4,645,8,0.143118,0.060583,0.730486,0.153104,0.848382,8.0000,0.865878,0.713152
4,646,9,0.133358,0.060453,0.732102,0.144389,0.810403,6.0000,0.807595,0.716290
4,647,10,0.119459,0.059508,0.762670,0.060221,0.694988,7.0000,0.788893,0.775668
4,648,10,0.117134,0.054902,0.767746,0.065827,0.701634,2.0000,0.863859,0.785526
4,649,12,0.116473,0.051616,0.769141,0.064163,0.761574,7.0000,0.868850,0.788236
4,650,1,0.845168,0.001322,0.409744,0.000000,1.000000,1.0000,1.060589,0.213780
4,651,2,0.309121,0.064280,0.595832,0.000000,0.150129,3.0000,0.846654,0.436148
4,652,4,0.164914,0.080376,0.691238,0.340629,0.495166,7.0000,0.675756,0.625817
4,653,5,0.164484,0.072586,0.691459,0.394641,0.771492,4.0000,0.844288,0.626258
4,654,5,0.164484,0.072586,0.691459,0.394641,0.771492,7.0000,0.965715,0.626258
4,655,10,0.094645,0.064756,0.754931,0.073753,0.622799,15.0000,0.912559,0.733403
4,656,10,0.094645,0.064756,0.754931,0.073753,0.622799,10.0000,0.751827,0.733403
4,657,14,0.090346,0.057477,0.760614,0.064680,0.779869,12.0000,0.839741,0.744701
4,658,15,0.064782,0.054259,0.791960,0.082255,0.687295,8.0000,0.896763,0.807017
4,659,15,0.064370,0.051567,0.794121,0.086080,0.724753,4.0000,0.860081,0.811314
4,660,3,0.293942,0.046688,0.658902,0.769751,0.666961,4.0000,0.971383,0.473891
4,661,4,0.292763,0.050613,0.659550,0.759500,0.975084,4.0000,0.935722,0.475211
4,662,5,0.291114,0.047607,0.666059,0.696037,1.117386,5.0000,0.737658,0.488463
4,663,7,0.227322,0.067934,0.669108,0.468112,0.988254,5.0000,0.812396,0.494670
4,664,9,0.133414,0.075855,0.733722,0.166975,0.674019,10.0000,0.860515,0.626226
4,665,8,0.156136,0.086068,0.746954,0.140184,0.599148,6.0000,0.941135,0.653167
4,666,9,0.142690,0.080322,0.756607,0.094025,0.603834,3.0000,0.895910,0.672821
4,667,12,0.124392,0.060908,0.802765,0.063774,0.755871,14.0000,0.782456,0.766800
4,668,12,0.124374,0.060693,0.803325,0.065552,0.755545,7.0000,0.828358,0.767939
4,669,13,0.122793,0.058454,0.807358,0.054835,0.797080,10.0000,0.959343,0.776151
4,670,1,0.657959,0.057830,0.457109,0.000000,1.000000,1.0000,1.069006,0.355262
4,671,4,0.144135,0.038457,0.744343,0.279313,0.537389,6.0000,0.814732,0.695818
4,672,7,0.121813,0.059507,0.754612,0.037094,0.759026,12.0000,0.744486,0.716858
4,673,9,0.112620,0.045966,0.822959,0.046439,0.758040,10.0000,0.825383,0.799196
4,674,9,0.112620,0.045966,0.822959,0.046439,0.758040,4.0000,0.902610,0.799196
4,675,10,0.111597,0.064617,0.823950,0.063110,0.658670,4.0000,0.879092,0.801227
4,676,11,0.072783,0.048473,0.858214,0.090348,0.707222,8.0000,0.816989,0.855132
4,677,12,0.055478,0.047917,0.870392,0.075022,0.613154,12.0000,0.780651,0.880084
4,678,12,0.055478,0.047917,0.870392,0.075022,0.613154,4.0000,0.837237,0.880084
4,679,12,0.055478,0.047917,0.870392,0.075022,0.613154,9.0000,0.910130,0.880084
4,680,2,0.695725,0.017377,0.528697,0.000000,0.871980,3.0000,1.051911,0.373626
4,681,4,0.208972,0.066402,0.701001,0.040450,0.833850,6.0000,0.866335,0.589622
4,682,6,0.173268,0.086052,0.750375,0.086971,0.638485,9.0000,0.726234,0.638085
4,683,8,0.104313,0.073940,0.814434,0.130374,0.459392,11.0000,0.831404,0.743001
4,684,9,0.103744,0.084707,0.814543,0.081269,0.450867,5.0000,0.885795,0.743225
4,685,11,0.098593,0.077730,0.820444,0.074010,0.595822,10.0000,0.851762,0.755441
4,686,11,0.092840,0.055784,0.850181,0.123801,0.687263,15.0000,0.826452,0.816996
4,687,12,0.091181,0.053509,0.851717,0.115686,0.746945,11.0000,0.883021,0.820176
4,688,13,0.072567,0.056474,0.855335,0.058043,0.686550,12.0000,0.857061,0.827666
4,689,14,0.071422,0.055661,0.857250,0.033512,0.703359,7.0000,0.856649,0.831630
4,690,2,0.359605,0.021862,0.620379,0.000000,0.029056,4.0000,1.011942,0.316668
4,691,6,0.151256,0.034848,0.799915,0.047626,0.644355,9.0000,0.904512,0.694815
4,692,7,0.101922,0.032276,0.816604,0.049332,0.545061,7.0000,0.824751,0.729965
4,693,11,0.097846,0.046576,0.864254,0.074477,0.599902,15.0000,0.805067,0.830329
4,694,12,0.097846,0.052950,0.864340,0.058184,0.603562,5.0000,0.873679,0.830510
4,695,12,0.097846,0.052950,0.864340,0.058184,0.603562,8.0000,0.821305,0.830510
4,696,14,0.097239,0.050535,0.866107,0.055880,0.682342,9.0000,0.788525,0.834232
4,697,14,0.097473,0.050475,0.866413,0.057063,0.687181,11.0000,0.833567,0.834875
4,698,14,0.097473,0.050475,0.866413,0.057063,0.687181,4.0000,0.953109,0.834875
4,699,13,0.067195,0.049375,0.871768,0.082232,0.629884,7.0000,0.795948,0.846155
4,700,0,,,,,,0.0000,0.982471,0.000000
4,701,1,0.826536,0.006547,0.437518,0.000000,1.000000,2.0000,1.064706,0.193868
4,702,5,0.250541,0.207293,0.654651,0.498708,0.862469,6.0000,0.805464,0.482128
4,703,6,0.166948,0.086170,0.739636,0.386450,0.734975,10.0000,0.756043,0.599238
4,704,10,0.144082,0.079780,0.791450,0.055588,0.711715,10.0000,0.857693,0.707756
4,705,11,0.138530,0.063273,0.818279,0.075170,0.752056,7.0000,0.984711,0.729354
4,706,15,0.071237,0.057707,0.864436,0.090092,0.678001,12.0000,0.833871,0.826023
4,707,17,0.062624,0.059975,0.873260,0.081397,0.728952,12.0000,0.747637,0.844504
4,708,16,0.062438,0.058547,0.877572,0.085342,0.770264,12.0000,0.769643,0.853534
4,709,16,0.062426,0.057716,0.878067,0.086444,0.785612,9.0000,0.913103,0.854571
4,710,2,0.355498,0.010647,0.640665,0.000000,0.014549,3.0000,1.140344,0.359394
4,711,2,0.353363,0.004784,0.651746,0.000000,0.006241,7.0000,0.860504,0.382734
4,712,6,0.146168,0.053483,0.775905,0.262805,0.833590,11.0000,0.634472,0.644243
4,713,7,0.146168,0.062782,0.781820,0.122268,0.785084,7.0000,0.869428,0.656701
4,714,8,0.109258,0.062528,0.817674,0.152075,0.599032,8.0000,0.832091,0.732220
4,715,7,0.089746,0.041306,0.847316,0.159298,0.546943,21.0000,0.853681,0.794653
4,716,8,0.082452,0.040146,0.872787,0.064589,0.532027,10.0000,0.878493,0.848300
4,717,9,0.082088,0.045810,0.882551,0.060531,0.460171,8.0000,0.804947,0.868866
4,718,9,0.082088,0.045810,0.882551,0.060531,0.460171,4.0000,0.896616,0.868866
4,719,11,0.069927,0.052952,0.883887,0.061462,0.457404,7.0000,0.798807,0.871681
4,720,3,0.219087,0.138619,0.566656,0.364245,0.530416,4.0000,0.967767,0.408954
4,721,7,0.130238,0.074275,0.786788,0.274359,0.773147,12.0000,0.930187,0.685771
4,722,8,0.112766,0.070309,0.822671,0.180041,0.733511,8.0000,0.856199,0.760051
4,723,9,0.111473,0.066326,0.824990,0.182598,0.837340,12.0000,0.752819,0.764850
4,724,9,0.111473,0.066326,0.824990,0.182598,0.837340,5.0000,0.848439,0.764850
4,725,10,0.068440,0.039884,0.852287,0.144397,0.757652,5.0000,0.948055,0.821356
4,726,11,0.067336,0.040287,0.854305,0.115348,0.654973,10.0000,0.864332,0.825535
4,727,13,0.060005,0.031792,0.879390,0.117356,0.736408,14.0000,0.790559,0.877459
4,728,13,0.060005,0.031792,0.879390,0.117356,0.736408,11.0000,0.869166,0.877459
4,729,13,0.060005,0.031792,0.879390,0.117356,0.736408,6.0000,0.879697,0.877459
4,730,2,0.753476,0.022063,0.320801,0.000000,0.953153,2.0000,1.069947,0.276646
4,731,4,0.165285,0.022308,0.751399,0.391965,0.593441,5.0000,0.897783,0.648983
4,732,6,0.147465,0.018693,0.821954,0.175248,0.773621,8.0000,0.797535,0.793549
4,733,8,0.092790,0.039455,0.838707,0.117594,0.605792,12.0000,0.773242,0.827877
4,734,10,0.089470,0.038882,0.849899,0.090838,0.713274,15.0000,0.841195,0.838095
4,735,10,0.065560,0.021680,0.881206,0.104725,0.667594,10.0000,0.900056,0.902242
4,736,10,0.065560,0.021680,0.881206,0.104725,0.667594,6.0000,0.773705,0.902242
4,737,11,0.062076,0.020719,0.885579,0.053635,0.693010,9.0000,0.811630,0.911203
4,738,13,0.061872,0.020330,0.887309,0.057007,0.781897,9.0000,0.823710,0.914747
4,739,15,0.060491,0.024302,0.888843,0.033977,0.847360,12.0000,0.846139,0.917891
4,740,1,0.837674,0.007229,0.414497,0.000000,1.000000,2.0000,0.982245,0.194833
4,741,4,0.233323,0.104884,0.659650,0.396036,0.422041,4.0000,0.912320,0.475414
4,742,7,0.141139,0.094501,0.727805,0.139167,0.634076,11.0000,0.716086,0.614179
4,743,8,0.141452,0.065654,0.762071,0.037594,0.678533,6.0000,0.773574,0.683946
4,744,8,0.082051,0.055688,0.817627,0.054065,0.463066,11.0000,0.877903,0.797060
4,745,8,0.082051,0.055688,0.817627,0.054065,0.463066,7.0000,0.873100,0.797060
4,746,8,0.082051,0.055688,0.817627,0.054065,0.463066,8.0000,0.818440,0.797060
4,747,9,0.073412,0.037970,0.830174,0.059901,0.689611,14.0000,0.808685,0.822604
4,748,9,0.073412,0.037970,0.830174,0.059901,0.689611,4.0000,0.795468,0.822604
4,749,10,0.060470,0.037591,0.835437,0.080187,0.559101,8.0000,0.821061,0.833320
4,750,2,0.328970,0.193202,0.345181,0.000000,0.307684,3.0000,1.041625,0.032795
4,751,3,0.254799,0.174987,0.482391,0.080889,0.296263,4.0000,0.981747,0.243588
4,752,8,0.115296,0.085348,0.719742,0.083946,0.473089,10.0000,0.749427,0.690407
4,753,7,0.106599,0.060804,0.768319,0.097070,0.583367,9.0000,0.749115,0.786979
4,754,11,0.084613,0.046204,0.815155,0.085106,0.708831,10.0000,0.904141,0.838690
4,755,12,0.083541,0.041619,0.823934,0.081672,0.667727,11.0000,0.888740,0.849921
4,756,12,0.067296,0.039060,0.837119,0.105411,0.661608,7.0000,0.821352,0.876132
4,757,11,0.074618,0.025580,0.841764,0.118700,0.682667,6.0000,0.823853,0.885367
4,758,13,0.057167,0.032396,0.849858,0.089717,0.643844,10.0000,0.858210,0.901457
4,759,13,0.057161,0.032382,0.849970,0.089780,0.643774,9.0000,0.943567,0.901680
4,760,2,0.318328,0.058695,0.522285,0.000000,0.428227,4.0000,1.040028,0.415663
4,761,4,0.309706,0.052400,0.555176,0.530081,1.082905,4.0000,0.915366,0.478278
4,762,7,0.133598,0.089968,0.660077,0.153174,0.697290,11.0000,0.740384,0.605769
4,763,10,0.095312,0.089513,0.710125,0.106209,0.520941,12.0000,0.771220,0.694361
4,764,9,0.110576,0.064580,0.742872,0.124708,0.613190,10.0000,0.836066,0.745260
4,765,10,0.091836,0.048201,0.780953,0.042875,0.608776,6.0000,0.969730,0.819230
4,766,10,0.091658,0.047753,0.781889,0.045200,0.601901,3.0000,0.845270,0.821048
4,767,12,0.071858,0.048448,0.786885,0.068737,0.512947,9.0000,0.753352,0.830752
4,768,12,0.064207,0.044552,0.797579,0.050441,0.587076,10.0000,0.811598,0.851524
4,769,10,0.064508,0.039881,0.806250,0.065843,0.529707,8.0000,0.883392,0.868367
4,770,1,0.671980,0.299056,0.144854,0.000000,1.000000,1.0000,1.030137,0.061889
4,771,4,0.316370,0.113747,0.423643,0.403054,0.861712,10.0000,0.816984,0.433941
4,772,6,0.151965,0.084628,0.628898,0.174378,0.764142,5.0000,0.693857,0.677305
4,773,11,0.098903,0.082554,0.693187,0.086637,0.592584,8.0000,0.826431,0.766025
4,774,11,0.079976,0.074096,0.734859,0.090491,0.534013,7.0000,0.895351,0.800046
4,775,9,0.067461,0.028824,0.754376,0.133527,0.629147,9.0000,0.840790,0.837652
4,776,9,0.067461,0.028824,0.754376,0.133527,0.629147,6.0000,0.785805,0.837652
4,777,9,0.067461,0.028824,0.754376,0.133527,0.629147,4.0000,0.807723,0.837652
4,778,12,0.064655,0.029569,0.759487,0.085115,0.820640,11.0000,0.800726,0.847501
4,779,13,0.065491,0.026481,0.774048,0.071478,0.897863,10.0000,0.828238,0.875557
4,780,1,0.816809,0.127322,0.243913,0.000000,1.000000,1.0000,1.050352,0.052261
4,781,4,0.231965,0.163826,0.474807,0.209306,0.407477,3.0000,0.854738,0.390189
4,782,6,0.153880,0.095197,0.611077,0.024758,0.631279,7.0000,0.736167,0.641534
4,783,8,0.084623,0.065410,0.673517,0.082451,0.491863,6.0000,0.722688,0.761607
4,784,9,0.064832,0.053950,0.699016,0.079784,0.478453,5.0000,0.875516,0.810694
4,785,8,0.058713,0.039239,0.720521,0.036596,0.373922,3.0000,0.874749,0.834832
4,786,9,0.058141,0.044025,0.721613,0.073796,0.490715,3.0000,0.869596,0.836934
4,787,9,0.059910,0.043429,0.726329,0.067096,0.497214,7.0000,0.758490,0.846012
4,788,9,0.050503,0.023485,0.750537,0.056974,0.459078,5.0000,0.841170,0.890580
4,789,9,0.050503,0.023485,0.750537,0.056974,0.459078,2.0000,0.904716,0.890580
4,790,1,0.721590,0.028086,0.382433,0.000000,1.000000,1.0000,1.037522,0.333007
4,791,2,0.308395,0.102843,0.452844,0.000000,0.428843,1.0000,0.807849,0.432484
4,792,3,0.273503,0.053583,0.563925,0.790855,0.893995,11.0000,0.716574,0.614300
4,793,5,0.153191,0.044848,0.647546,0.204945,0.761347,10.0000,0.775327,0.745826
4,794,6,0.135249,0.053087,0.650516,0.069441,0.666734,5.0000,0.975402,0.751678
4,795,7,0.127751,0.044466,0.667113,0.093905,0.701633,5.0000,0.971057,0.775441
4,796,7,0.127751,0.044466,0.667113,0.093905,0.701633,1.0000,0.752761,0.775441
4,797,8,0.126738,0.041678,0.670569,0.094206,0.800473,7.0000,0.759330,0.782249
4,798,9,0.126469,0.039650,0.681519,0.090488,0.848389,6.0000,0.804002,0.788857
4,799,12,0.071322,0.041246,0.705204,0.061667,0.824014,12.0000,0.896904,0.835524
4,800,2,0.525041,0.124222,0.233162,0.000000,0.816491,2.0000,1.042845,0.304146
4,801,6,0.202556,0.102258,0.462953,0.077288,0.566772,5.0000,0.807945,0.561298
4,802,7,0.127156,0.095589,0.547449,0.044182,0.348368,7.0000,0.731607,0.674524
4,803,8,0.074393,0.062790,0.629835,0.116204,0.411532,9.0000,0.797258,0.750875
4,804,10,0.067173,0.062059,0.636155,0.130419,0.516506,3.0000,0.968866,0.763276
4,805,11,0.062550,0.060652,0.647368,0.135524,0.634995,8.0000,0.916227,0.783836
4,806,12,0.062550,0.068498,0.650111,0.130027,0.649599,5.0000,0.818397,0.789216
4,807,14,0.055678,0.063575,0.674053,0.057277,0.618570,6.0000,0.806322,0.836197
4,808,15,0.055612,0.062711,0.674249,0.049437,0.641437,4.0000,0.871237,0.836581
4,809,15,0.056028,0.058153,0.684990,0.050189,0.687173,12.0000,0.813665,0.853820
4,810,0,,,,,,0.0000,1.005975,0.000000
4,811,0,,,,,,0.0000,1.114800,0.000000
4,812,0,,,,,,0.0000,1.005757,0.000000
4,813,0,,,,,,0.0000,0.874137,0.000000
4,814,0,,,,,,0.0000,0.913697,0.000000
4,815,0,,,,,,0.0000,0.998338,0.000000
4,816,0,,,,,,0.0000,1.005365,0.000000
4,817,0,,,,,,0.0000,0.955181,0.000000
4,818,0,,,,,,0.0000,0.987988,0.000000
4,819,0,,,,,,0.0000,1.002903,0.000000
4,820,0,,,,,,0.0000,1.046364,0.000000
4,821,0,,,,,,0.0000,0.975472,0.000000
4,822,0,,,,,,0.0000,0.932907,0.000000
4,823,0,,,,,,0.0000,0.960462,0.000000
4,824,0,,,,,,0.0000,1.002533,0.000000
4,825,0,,,,,,0.0000,1.064394,0.000000
4,826,0,,,,,,0.0000,0.993774,0.000000
4,827,0,,,,,,0.0000,0.940786,0.000000
4,828,0,,,,,,0.0000,0.974442,0.000000
4,829,0,,,,,,0.0000,1.043898,0.000000
4,830,0,,,,,,0.0000,0.930288,0.000000
4,831,0,,,,,,0.0000,0.883000,0.000000
4,832,0,,,,,,0.0000,0.957112,0.000000
4,833,0,,,,,,0.0000,0.955574,0.000000
4,834,0,,,,,,0.0000,0.983504,0.000000
4,835,0,,,,,,0.0000,0.959406,0.000000
4,836,0,,,,,,0.0000,0.941385,0.000000
4,837,0,,,,,,0.0000,0.969919,0.000000
4,838,0,,,,,,0.0000,1.003351,0.000000
4,839,0,,,,,,0.0000,0.984526,0.000000
4,840,0,,,,,,0.0000,0.983016,0.000000
4,841,0,,,,,,0.0000,0.958668,0.000000
4,842,0,,,,,,0.0000,0.923065,0.000000
4,843,0,,,,,,0.0000,0.974073,0.000000
4,844,0,,,,,,0.0000,1.027710,0.000000
4,845,0,,,,,,0.0000,0.958702,0.000000
4,846,0,,,,,,0.0000,0.937367,0.000000
4,847,0,,,,,,0.0000,0.929186,0.000000
4,848,0,,,,,,0.0000,0.976395,0.000000
4,849,0,,,,,,0.0000,1.016777,0.000000
4,850,0,,,,,,0.0000,0.947055,0.000000
4,851,0,,,,,,0.0000,0.919191,0.000000
4,852,0,,,,,,0.0000,0.949791,0.000000
4,853,0,,,,,,0.0000,0.998921,0.000000
4,854,0,,,,,,0.0000,0.998354,0.000000
4,855,0,,,,,,0.0000,0.942982,0.000000
4,856,0,,,,,,0.0000,0.948954,0.000000
4,857,0,,,,,,0.0000,0.958108,0.000000
4,858,0,,,,,,0.0000,0.961255,0.000000
4,859,0,,,,,,0.0000,0.969225,0.000000
4,860,0,,,,,,0.0000,1.027885,0.000000
4,861,0,,,,,,0.0000,0.989134,0.000000
4,862,0,,,,,,0.0000,0.939748,0.000000
4,863,0,,,,,,0.0000,0.959725,0.000000
4,864,0,,,,,,0.0000,0.987530,0.000000
4,865,0,,,,,,0.0000,0.997353,0.000000
4,866,0,,,,,,0.0000,0.935972,0.000000
4,867,0,,,,,,0.0000,0.924011,0.000000
4,868,0,,,,,,0.0000,0.955106,0.000000
4,869,0,,,,,,0.0000,0.987797,0.000000
4,870,0,,,,,,0.0000,0.985153,0.000000
4,871,0,,,,,,0.0000,1.006761,0.000000
4,872,0,,,,,,0.0000,0.995161,0.000000
4,873,0,,,,,,0.0000,0.978630,0.000000
4,874,0,,,,,,0.0000,1.005131,0.000000
4,875,0,,,,,,0.0000,0.991061,0.000000
4,876,0,,,,,,0.0000,0.930844,0.000000
4,877,0,,,,,,0.0000,0.950612,0.000000
4,878,0,,,,,,0.0000,1.042946,0.000000
4,879,0,,,,,,0.0000,0.992454,0.000000
4,880,0,,,,,,0.0000,0.898488,0.000000
4,881,0,,,,,,0.0000,0.909230,0.000000
4,882,0,,,,,,0.0000,0.995444,0.000000
4,883,0,,,,,,0.0000,1.015459,0.000000
4,884,0,,,,,,0.0000,0.975630,0.000000
4,885,0,,,,,,0.0000,0.941464,0.000000
4,886,0,,,,,,0.0000,0.946258,0.000000
4,887,0,,,,,,0.0000,0.975909,0.000000
4,888,0,,,,,,0.0000,0.932604,0.000000
4,889,0,,,,,,0.0000,1.001479,0.000000
4,890,0,,,,,,0.0000,0.965510,0.000000
4,891,0,,,,,,0.0000,0.978036,0.000000
4,892,0,,,,,,0.0000,0.894596,0.000000
4,893,0,,,,,,0.0000,0.944321,0.000000
4,894,0,,,,,,0.0000,1.011707,0.000000
4,895,0,,,,,,0.0000,0.969708,0.000000
4,896,0,,,,,,0.0000,0.981735,0.000000
4,897,0,,,,,,0.0000,0.975374,0.000000
4,898,0,,,,,,0.0000,0.962903,0.000000
4,899,0,,,,,,0.0000,0.932302,0.000000
4,900,0,,,,,,0.0000,0.942225,0.000000
4,901,0,,,,,,0.0000,0.962045,0.000000
4,902,0,,,,,,0.0000,0.958929,0.000000
4,903,0,,,,,,0.0000,0.925085,0.000000
4,904,0,,,,,,0.0000,0.945635,0.000000
4,905,0,,,,,,0.0000,1.011064,0.000000
4,906,0,,,,,,0.0000,1.017517,0.000000
4,907,0,,,,,,0.0000,0.942919,0.000000
4,908,0,,,,,,0.0000,0.954223,0.000000
4,909,0,,,,,,0.0000,0.997238,0.000000
4,910,0,,,,,,0.0000,1.014206,0.000000
4,911,0,,,,,,0.0000,0.939867,0.000000
4,912,0,,,,,,0.0000,0.912188,0.000000
4,913,0,,,,,,0.0000,0.958767,0.000000
4,914,0,,,,,,0.0000,0.975852,0.000000
4,915,0,,,,,,0.0000,0.992024,0.000000
4,916,0,,,,,,0.0000,0.943100,0.000000
4,917,0,,,,,,0.0000,0.942046,0.000000
4,918,0,,,,,,0.0000,0.979840,0.000000
4,919,0,,,,,,0.0000,0.984777,0.000000
4,920,0,,,,,,0.0000,0.962344,0.000000
4,921,0,,,,,,0.0000,0.985437,0.000000
4,922,0,,,,,,0.0000,0.987013,0.000000
4,923,0,,,,,,0.0000,0.958664,0.000000
4,924,0,,,,,,0.0000,0.980922,0.000000
4,925,0,,,,,,0.0000,0.938624,0.000000
4,926,0,,,,,,0.0000,1.000161,0.000000
4,927,0,,,,,,0.0000,0.994889,0.000000
4,928,0,,,,,,0.0000,0.985480,0.000000
4,929,0,,,,,,0.0000,0.912869,0.000000
4,930,0,,,,,,0.0000,0.940711,0.000000
4,931,0,,,,,,0.0000,0.955204,0.000000
4,932,0,,,,,,0.0000,0.954613,0.000000
4,933,0,,,,,,0.0000,0.987085,0.000000
4,934,0,,,,,,0.0000,0.909073,0.000000
4,935,0,,,,,,0.0000,0.898956,0.000000
4,936,0,,,,,,0.0000,0.984506,0.000000
4,937,0,,,,,,0.0000,0.988455,0.000000
4,938,0,,,,,,0.0000,0.942688,0.000000
4,939,0,,,,,,0.0000,0.932231,0.000000
4,940,0,,,,,,0.0000,0.978548,0.000000
4,941,0,,,,,,0.0000,1.004541,0.000000
4,942,0,,,,,,0.0000,0.984610,0.000000
4,943,0,,,,,,0.0000,0.968126,0.000000
4,944,0,,,,,,0.0000,0.953635,0.000000
4,945,0,,,,,,0.0000,0.957806,0.000000
4,946,0,,,,,,0.0000,1.002739,0.000000
4,947,0,,,,,,0.0000,0.937993,0.000000
4,948,0,,,,,,0.0000,0.921804,0.000000
4,949,0,,,,,,0.0000,1.015459,0.000000
4,950,0,,,,,,0.0000,0.978671,0.000000
4,951,0,,,,,,0.0000,0.932134,0.000000
4,952,0,,,,,,0.0000,0.929243,0.000000
4,953,0,,,,,,0.0000,1.021264,0.000000
4,954,0,,,,,,0.0000,0.988011,0.000000
4,955,0,,,,,,0.0000,0.924511,0.000000
4,956,0,,,,,,0.0000,0.946046,0.000000
4,957,0,,,,,,0.0000,0.986716,0.000000
4,958,0,,,,,,0.0000,0.983475,0.000000
4,959,0,,,,,,0.0000,0.973167,0.000000
4,960,0,,,,,,0.0000,0.947782,0.000000
4,961,0,,,,,,0.0000,0.964196,0.000000
4,962,0,,,,,,0.0000,0.990937,0.000000
4,963,0,,,,,,0.0000,0.953945,0.000000
4,964,0,,,,,,0.0000,0.955224,0.000000
4,965,0,,,,,,0.0000,0.985271,0.000000
4,966,0,,,,,,0.0000,1.016319,0.000000
4,967,0,,,,,,0.0000,0.906802,0.000000
4,968,0,,,,,,0.0000,0.935392,0.000000
4,969,0,,,,,,0.0000,1.044375,0.000000
4,970,0,,,,,,0.0000,1.036655,0.000000
4,971,0,,,,,,0.0000,0.921165,0.000000
4,972,0,,,,,,0.0000,0.920947,0.000000
4,973,0,,,,,,0.0000,1.017691,0.000000
4,974,0,,,,,,0.0000,1.000531,0.000000
4,975,0,,,,,,0.0000,1.040971,0.000000
4,976,0,,,,,,0.0000,0.942328,0.000000
4,977,0,,,,,,0.0000,0.919651,0.000000
4,978,0,,,,,,0.0000,0.924560,0.000000
4,979,0,,,,,,0.0000,0.990039,0.000000
4,980,0,,,,,,0.0000,0.996542,0.000000
4,981,0,,,,,,0.0000,0.935453,0.000000
4,982,0,,,,,,0.0000,0.979521,0.000000
4,983,0,,,,,,0.0000,0.984778,0.000000
4,984,0,,,,,,0.0000,1.012403,0.000000
4,985,0,,,,,,0.0000,0.981656,0.000000
4,986,0,,,,,,0.0000,0.948891,0.000000
4,987,0,,,,,,0.0000,0.912996,0.000000
4,988,0,,,,,,0.0000,0.955811,0.000000
4,989,0,,,,,,0.0000,1.034400,0.000000
4,990,0,,,,,,0.0000,0.976221,0.000000
4,991,0,,,,,,0.0000,0.951788,0.000000
4,992,0,,,,,,0.0000,0.940361,0.000000
4,993,0,,,,,,0.0000,0.992212,0.000000
4,994,0,,,,,,0.0000,0.986719,0.000000
4,995,0,,,,,,0.0000,0.956380,0.000000
4,996,0,,,,,,0.0000,0.923901,0.000000
4,997,0,,,,,,0.0000,0.993859,0.000000
4,998,0,,,,,,0.0000,1.047951,0.000000
4,999,0,,,,,,0.0000,1.030280,0.000000
4,1000,0,,,,,,0.0000,0.975402,0.000000
5,1,4,0.225200,0.029135,0.481541,0.581155,0.716651,14.0000,0.854147,0.561647
5,2,5,0.102387,0.029233,0.560040,0.277132,0.441866,4.0000,0.794082,0.715677
5,3,6,0.075628,0.025056,0.578413,0.228868,0.519566,2.0000,0.798197,0.746199
5,4,7,0.070375,0.027940,0.584774,0.130857,0.613503,1.0000,0.800962,0.758682
5,5,7,0.070375,0.027940,0.584774,0.130857,0.613503,2.0000,0.815347,0.758682
5,6,10,0.054191,0.029793,0.630769,0.045368,0.686497,6.0000,0.824818,0.848932
5,7,11,0.048695,0.029300,0.630897,0.052662,0.583614,8.0000,0.773197,0.849185
5,8,11,0.048695,0.029300,0.630897,0.052662,0.583614,4.0000,0.813112,0.849185
5,9,12,0.045439,0.029992,0.645572,0.052194,0.519547,9.0000,0.811838,0.877980
5,10,1,0.661274,0.145623,0.200670,0.000000,1.000000,1.0000,1.080390,0.238258
5,11,3,0.266044,0.112724,0.409021,0.673542,0.794380,5.0000,0.908465,0.503273
5,12,6,0.192849,0.135409,0.460417,0.225330,0.736998,7.0000,0.744001,0.574722
5,13,5,0.193224,0.076924,0.495345,0.210572,0.684208,6.0000,0.800591,0.645749
5,14,6,0.191473,0.074257,0.500044,0.218248,0.854924,6.0000,0.906995,0.655305
5,15,8,0.119507,0.082196,0.522574,0.077350,0.649195,6.0000,0.854271,0.701119
5,16,8,0.085876,0.052615,0.572459,0.085965,0.673490,9.0000,0.812839,0.802561
5,17,9,0.085684,0.049704,0.572951,0.092766,0.769334,4.0000,0.886551,0.803562
5,18,10,0.085209,0.047178,0.581118,0.088014,0.780008,3.0000,0.866572,0.812727
5,19,11,0.085209,0.049732,0.581272,0.089493,0.840777,11.0000,0.847352,0.813039
5,20,0,,,,,,0.0000,0.998897,0.000000
5,21,0,,,,,,0.0000,1.074762,0.000000
5,22,0,,,,,,0.0000,0.959424,0.000000
5,23,0,,,,,,0.0000,0.925961,0.000000
5,24,0,,,,,,0.0000,0.988919,0.000000
5,25,0,,,,,,0.0000,1.001351,0.000000
5,26,0,,,,,,0.0000,0.940508,0.000000
5,27,0,,,,,,0.0000,0.960269,0.000000
5,28,0,,,,,,0.0000,1.006979,0.000000
5,29,0,,,,,,0.0000,0.986041,0.000000
5,30,0,,,,,,0.0000,0.945878,0.000000
5,31,0,,,,,,0.0000,0.955209,0.000000
5,32,0,,,,,,0.0000,0.990481,0.000000
5,33,0,,,,,,0.0000,0.992715,0.000000
5,34,0,,,,,,0.0000,0.961819,0.000000
5,35,0,,,,,,0.0000,0.970348,0.000000
5,36,0,,,,,,0.0000,1.016471,0.000000
5,37,0,,,,,,0.0000,0.984261,0.000000
5,38,0,,,,,,0.0000,0.951181,0.000000
5,39,0,,,,,,0.0000,0.930664,0.000000
5,40,0,,,,,,0.0000,0.946531,0.000000
5,41,0,,,,,,0.0000,0.971812,0.000000
5,42,0,,,,,,0.0000,0.979530,0.000000
5,43,0,,,,,,0.0000,0.957753,0.000000
5,44,0,,,,,,0.0000,0.963040,0.000000
5,45,0,,,,,,0.0000,0.971086,0.000000
5,46,0,,,,,,0.0000,0.965293,0.000000
5,47,0,,,,,,0.0000,0.970668,0.000000
5,48,0,,,,,,0.0000,0.979237,0.000000
5,49,0,,,,,,0.0000,0.955718,0.000000
5,50,0,,,,,,0.0000,0.989883,0.000000
5,51,0,,,,,,0.0000,0.986595,0.000000
5,52,0,,,,,,0.0000,0.946474,0.000000
5,53,0,,,,,,0.0000,0.968320,0.000000
5,54,0,,,,,,0.0000,1.005723,0.000000
5,55,0,,,,,,0.0000,0.999751,0.000000
5,56,0,,,,,,0.0000,0.953914,0.000000
5,57,0,,,,,,0.0000,0.957513,0.000000
5,58,0,,,,,,0.0000,0.990303,0.000000
5,59,0,,,,,,0.0000,0.956375,0.000000
5,60,0,,,,,,0.0000,0.970170,0.000000
5,61,0,,,,,,0.0000,0.973546,0.000000
5,62,0,,,,,,0.0000,1.010115,0.000000
5,63,0,,,,,,0.0000,0.975923,0.000000
5,64,0,,,,,,0.0000,0.927371,0.000000
5,65,0,,,,,,0.0000,0.946298,0.000000
5,66,0,,,,,,0.0000,1.002658,0.000000
5,67,0,,,,,,0.0000,1.016742,0.000000
5,68,0,,,,,,0.0000,0.950954,0.000000
5,69,0,,,,,,0.0000,0.932916,0.000000
5,70,0,,,,,,0.0000,0.965137,0.000000
5,71,0,,,,,,0.0000,0.989059,0.000000
5,72,0,,,,,,0.0000,0.971492,0.000000
5,73,0,,,,,,0.0000,0.963811,0.000000
5,74,0,,,,,,0.0000,0.954555,0.000000
5,75,0,,,,,,0.0000,0.963386,0.000000
5,76,0,,,,,,0.0000,0.966298,0.000000
5,77,0,,,,,,0.0000,0.959113,0.000000
5,78,0,,,,,,0.0000,0.960998,0.000000
5,79,0,,,,,,0.0000,0.959772,0.000000
5,80,0,,,,,,0.0000,0.983450,0.000000
5,81,0,,,,,,0.0000,0.947779,0.000000
5,82,0,,,,,,0.0000,0.936113,0.000000
5,83,0,,,,,,0.0000,0.970256,0.000000
5,84,0,,,,,,0.0000,1.012025,0.000000
5,85,0,,,,,,0.0000,0.987198,0.000000
5,86,0,,,,,,0.0000,0.929874,0.000000
5,87,0,,,,,,0.0000,0.938857,0.000000
5,88,0,,,,,,0.0000,0.968236,0.000000
5,89,0,,,,,,0.0000,0.984729,0.000000
5,90,0,,,,,,0.0000,0.980831,0.000000
5,91,0,,,,,,0.0000,0.956077,0.000000
5,92,0,,,,,,0.0000,0.954468,0.000000
5,93,0,,,,,,0.0000,0.967189,0.000000
5,94,0,,,,,,0.0000,0.980045,0.000000
5,95,0,,,,,,0.0000,0.961349,0.000000
5,96,0,,,,,,0.0000,0.962720,0.000000
5,97,0,,,,,,0.0000,0.986402,0.000000
5,98,0,,,,,,0.0000,0.988184,0.000000
5,99,0,,,,,,0.0000,0.946767,0.000000
5,100,0,,,,,,0.0000,0.922015,0.000000
5,101,0,,,,,,0.0000,0.933190,0.000000
5,102,0,,,,,,0.0000,0.980397,0.000000
5,103,0,,,,,,0.0000,0.986566,0.000000
5,104,0,,,,,,0.0000,0.932441,0.000000
5,105,0,,,,,,0.0000,0.938421,0.000000
5,106,0,,,,,,0.0000,1.022719,0.000000
5,107,0,,,,,,0.0000,1.000072,0.000000
5,108,0,,,,,,0.0000,0.948839,0.000000
5,109,0,,,,,,0.0000,0.931508,0.000000
5,110,0,,,,,,0.0000,0.972970,0.000000
5,111,0,,,,,,0.0000,0.985142,0.000000
5,112,0,,,,,,0.0000,0.983409,0.000000
5,113,0,,,,,,0.0000,0.941048,0.000000
5,114,0,,,,,,0.0000,0.957578,0.000000
5,115,0,,,,,,0.0000,0.970758,0.000000
5,116,0,,,,,,0.0000,0.980991,0.000000
5,117,0,,,,,,0.0000,0.938065,0.000000
5,118,0,,,,,,0.0000,0.966750,0.000000
5,119,0,,,,,,0.0000,0.973403,0.000000
5,120,0,,,,,,0.0000,0.955040,0.000000
5,121,0,,,,,,0.0000,0.942607,0.000000
5,122,0,,,,,,0.0000,0.954322,0.000000
5,123,0,,,,,,0.0000,0.994094,0.000000
5,124,0,,,,,,0.0000,0.971219,0.000000
5,125,0,,,,,,0.0000,0.956508,0.000000
5,126,0,,,,,,0.0000,0.992083,0.000000
5,127,0,,,,,,0.0000,0.970877,0.000000
5,128,0,,,,,,0.0000,0.967450,0.000000
5,129,0,,,,,,0.0000,0.983397,0.000000
5,130,0,,,,,,0.0000,0.972136,0.000000
5,131,0,,,,,,0.0000,0.979062,0.000000
5,132,0,,,,,,0.0000,0.945853,0.000000
5,133,0,,,,,,0.0000,0.980195,0.000000
5,134,0,,,,,,0.0000,0.981815,0.000000
5,135,0,,,,,,0.0000,0.933991,0.000000
5,136,0,,,,,,0.0000,0.956348,0.000000
5,137,0,,,,,,0.0000,0.981669,0.000000
5,138,0,,,,,,0.0000,0.994595,0.000000
5,139,0,,,,,,0.0000,0.964488,0.000000
5,140,0,,,,,,0.0000,0.942073,0.000000
5,141,0,,,,,,0.0000,0.942701,0.000000
5,142,0,,,,,,0.0000,0.982310,0.000000
5,143,0,,,,,,0.0000,0.991645,0.000000
5,144,0,,,,,,0.0000,0.949436,0.000000
5,145,0,,,,,,0.0000,0.951433,0.000000
5,146,0,,,,,,0.0000,0.978414,0.000000
5,147,0,,,,,,0.0000,0.987680,0.000000
5,148,0,,,,,,0.0000,0.949459,0.000000
5,149,0,,,,,,0.0000,0.962272,0.000000
5,150,0,,,,,,0.0000,0.994686,0.000000
5,151,0,,,,,,0.0000,0.959294,0.000000
5,152,0,,,,,,0.0000,0.961594,0.000000
5,153,0,,,,,,0.0000,0.937755,0.000000
5,154,0,,,,,,0.0000,0.959763,0.000000
5,155,0,,,,,,0.0000,0.967810,0.000000
5,156,0,,,,,,0.0000,0.970287,0.000000
5,157,0,,,,,,0.0000,0.948605,0.000000
5,158,0,,,,,,0.0000,0.985769,0.000000
5,159,0,,,,,,0.0000,0.980615,0.000000
5,160,0,,,,,,0.0000,0.945859,0.000000
5,161,0,,,,,,0.0000,0.948578,0.000000
5,162,0,,,,,,0.0000,0.970807,0.000000
5,163,0,,,,,,0.0000,0.979727,0.000000
5,164,0,,,,,,0.0000,0.955693,0.000000
5,165,0,,,,,,0.0000,0.963145,0.000000
5,166,0,,,,,,0.0000,0.966243,0.000000
5,167,0,,,,,,0.0000,0.953762,0.000000
5,168,0,,,,,,0.0000,0.948285,0.000000
5,169,0,,,,,,0.0000,0.939952,0.000000
5,170,0,,,,,,0.0000,0.947406,0.000000
5,171,0,,,,,,0.0000,0.971144,0.000000
5,172,0,,,,,,0.0000,0.950125,0.000000
5,173,0,,,,,,0.0000,0.935810,0.000000
5,174,0,,,,,,0.0000,0.966275,0.000000
5,175,0,,,,,,0.0000,0.985781,0.000000
5,176,0,,,,,,0.0000,0.960343,0.000000
5,177,0,,,,,,0.0000,0.986841,0.000000
5,178,0,,,,,,0.0000,0.999735,0.000000
5,179,0,,,,,,0.0000,0.974675,0.000000
5,180,0,,,,,,0.0000,0.929374,0.000000
5,181,0,,,,,,0.0000,0.980365,0.000000
5,182,0,,,,,,0.0000,1.007082,0.000000
5,183,0,,,,,,0.0000,0.951087,0.000000
5,184,0,,,,,,0.0000,0.930637,0.000000
5,185,0,,,,,,0.0000,0.942416,0.000000
5,186,0,,,,,,0.0000,0.955354,0.000000
5,187,0,,,,,,0.0000,1.000593,0.000000
5,188,0,,,,,,0.0000,0.965190,0.000000
5,189,0,,,,,,0.0000,0.953492,0.000000
5,190,0,,,,,,0.0000,0.972591,0.000000
5,191,0,,,,,,0.0000,0.980541,0.000000
5,192,0,,,,,,0.0000,0.956463,0.000000
5,193,0,,,,,,0.0000,0.960703,0.000000
5,194,0,,,,,,0.0000,0.960358,0.000000
5,195,0,,,,,,0.0000,0.971481,0.000000
5,196,0,,,,,,0.0000,0.950201,0.000000
5,197,0,,,,,,0.0000,0.985857,0.000000
5,198,0,,,,,,0.0000,0.948173,0.000000
5,199,0,,,,,,0.0000,0.949908,0.000000
5,200,0,,,,,,0.0000,0.969340,0.000000
5,201,0,,,,,,0.0000,0.982286,0.000000
5,202,0,,,,,,0.0000,0.981323,0.000000
5,203,0,,,,,,0.0000,0.963767,0.000000
5,204,0,,,,,,0.0000,0.949835,0.000000
5,205,0,,,,,,0.0000,0.957362,0.000000
5,206,0,,,,,,0.0000,0.976537,0.000000
5,207,0,,,,,,0.0000,0.966596,0.000000
5,208,0,,,,,,0.0000,0.961857,0.000000
5,209,0,,,,,,0.0000,0.951999,0.000000
5,210,0,,,,,,0.0000,0.957287,0.000000
5,211,0,,,,,,0.0000,0.975655,0.000000
5,212,0,,,,,,0.0000,0.974986,0.000000
5,213,0,,,,,,0.0000,0.959514,0.000000
5,214,0,,,,,,0.0000,0.953205,0.000000
5,215,0,,,,,,0.0000,0.936671,0.000000
5,216,0,,,,,,0.0000,0.974101,0.000000
5,217,0,,,,,,0.0000,0.968175,0.000000
5,218,0,,,,,,0.0000,0.974966,0.000000
5,219,0,,,,,,0.0000,0.952456,0.000000
5,220,0,,,,,,0.0000,0.948963,0.000000
5,221,0,,,,,,0.0000,0.974237,0.000000
5,222,0,,,,,,0.0000,0.977034,0.000000
5,223,0,,,,,,0.0000,0.942620,0.000000
5,224,0,,,,,,0.0000,0.953931,0.000000
5,225,0,,,,,,0.0000,0.978912,0.000000
5,226,0,,,,,,0.0000,0.977897,0.000000
5,227,0,,,,,,0.0000,0.953007,0.000000
5,228,0,,,,,,0.0000,0.925415,0.000000
5,229,0,,,,,,0.0000,0.945643,0.000000
5,230,0,,,,,,0.0000,0.965100,0.000000
5,231,0,,,,,,0.0000,0.995543,0.000000
5,232,0,,,,,,0.0000,0.950966,0.000000
5,233,0,,,,,,0.0000,0.960299,0.000000
5,234,0,,,,,,0.0000,0.963496,0.000000
5,235,0,,,,,,0.0000,0.974334,0.000000
5,236,0,,,,,,0.0000,0.914825,0.000000
5,237,0,,,,,,0.0000,0.947364,0.000000
5,238,0,,,,,,0.0000,0.977683,0.000000
5,239,0,,,,,,0.0000,0.971766,0.000000
5,240,0,,,,,,0.0000,0.951556,0.000000
5,241,1,0.854801,0.001738,0.280629,0.000000,1.000000,1.0000,0.969244,0.215116
5,242,6,0.133683,0.114572,0.635601,0.090116,0.362341,8.0000,0.755530,0.678886
5,243,10,0.081512,0.047092,0.734915,0.118129,0.706768,22.0000,0.692187,0.845128
5,244,12,0.060049,0.042628,0.751997,0.050222,0.682772,14.0000,0.804538,0.870535
5,245,11,0.061611,0.030591,0.766823,0.094639,0.684667,7.0000,0.897343,0.886654
5,246,11,0.061611,0.030591,0.766823,0.094639,0.684667,9.0000,0.850183,0.886654
5,247,11,0.061611,0.030591,0.766823,0.094639,0.684667,8.0000,0.735056,0.886654
5,248,12,0.061611,0.035245,0.773739,0.075229,0.692477,13.0000,0.775153,0.900088
5,249,11,0.061703,0.035150,0.776103,0.071098,0.638042,11.0000,0.901906,0.904680
5,250,2,0.380482,0.028409,0.498227,0.000000,0.034627,2.0000,1.123556,0.322758
5,251,3,0.319699,0.020632,0.594225,0.890044,0.771668,7.0000,0.921182,0.504461
5,252,8,0.109036,0.064284,0.694721,0.069326,0.464395,7.0000,0.702897,0.704249
5,253,8,0.109036,0.064284,0.694721,0.069326,0.464395,7.0000,0.780278,0.704249
5,254,8,0.104104,0.057183,0.702197,0.067790,0.533504,10.0000,0.940948,0.719112
5,255,9,0.097955,0.072738,0.717414,0.026971,0.384902,12.0000,0.935424,0.749364
5,256,10,0.064685,0.066669,0.755718,0.092744,0.424476,9.0000,0.814209,0.825512
5,257,12,0.055920,0.053777,0.778012,0.061733,0.455228,11.0000,0.744807,0.869833
5,258,14,0.051065,0.051291,0.778702,0.064070,0.526594,8.0000,0.789000,0.871206
5,259,14,0.044018,0.032370,0.796541,0.058800,0.667452,11.0000,0.859068,0.906669
5,260,1,0.764258,0.017571,0.317598,0.000000,1.000000,1.0000,1.067984,0.245537
5,261,5,0.162270,0.048373,0.698784,0.149699,0.547784,6.0000,0.856569,0.668983
5,262,9,0.091274,0.060855,0.727698,0.141658,0.665809,15.0000,0.745921,0.727853
5,263,12,0.086900,0.075289,0.744122,0.075110,0.530422,12.0000,0.820700,0.761292
5,264,11,0.082397,0.060421,0.763376,0.067575,0.563036,12.0000,0.859194,0.800495
5,265,11,0.082392,0.060379,0.763755,0.068071,0.562255,14.0000,0.846918,0.801265
5,266,12,0.079247,0.058707,0.765466,0.056482,0.584551,11.0000,0.824447,0.804749
5,267,12,0.060171,0.047553,0.775425,0.063276,0.565344,10.0000,0.788544,0.825027
5,268,12,0.060171,0.047553,0.775425,0.063276,0.565344,8.0000,0.859498,0.825027
5,269,12,0.060171,0.047553,0.775425,0.063276,0.565344,10.0000,0.857955,0.825027
5,270,1,0.791048,0.053638,0.286962,0.000000,1.000000,1.0000,1.005334,0.154207
5,271,6,0.117013,0.078835,0.650234,0.192319,0.640005,8.0000,0.809366,0.590788
5,272,8,0.110311,0.073161,0.707566,0.089999,0.659117,9.0000,0.762211,0.708261
5,273,10,0.082753,0.066837,0.729404,0.069183,0.552308,8.0000,0.849320,0.747529
5,274,9,0.073252,0.049530,0.744353,0.155285,0.632342,8.0000,0.853643,0.775881
5,275,10,0.058019,0.051925,0.771417,0.080638,0.521442,8.0000,0.798646,0.813346
5,276,10,0.058019,0.051925,0.771417,0.080638,0.521442,10.0000,0.806331,0.813346
5,277,10,0.052176,0.041433,0.785346,0.075713,0.516491,16.0000,0.842202,0.827607
5,278,10,0.052176,0.041433,0.785346,0.075713,0.516491,9.0000,0.838963,0.827607
5,279,10,0.052176,0.041433,0.785346,0.075713,0.516491,7.0000,0.811678,0.827607
5,280,3,0.255923,0.080331,0.579937,0.813309,0.849470,3.0000,1.010484,0.469064
5,281,4,0.252852,0.044235,0.646580,0.015944,0.886096,7.0000,0.932414,0.511333
5,282,5,0.156737,0.051921,0.708866,0.144655,0.579536,11.0000,0.780676,0.640267
5,283,8,0.081688,0.052637,0.759231,0.144718,0.559011,12.0000,0.762140,0.744523
5,284,10,0.079223,0.050365,0.795126,0.150336,0.680086,11.0000,0.873351,0.818825
5,285,10,0.079223,0.050365,0.795126,0.150336,0.680086,8.0000,0.889524,0.818825
5,286,11,0.077524,0.048978,0.795966,0.138442,0.733566,4.0000,0.821681,0.820564
5,287,12,0.076692,0.047097,0.797200,0.135245,0.785100,11.0000,0.800210,0.823119
5,288,12,0.077096,0.046130,0.810163,0.136484,0.885561,8.0000,0.830090,0.849953
5,289,13,0.073589,0.044413,0.813329,0.051173,0.801270,8.0000,0.841052,0.856507
5,290,1,0.602645,0.182372,0.180663,0.000000,1.000000,1.0000,1.033945,0.124413
5,291,6,0.167407,0.093691,0.649931,0.142543,0.565432,10.0000,0.914492,0.496731
5,292,8,0.155174,0.116626,0.679181,0.114348,0.555595,11.0000,0.786484,0.558338
5,293,8,0.112914,0.086962,0.721703,0.131452,0.468888,10.0000,0.839806,0.647901
5,294,9,0.134866,0.056663,0.776173,0.055268,0.742732,15.0000,0.849920,0.762628
5,295,10,0.126178,0.060851,0.776846,0.056277,0.635062,9.0000,0.878480,0.764047
5,296,12,0.071604,0.059015,0.796102,0.074656,0.635090,16.0000,0.825072,0.804605
5,297,12,0.071604,0.059015,0.796102,0.074656,0.635090,6.0000,0.852997,0.804605
5,298,13,0.062821,0.052767,0.802269,0.073621,0.542311,8.0000,0.824067,0.817593
5,299,13,0.060604,0.048901,0.811513,0.079037,0.530114,7.0000,0.826135,0.837063
5,300,2,0.562355,0.196944,0.322895,0.000000,0.590634,6.0000,1.025942,0.189458
5,301,6,0.180235,0.130214,0.683708,0.213936,0.591590,11.0000,0.932345,0.564668
5,302,8,0.149997,0.093233,0.721356,0.093837,0.580304,17.0000,0.764217,0.643518
5,303,9,0.117765,0.079736,0.736806,0.084621,0.500497,12.0000,0.731072,0.675875
5,304,9,0.112905,0.073070,0.743201,0.089492,0.565742,15.0000,0.847765,0.689267
5,305,11,0.087223,0.072536,0.787255,0.057109,0.619147,14.0000,0.831586,0.781534
5,306,12,0.079205,0.076975,0.819987,0.096869,0.697511,11.0000,0.808872,0.850085
5,307,12,0.065911,0.042633,0.833403,0.087652,0.791324,13.0000,0.773824,0.878183
5,308,13,0.060678,0.039881,0.837157,0.072402,0.772014,16.0000,0.798758,0.886045
5,309,11,0.056487,0.022510,0.842335,0.095798,0.745555,15.0000,0.877365,0.896889
5,310,1,0.841717,0.034417,0.305745,0.000000,1.000000,1.0000,1.084419,0.133583
5,311,5,0.230147,0.107823,0.598703,0.464789,0.783423,5.0000,0.855028,0.402254
5,312,9,0.104788,0.080149,0.743302,0.140069,0.531443,16.0000,0.711438,0.706814
5,313,9,0.099929,0.087856,0.763739,0.117133,0.457391,19.0000,0.762599,0.736439
5,314,13,0.069135,0.070685,0.818284,0.045163,0.609829,14.0000,0.929818,0.851324
5,315,13,0.068308,0.065929,0.821119,0.061701,0.659272,14.0000,0.858289,0.857295
5,316,11,0.058528,0.040430,0.831163,0.090835,0.608410,9.0000,0.761746,0.878451
5,317,11,0.058528,0.040430,0.831163,0.090835,0.608410,7.0000,0.847237,0.878451
5,318,13,0.055824,0.038248,0.833115,0.082489,0.710345,12.0000,0.904722,0.882563
5,319,13,0.054157,0.028544,0.839341,0.086093,0.729386,14.0000,0.848585,0.895676
5,320,1,0.832216,0.008074,0.315182,0.000000,1.000000,2.0000,0.968221,0.190929
5,321,5,0.165507,0.038233,0.707723,0.277962,0.734289,14.0000,0.825244,0.637900
5,322,6,0.125854,0.030685,0.763296,0.063894,0.462634,14.0000,0.776158,0.752937
5,323,8,0.124766,0.032782,0.764551,0.122236,0.728005,10.0000,0.867097,0.755534
5,324,9,0.124766,0.035106,0.770241,0.106932,0.725471,9.0000,0.890258,0.767312
5,325,11,0.054587,0.039299,0.796806,0.108096,0.606589,11.0000,0.851042,0.822304
5,326,11,0.054587,0.039299,0.796806,0.108096,0.606589,12.0000,0.805076,0.822304
5,327,11,0.054587,0.039299,0.796806,0.108096,0.606589,10.0000,0.841487,0.822304
5,328,12,0.049518,0.038977,0.807297,0.073165,0.628496,5.0000,0.861928,0.844020
5,329,13,0.049340,0.038248,0.807639,0.071694,0.655537,9.0000,0.863260,0.844728
5,330,2,0.280319,0.044352,0.582505,0.000000,0.179109,3.0000,1.030723,0.481668
5,331,4,0.250059,0.038818,0.671039,0.037879,0.906254,7.0000,0.900695,0.606303
5,332,5,0.156747,0.063076,0.709629,0.150350,0.612651,9.0000,0.769518,0.685372
5,333,8,0.141749,0.082964,0.714964,0.094626,0.561419,13.0000,0.778550,0.696304
5,334,11,0.137651,0.077986,0.720758,0.068556,0.690343,10.0000,0.884558,0.706862
5,335,10,0.134572,0.062137,0.766004,0.029809,0.898863,13.0000,0.877605,0.780812
5,336,10,0.067257,0.060789,0.787400,0.106509,0.715542,16.0000,0.786490,0.824652
5,337,11,0.058385,0.048586,0.795747,0.107828,0.647339,8.0000,0.817618,0.841754
5,338,11,0.056885,0.040653,0.797619,0.109820,0.667494,8.0000,0.860235,0.845591
5,339,14,0.055188,0.038435,0.798827,0.102856,0.774695,14.0000,0.879895,0.848065
5,340,4,0.300809,0.056834,0.593478,0.775267,0.989770,6.0000,1.047942,0.454577
5,341,5,0.162316,0.061553,0.678275,0.311973,0.676509,8.0000,0.838513,0.627226
5,342,7,0.139265,0.064266,0.706198,0.227184,0.815046,12.0000,0.732765,0.684078
5,343,9,0.109471,0.080062,0.719257,0.117496,0.419180,12.0000,0.810074,0.710667
5,344,10,0.105379,0.084300,0.731966,0.103307,0.426311,5.0000,0.920740,0.736543
5,345,10,0.088664,0.070232,0.736831,0.058193,0.465508,9.0000,0.914672,0.746448
5,346,10,0.105627,0.066274,0.740893,0.051202,0.640988,15.0000,0.847189,0.754718
5,347,12,0.099325,0.071015,0.752617,0.048804,0.615946,9.0000,0.828291,0.778590
5,348,14,0.078396,0.073480,0.755661,0.030579,0.475123,11.0000,0.837640,0.784787
5,349,14,0.067899,0.061672,0.759710,0.032241,0.544662,13.0000,0.806460,0.793031
5,350,3,0.295082,0.115139,0.429193,0.828185,0.756964,5.0000,1.015289,0.230164
5,351,4,0.312291,0.056169,0.538039,0.829710,1.071682,9.0000,0.835989,0.404968
5,352,7,0.159582,0.045205,0.638250,0.402083,1.060810,12.0000,0.740712,0.603224
5,353,11,0.092587,0.074823,0.718265,0.111055,0.712525,12.0000,0.794249,0.762295
5,354,11,0.092095,0.074789,0.718986,0.110612,0.712163,10.0000,0.910434,0.763727
5,355,10,0.062746,0.043785,0.745266,0.102290,0.763125,11.0000,0.944091,0.807938
5,356,12,0.060814,0.043447,0.749512,0.099846,0.865866,7.0000,0.821874,0.816379
5,357,12,0.060814,0.043447,0.749512,0.099846,0.865866,10.0000,0.790563,0.816379
5,358,12,0.058311,0.049285,0.763553,0.100913,0.709989,7.0000,0.838321,0.844293
5,359,14,0.061259,0.049503,0.771365,0.096894,0.699561,13.0000,0.921389,0.856619
5,360,1,0.806724,0.335171,0.034445,0.000000,1.000000,1.0000,1.082759,0.000000
5,361,6,0.130141,0.092742,0.625243,0.147733,0.353521,13.0000,0.841261,0.653760
5,362,8,0.124541,0.082119,0.645472,0.168883,0.644310,12.0000,0.724119,0.671491
5,363,11,0.122602,0.078298,0.682199,0.126847,0.766270,11.0000,0.820659,0.722278
5,364,12,0.108085,0.075355,0.698935,0.077618,0.641394,8.0000,0.895914,0.754787
5,365,12,0.108085,0.075355,0.698935,0.077618,0.641394,5.0000,0.887370,0.754787
5,366,13,0.059965,0.053955,0.717330,0.073344,0.649919,13.0000,0.841627,0.790519
5,367,13,0.055699,0.050907,0.733236,0.072709,0.620603,10.0000,0.798473,0.821415
5,368,15,0.052629,0.050775,0.749759,0.076329,0.597244,6.0000,0.853624,0.853509
5,369,17,0.047916,0.045418,0.766590,0.054003,0.596956,15.0000,0.826248,0.886203
5,370,1,0.747552,0.148499,0.206407,0.000000,1.000000,1.0000,1.016346,0.133925
5,371,4,0.194771,0.122604,0.470619,0.153485,0.819348,4.0000,0.852268,0.470549
5,372,6,0.228037,0.091106,0.567752,0.046159,1.036739,9.0000,0.758314,0.601132
5,373,10,0.086486,0.078761,0.644084,0.115365,0.659349,16.0000,0.818650,0.745040
5,374,10,0.081109,0.073448,0.651817,0.112766,0.648084,6.0000,0.870858,0.759941
5,375,11,0.079086,0.070539,0.661289,0.108154,0.656453,6.0000,0.870910,0.767621
5,376,12,0.076779,0.071396,0.663660,0.081216,0.622537,3.0000,0.813648,0.772190
5,377,13,0.064329,0.047855,0.690413,0.056664,0.613785,11.0000,0.831853,0.823739
5,378,13,0.055227,0.043075,0.710274,0.053809,0.577642,10.0000,0.840020,0.862009
5,379,14,0.055227,0.043875,0.711104,0.058277,0.611870,11.0000,0.829806,0.862526
5,380,2,0.389650,0.036272,0.406242,0.000000,0.049513,2.0000,0.995337,0.314747
5,381,3,0.332759,0.043876,0.478642,0.907802,0.807271,6.0000,0.879777,0.454123
5,382,8,0.142871,0.106616,0.536268,0.129637,0.526416,11.0000,0.778608,0.565058
5,383,8,0.104694,0.052843,0.617922,0.203305,0.785070,10.0000,0.782255,0.722248
5,384,9,0.097511,0.065529,0.631235,0.124345,0.705404,7.0000,0.883082,0.747878
5,385,10,0.096578,0.067823,0.633324,0.126348,0.771197,6.0000,0.847962,0.751898
5,386,8,0.101317,0.058117,0.645214,0.166678,0.787252,5.0000,0.823523,0.774789
5,387,8,0.101317,0.058117,0.645214,0.166678,0.787252,8.0000,0.805746,0.774789
5,388,9,0.082433,0.037129,0.673448,0.166851,0.866307,9.0000,0.863816,0.829141
5,389,8,0.081995,0.030222,0.674129,0.170295,0.792376,3.0000,0.942882,0.830453
5,390,1,0.736829,0.186965,0.136432,0.000000,1.000000,1.0000,1.056544,0.080324
5,391,4,0.242874,0.135929,0.365783,0.543787,0.963656,6.0000,0.873225,0.370820
5,392,13,0.142138,0.113343,0.505534,0.058000,0.681924,14.0000,0.721733,0.608248
5,393,8,0.086975,0.061611,0.595801,0.135839,0.657083,14.0000,0.775287,0.767493
5,394,8,0.086975,0.061611,0.595801,0.135839,0.657083,7.0000,0.839040,0.767493
5,395,8,0.074853,0.037874,0.642511,0.136409,0.764251,5.0000,0.878749,0.842322
5,396,8,0.074853,0.037874,0.642511,0.136409,0.764251,5.0000,0.818408,0.842322
5,397,10,0.069257,0.042128,0.652899,0.093169,0.702280,9.0000,0.804114,0.852016
5,398,13,0.058846,0.040114,0.658131,0.046867,0.645794,6.0000,0.864577,0.858299
5,399,14,0.056905,0.039596,0.661820,0.045525,0.704774,11.0000,0.839097,0.864236
5,400,2,0.386594,0.168746,0.281258,0.000000,0.358161,3.0000,1.014538,0.248991
5,401,3,0.217647,0.074354,0.484832,0.398938,0.462093,7.0000,0.898871,0.581344
5,402,3,0.217647,0.074354,0.484832,0.398938,0.462093,1.0000,0.765681,0.581344
5,403,4,0.190387,0.024541,0.545475,0.279591,0.588172,6.0000,0.813239,0.687323
5,404,6,0.117959,0.053132,0.559907,0.194464,0.644604,5.0000,0.902308,0.715642
5,405,8,0.056907,0.040036,0.607043,0.084940,0.573096,7.0000,0.890714,0.805883
5,406,11,0.054045,0.034283,0.623382,0.091073,0.776731,6.0000,0.828513,0.837944
5,407,11,0.051406,0.031901,0.628670,0.093322,0.777152,6.0000,0.801281,0.848319
5,408,11,0.051406,0.031901,0.628670,0.093322,0.777152,6.0000,0.846134,0.848319
5,409,11,0.047336,0.017017,0.641628,0.070462,0.762027,9.0000,0.850184,0.872580
5,410,0,,,,,,0.0000,1.060700,0.000000
5,411,0,,,,,,0.0000,1.077532,0.000000
5,412,0,,,,,,0.0000,0.994609,0.000000
5,413,0,,,,,,0.0000,0.899830,0.000000
5,414,0,,,,,,0.0000,1.002133,0.000000
5,415,0,,,,,,0.0000,1.081484,0.000000
5,416,0,,,,,,0.0000,1.013420,0.000000
5,417,0,,,,,,0.0000,0.921275,0.000000
5,418,0,,,,,,0.0000,0.940618,0.000000
5,419,0,,,,,,0.0000,1.004138,0.000000
5,420,0,,,,,,0.0000,1.015032,0.000000
5,421,0,,,,,,0.0000,0.953238,0.000000
5,422,0,,,,,,0.0000,0.949645,0.000000
5,423,0,,,,,,0.0000,0.994370,0.000000
5,424,0,,,,,,0.0000,0.997528,0.000000
5,425,0,,,,,,0.0000,0.947632,0.000000
5,426,0,,,,,,0.0000,0.948661,0.000000
5,427,0,,,,,,0.0000,0.979150,0.000000
5,428,0,,,,,,0.0000,1.006220,0.000000
5,429,0,,,,,,0.0000,0.932745,0.000000
5,430,0,,,,,,0.0000,0.924164,0.000000
5,431,0,,,,,,0.0000,0.967800,0.000000
5,432,0,,,,,,0.0000,0.992577,0.000000
5,433,0,,,,,,0.0000,0.948643,0.000000
5,434,0,,,,,,0.0000,0.934581,0.000000
5,435,0,,,,,,0.0000,0.981044,0.000000
5,436,0,,,,,,0.0000,0.992653,0.000000
5,437,0,,,,,,0.0000,0.979031,0.000000
5,438,0,,,,,,0.0000,0.925852,0.000000
5,439,0,,,,,,0.0000,0.958318,0.000000
5,440,0,,,,,,0.0000,0.990210,0.000000
5,441,0,,,,,,0.0000,0.980696,0.000000
5,442,0,,,,,,0.0000,0.951289,0.000000
5,443,0,,,,,,0.0000,0.944163,0.000000
5,444,0,,,,,,0.0000,0.947120,0.000000
5,445,0,,,,,,0.0000,0.959449,0.000000
5,446,0,,,,,,0.0000,0.978357,0.000000
5,447,0,,,,,,0.0000,0.966179,0.000000
5,448,0,,,,,,0.0000,0.945106,0.000000
5,449,0,,,,,,0.0000,0.964731,0.000000
5,450,0,,,,,,0.0000,0.967468,0.000000
5,451,0,,,,,,0.0000,0.980635,0.000000
5,452,0,,,,,,0.0000,0.936684,0.000000
5,453,0,,,,,,0.0000,0.976019,0.000000
5,454,0,,,,,,0.0000,0.987806,0.000000
5,455,0,,,,,,0.0000,0.957691,0.000000
5,456,0,,,,,,0.0000,0.951740,0.000000
5,457,0,,,,,,0.0000,0.960640,0.000000
5,458,0,,,,,,0.0000,0.978395,0.000000
5,459,0,,,,,,0.0000,0.959328,0.000000
5,460,0,,,,,,0.0000,0.982948,0.000000
5,461,0,,,,,,0.0000,0.987469,0.000000
5,462,0,,,,,,0.0000,0.954739,0.000000
5,463,0,,,,,,0.0000,0.948152,0.000000
5,464,0,,,,,,0.0000,0.963567,0.000000
5,465,0,,,,,,0.0000,0.957528,0.000000
5,466,0,,,,,,0.0000,0.964925,0.000000
5,467,0,,,,,,0.0000,0.944978,0.000000
5,468,0,,,,,,0.0000,0.960582,0.000000
5,469,0,,,,,,0.0000,0.958102,0.000000
5,470,0,,,,,,0.0000,0.967438,0.000000
5,471,0,,,,,,0.0000,0.978619,0.000000
5,472,0,,,,,,0.0000,0.978631,0.000000
5,473,0,,,,,,0.0000,0.952588,0.000000
5,474,0,,,,,,0.0000,0.941478,0.000000
5,475,0,,,,,,0.0000,0.948681,0.000000
5,476,0,,,,,,0.0000,0.977675,0.000000
5,477,0,,,,,,0.0000,0.946531,0.000000
5,478,0,,,,,,0.0000,0.975266,0.000000
5,479,0,,,,,,0.0000,0.961351,0.000000
5,480,0,,,,,,0.0000,0.958063,0.000000
5,481,0,,,,,,0.0000,1.003837,0.000000
5,482,0,,,,,,0.0000,0.942879,0.000000
5,483,0,,,,,,0.0000,0.936544,0.000000
5,484,0,,,,,,0.0000,0.968818,0.000000
5,485,0,,,,,,0.0000,0.998636,0.000000
5,486,0,,,,,,0.0000,0.978424,0.000000
5,487,0,,,,,,0.0000,0.966218,0.000000
5,488,0,,,,,,0.0000,0.986592,0.000000
5,489,0,,,,,,0.0000,0.955904,0.000000
5,490,0,,,,,,0.0000,0.940354,0.000000
5,491,0,,,,,,0.0000,0.965763,0.000000
5,492,0,,,,,,0.0000,0.975152,0.000000
5,493,0,,,,,,0.0000,0.961115,0.000000
5,494,0,,,,,,0.0000,0.955674,0.000000
5,495,0,,,,,,0.0000,0.949786,0.000000
5,496,0,,,,,,0.0000,0.966703,0.000000
5,497,0,,,,,,0.0000,0.953670,0.000000
5,498,0,,,,,,0.0000,0.954275,0.000000
5,499,0,,,,,,0.0000,0.972776,0.000000
5,500,0,,,,,,0.0000,0.994682,0.000000
5,501,0,,,,,,0.0000,0.949574,0.000000
5,502,0,,,,,,0.0000,0.948894,0.000000
5,503,0,,,,,,0.0000,0.942626,0.000000
5,504,0,,,,,,0.0000,0.974426,0.000000
5,505,0,,,,,,0.0000,0.971585,0.000000
5,506,0,,,,,,0.0000,0.948768,0.000000
5,507,0,,,,,,0.0000,0.929641,0.000000
5,508,0,,,,,,0.0000,0.949926,0.000000
5,509,0,,,,,,0.0000,0.982272,0.000000
5,510,0,,,,,,0.0000,0.954702,0.000000
5,511,0,,,,,,0.0000,0.940726,0.000000
5,512,0,,,,,,0.0000,0.966520,0.000000
5,513,0,,,,,,0.0000,0.974210,0.000000
5,514,0,,,,,,0.0000,0.960890,0.000000
5,515,0,,,,,,0.0000,0.943640,0.000000
5,516,0,,,,,,0.0000,0.951601,0.000000
5,517,0,,,,,,0.0000,0.954829,0.000000
5,518,0,,,,,,0.0000,0.988257,0.000000
5,519,0,,,,,,0.0000,0.962473,0.000000
5,520,0,,,,,,0.0000,0.944876,0.000000
5,521,0,,,,,,0.0000,0.936744,0.000000
5,522,0,,,,,,0.0000,0.958539,0.000000
5,523,0,,,,,,0.0000,0.965452,0.000000
5,524,0,,,,,,0.0000,0.971783,0.000000
5,525,0,,,,,,0.0000,0.971403,0.000000
5,526,0,,,,,,0.0000,0.950439,0.000000
5,527,0,,,,,,0.0000,0.941689,0.000000
5,528,0,,,,,,0.0000,0.954536,0.000000
5,529,0,,,,,,0.0000,0.951557,0.000000
5,530,0,,,,,,0.0000,0.975173,0.000000
5,531,0,,,,,,0.0000,0.971370,0.000000
5,532,0,,,,,,0.0000,0.954835,0.000000
5,533,0,,,,,,0.0000,0.915243,0.000000
5,534,0,,,,,,0.0000,0.937720,0.000000
5,535,0,,,,,,0.0000,0.963762,0.000000
5,536,0,,,,,,0.0000,0.953303,0.000000
5,537,0,,,,,,0.0000,0.938305,0.000000
5,538,0,,,,,,0.0000,0.969206,0.000000
5,539,0,,,,,,0.0000,1.009482,0.000000
5,540,0,,,,,,0.0000,0.992826,0.000000
5,541,0,,,,,,0.0000,0.922672,0.000000
5,542,0,,,,,,0.0000,0.943219,0.000000
5,543,0,,,,,,0.0000,0.989702,0.000000
5,544,0,,,,,,0.0000,0.994366,0.000000
5,545,0,,,,,,0.0000,0.967012,0.000000
5,546,0,,,,,,0.0000,0.966649,0.000000
5,547,0,,,,,,0.0000,0.969012,0.000000
5,548,0,,,,,,0.0000,0.967237,0.000000
5,549,0,,,,,,0.0000,0.950690,0.000000
5,550,0,,,,,,0.0000,0.918577,0.000000
5,551,0,,,,,,0.0000,0.963862,0.000000
5,552,0,,,,,,0.0000,1.008750,0.000000
5,553,0,,,,,,0.0000,0.965897,0.000000
5,554,0,,,,,,0.0000,0.934064,0.000000
5,555,0,,,,,,0.0000,0.961973,0.000000
5,556,0,,,,,,0.0000,0.983546,0.000000
5,557,0,,,,,,0.0000,0.976623,0.000000
5,558,0,,,,,,0.0000,0.939062,0.000000
5,559,0,,,,,,0.0000,0.935796,0.000000
5,560,0,,,,,,0.0000,0.960694,0.000000
5,561,0,,,,,,0.0000,0.984340,0.000000
5,562,0,,,,,,0.0000,0.955229,0.000000
5,563,0,,,,,,0.0000,0.943007,0.000000
5,564,0,,,,,,0.0000,0.975842,0.000000
5,565,0,,,,,,0.0000,0.981994,0.000000
5,566,0,,,,,,0.0000,0.968525,0.000000
5,567,0,,,,,,0.0000,0.957995,0.000000
5,568,0,,,,,,0.0000,0.974951,0.000000
5,569,0,,,,,,0.0000,0.940640,0.000000
5,570,0,,,,,,0.0000,0.939486,0.000000
5,571,0,,,,,,0.0000,0.965952,0.000000
5,572,0,,,,,,0.0000,0.981139,0.000000
5,573,0,,,,,,0.0000,0.985688,0.000000
5,574,0,,,,,,0.0000,0.982720,0.000000
5,575,0,,,,,,0.0000,0.985913,0.000000
5,576,0,,,,,,0.0000,0.975519,0.000000
5,577,0,,,,,,0.0000,0.981252,0.000000
5,578,0,,,,,,0.0000,0.985837,0.000000
5,579,0,,,,,,0.0000,0.955013,0.000000
5,580,0,,,,,,0.0000,0.970954,0.000000
5,581,0,,,,,,0.0000,0.962394,0.000000
5,582,0,,,,,,0.0000,0.972972,0.000000
5,583,0,,,,,,0.0000,0.937814,0.000000
5,584,0,,,,,,0.0000,0.960215,0.000000
5,585,0,,,,,,0.0000,1.004366,0.000000
5,586,0,,,,,,0.0000,0.990100,0.000000
5,587,0,,,,,,0.0000,0.956639,0.000000
5,588,0,,,,,,0.0000,0.961917,0.000000
5,589,0,,,,,,0.0000,0.977852,0.000000
5,590,0,,,,,,0.0000,0.956891,0.000000
5,591,0,,,,,,0.0000,0.949239,0.000000
5,592,0,,,,,,0.0000,0.975232,0.000000
5,593,0,,,,,,0.0000,0.950876,0.000000
5,594,0,,,,,,0.0000,0.966372,0.000000
5,595,0,,,,,,0.0000,0.988760,0.000000
5,596,0,,,,,,0.0000,0.950869,0.000000
5,597,0,,,,,,0.0000,0.929469,0.000000
5,598,0,,,,,,0.0000,0.971306,0.000000
5,599,0,,,,,,0.0000,1.010706,0.000000
5,600,0,,,,,,0.0000,0.995717,0.000000
5,601,0,,,,,,0.0000,0.912806,0.000000
5,602,0,,,,,,0.0000,0.938005,0.000000
5,603,0,,,,,,0.0000,0.966686,0.000000
5,604,0,,,,,,0.0000,0.981752,0.000000
5,605,0,,,,,,0.0000,0.960255,0.000000
5,606,0,,,,,,0.0000,0.928132,0.000000
5,607,0,,,,,,0.0000,0.946334,0.000000
5,608,0,,,,,,0.0000,0.975717,0.000000
5,609,0,,,,,,0.0000,0.944472,0.000000
5,610,0,,,,,,0.0000,0.960529,0.000000
5,611,0,,,,,,0.0000,0.955398,0.000000
5,612,0,,,,,,0.0000,0.969673,0.000000
5,613,0,,,,,,0.0000,0.969168,0.000000
5,614,0,,,,,,0.0000,0.949664,0.000000
5,615,0,,,,,,0.0000,0.955464,0.000000
5,616,0,,,,,,0.0000,0.945519,0.000000
5,617,0,,,,,,0.0000,0.966331,0.000000
5,618,0,,,,,,0.0000,0.957912,0.000000
5,619,0,,,,,,0.0000,0.963249,0.000000
5,620,0,,,,,,0.0000,1.009718,0.000000
5,621,0,,,,,,0.0000,0.965652,0.000000
5,622,0,,,,,,0.0000,0.944168,0.000000
5,623,0,,,,,,0.0000,0.935770,0.000000
5,624,0,,,,,,0.0000,0.951032,0.000000
5,625,0,,,,,,0.0000,0.979630,0.000000
5,626,0,,,,,,0.0000,0.946976,0.000000
5,627,0,,,,,,0.0000,0.944176,0.000000
5,628,0,,,,,,0.0000,0.967591,0.000000
5,629,0,,,,,,0.0000,0.997851,0.000000
5,630,0,,,,,,0.0000,0.982107,0.000000
5,631,0,,,,,,0.0000,0.947669,0.000000
5,632,0,,,,,,0.0000,0.946712,0.000000
5,633,0,,,,,,0.0000,0.966398,0.000000
5,634,0,,,,,,0.0000,0.961187,0.000000
5,635,0,,,,,,0.0000,0.964257,0.000000
5,636,0,,,,,,0.0000,0.944176,0.000000
5,637,0,,,,,,0.0000,0.965491,0.000000
5,638,0,,,,,,0.0000,0.978849,0.000000
5,639,0,,,,,,0.0000,0.954670,0.000000
5,640,0,,,,,,0.0000,0.946765,0.000000
5,641,0,,,,,,0.0000,0.943349,0.000000
5,642,1,0.857892,0.004435,0.288556,0.000000,1.000000,1.0000,0.958658,0.201995
5,643,6,0.111502,0.073822,0.681440,0.131460,0.349061,14.0000,0.674649,0.739809
5,644,9,0.081229,0.064553,0.709179,0.077961,0.439667,17.0000,0.708363,0.793690
5,645,11,0.080268,0.058184,0.712387,0.087460,0.555549,16.0000,0.852086,0.799920
5,646,13,0.077563,0.050308,0.733733,0.077308,0.653239,6.0000,0.947227,0.822380
5,647,15,0.076416,0.050592,0.740058,0.054114,0.685791,8.0000,0.852186,0.834666
5,648,16,0.073887,0.049892,0.740307,0.043743,0.677929,8.0000,0.757813,0.835149
5,649,16,0.068526,0.058093,0.744079,0.052341,0.623431,12.0000,0.850575,0.842476
5,650,1,0.795889,0.171893,0.149744,0.000000,1.000000,1.0000,1.125819,0.004710
5,651,3,0.314854,0.057270,0.539091,0.993089,0.979231,7.0000,0.891803,0.448415
5,652,8,0.128126,0.054605,0.729359,0.098788,0.568266,14.0000,0.707547,0.773362
5,653,8,0.128107,0.054611,0.730129,0.098229,0.570091,11.0000,0.859288,0.774640
5,654,11,0.071644,0.047359,0.739093,0.108821,0.630592,8.0000,0.936887,0.792462
5,655,10,0.066264,0.038533,0.746623,0.096455,0.622232,12.0000,0.859548,0.807431
5,656,12,0.057205,0.039332,0.758657,0.078124,0.681597,11.0000,0.787369,0.831354
5,657,14,0.067388,0.028555,0.771285,0.042530,0.842971,12.0000,0.814647,0.856460
5,658,14,0.067388,0.028555,0.771285,0.042530,0.842971,12.0000,0.829102,0.856460
5,659,16,0.045211,0.027853,0.773365,0.047469,0.767950,8.0000,0.853778,0.860594
5,660,2,0.322818,0.008414,0.590730,0.000000,0.098661,6.0000,1.020991,0.483016
5,661,2,0.322818,0.008414,0.590730,0.000000,0.098661,5.0000,0.865307,0.483016
5,662,7,0.122558,0.055300,0.738967,0.083141,0.547380,14.0000,0.795508,0.768546
5,663,9,0.118183,0.056401,0.742440,0.097876,0.575244,12.0000,0.829962,0.775618
5,664,11,0.121522,0.042873,0.758796,0.077302,0.777105,11.0000,0.924092,0.807128
5,665,12,0.121406,0.041840,0.766872,0.074632,0.808180,8.0000,0.884767,0.812451
5,666,15,0.071795,0.045656,0.783476,0.089457,0.808434,13.0000,0.772270,0.841419
5,667,16,0.069409,0.045632,0.783587,0.075503,0.750136,7.0000,0.844912,0.841644
5,668,15,0.062049,0.041025,0.793036,0.070773,0.683708,8.0000,0.889109,0.860882
5,669,16,0.061751,0.040334,0.793227,0.068794,0.714525,11.0000,0.856783,0.861272
5,670,1,0.836128,0.001888,0.315046,0.000000,1.000000,2.0000,0.988426,0.205031
5,671,6,0.122462,0.093756,0.690642,0.030472,0.285430,11.0000,0.804756,0.641387
5,672,11,0.088845,0.079539,0.759015,0.072594,0.571359,21.0000,0.720325,0.781483
5,673,11,0.088723,0.078587,0.769250,0.068208,0.551014,10.0000,0.744546,0.787462
5,674,12,0.076752,0.075751,0.773393,0.077467,0.496950,11.0000,0.902039,0.795951
5,675,13,0.074189,0.073070,0.773549,0.083202,0.583798,6.0000,0.988084,0.796271
5,676,13,0.050395,0.044541,0.811047,0.067372,0.654384,12.0000,0.828803,0.873105
5,677,14,0.050395,0.049119,0.812376,0.056597,0.649224,12.0000,0.762867,0.875828
5,678,14,0.056575,0.039626,0.826139,0.046243,0.664653,13.0000,0.810770,0.904027
5,679,15,0.056016,0.037266,0.834580,0.038812,0.676922,13.0000,0.859539,0.921324
5,680,3,0.342660,0.215014,0.435618,0.628535,0.769510,5.0000,1.033332,0.245255
5,681,4,0.221156,0.057264,0.624445,0.167200,0.686623,7.0000,0.877688,0.465513
5,682,6,0.196795,0.067840,0.670093,0.066384,0.863073,10.0000,0.799836,0.560005
5,683,9,0.157645,0.117257,0.685440,0.140709,0.778243,13.0000,0.805828,0.591773
5,684,9,0.197048,0.043899,0.729384,0.045777,1.054732,11.0000,0.878909,0.682738
5,685,10,0.131023,0.046638,0.772925,0.138769,0.892878,7.0000,0.938537,0.772869
5,686,11,0.130449,0.044853,0.773764,0.132214,0.931729,10.0000,0.827812,0.774606
5,687,12,0.130396,0.042987,0.774112,0.130870,0.966176,7.0000,0.821693,0.775327
5,688,14,0.122953,0.046495,0.775212,0.060911,0.843475,11.0000,0.837280,0.777603
5,689,14,0.122953,0.046495,0.775212,0.060911,0.843475,14.0000,0.846527,0.777603
5,690,2,0.331546,0.025791,0.568713,0.000000,0.072217,3.0000,1.044147,0.351618
5,691,3,0.244294,0.130754,0.600471,0.053160,0.086989,6.0000,0.919602,0.418507
5,692,7,0.178282,0.123812,0.706972,0.257284,0.838855,13.0000,0.810773,0.616875
5,693,7,0.178282,0.123812,0.706972,0.257284,0.838855,7.0000,0.876566,0.616875
5,694,7,0.140729,0.075892,0.739323,0.063492,0.585954,9.0000,0.926183,0.685013
5,695,10,0.102588,0.051922,0.793573,0.078459,0.648590,12.0000,0.877841,0.799277
5,696,10,0.102588,0.051922,0.793573,0.078459,0.648590,10.0000,0.824900,0.799277
5,697,10,0.102588,0.051922,0.793573,0.078459,0.648590,9.0000,0.811555,0.799277
5,698,11,0.102005,0.051281,0.793938,0.066332,0.690011,8.0000,0.904980,0.800046
5,699,12,0.056903,0.035559,0.802800,0.087654,0.643293,14.0000,0.889116,0.818712
5,700,2,0.354199,0.079879,0.471979,0.000000,0.093172,3.0000,1.028895,0.147041
5,701,2,0.352739,0.078782,0.479465,0.000000,0.089203,1.0000,0.875929,0.162695
5,702,6,0.167733,0.114784,0.600305,0.216747,0.688314,11.0000,0.787009,0.398978
5,703,5,0.185755,0.036257,0.715917,0.162392,0.705363,15.0000,0.829616,0.632126
5,704,8,0.146413,0.095850,0.727195,0.094885,0.678485,11.0000,0.930408,0.655745
5,705,9,0.145716,0.090450,0.732724,0.099512,0.831184,9.0000,0.927264,0.667326
5,706,10,0.121784,0.074199,0.750622,0.111859,0.724418,9.0000,0.823763,0.704809
5,707,12,0.065905,0.059846,0.789588,0.028847,0.705728,10.0000,0.806451,0.786418
5,708,12,0.065905,0.062827,0.791440,0.028334,0.651976,18.0000,0.855425,0.790297
5,709,12,0.059146,0.042838,0.804223,0.080409,0.762901,10.0000,0.878433,0.817069
5,710,3,0.275982,0.077167,0.579685,0.722059,0.667378,6.0000,1.056402,0.387576
5,711,5,0.203319,0.037731,0.680711,0.113728,0.778519,4.0000,0.839021,0.561561
5,712,9,0.091276,0.062357,0.764362,0.136778,0.566683,18.0000,0.737466,0.737752
5,713,9,0.059307,0.036081,0.802424,0.055121,0.581557,10.0000,0.878716,0.817918
5,714,10,0.057160,0.051082,0.815783,0.038565,0.459597,12.0000,0.917763,0.846057
5,715,11,0.052222,0.048728,0.819199,0.036229,0.416235,7.0000,0.889854,0.853253
5,716,11,0.051483,0.048183,0.821614,0.032453,0.415686,6.0000,0.813202,0.858339
5,717,12,0.051483,0.054254,0.821850,0.037390,0.464313,8.0000,0.829764,0.858835
5,718,14,0.050753,0.060488,0.823503,0.056023,0.562903,16.0000,0.845533,0.862317
5,719,14,0.050753,0.060488,0.823503,0.056023,0.562903,12.0000,0.857144,0.862317
5,720,2,0.360958,0.029289,0.534368,0.000000,0.040284,2.0000,1.042209,0.281119
5,721,6,0.172594,0.049812,0.744320,0.129688,0.702342,7.0000,0.914515,0.713656
5,722,8,0.148298,0.047177,0.759589,0.096236,0.760596,12.0000,0.708906,0.745264
5,723,9,0.100258,0.066918,0.765466,0.150586,0.637884,7.0000,0.757086,0.757429
5,724,9,0.073321,0.044178,0.806506,0.140297,0.592680,8.0000,0.916265,0.842382
5,725,10,0.070121,0.042252,0.809124,0.132501,0.669254,7.0000,0.891723,0.847801
5,726,11,0.069608,0.040283,0.810514,0.112531,0.658625,13.0000,0.822823,0.850679
5,727,10,0.071578,0.041445,0.811976,0.121320,0.610473,10.0000,0.778088,0.853706
5,728,9,0.071324,0.021250,0.825048,0.150861,0.665929,7.0000,0.852403,0.880766
5,729,10,0.051232,0.029346,0.829600,0.113542,0.555017,12.0000,0.862275,0.890188
5,730,1,0.839741,0.008972,0.321428,0.000000,1.000000,1.0000,1.078443,0.189651
5,731,2,0.299492,0.058858,0.558540,0.000000,0.125699,4.0000,0.767109,0.412150
5,732,7,0.201168,0.038890,0.681031,0.080848,0.941894,12.0000,0.690553,0.609536
5,733,8,0.146019,0.053616,0.777929,0.064852,0.768507,17.0000,0.781452,0.808078
5,734,11,0.068101,0.073170,0.789218,0.088773,0.540622,6.0000,0.878851,0.831209
5,735,11,0.062133,0.061974,0.790960,0.084923,0.451423,8.0000,0.878069,0.834780
5,736,11,0.048321,0.024276,0.822178,0.115218,0.671544,9.0000,0.856522,0.895912
5,737,12,0.048306,0.032381,0.822194,0.106502,0.680311,6.0000,0.834929,0.895944
5,738,12,0.048306,0.032381,0.822194,0.106502,0.680311,10.0000,0.840709,0.895944
5,739,12,0.048306,0.032381,0.822194,0.106502,0.680311,14.0000,0.881720,0.895944
5,740,3,0.289364,0.105078,0.447018,0.556145,0.791396,3.0000,1.052065,0.328467
5,741,6,0.132135,0.065400,0.693753,0.270375,0.595775,13.0000,0.826444,0.658740
5,742,7,0.129208,0.077698,0.702162,0.162429,0.523048,11.0000,0.724351,0.675862
5,743,8,0.123775,0.068823,0.719801,0.164166,0.619405,16.0000,0.792876,0.711774
5,744,11,0.103650,0.080298,0.736148,0.092127,0.533544,7.0000,0.879128,0.745057
5,745,13,0.096319,0.090033,0.742729,0.072432,0.560043,14.0000,0.869268,0.758456
5,746,14,0.080614,0.088061,0.753740,0.055461,0.498617,17.0000,0.818611,0.780876
5,747,12,0.062665,0.053437,0.784158,0.071120,0.577525,18.0000,0.793516,0.842807
5,748,13,0.061767,0.047027,0.787571,0.072487,0.681520,10.0000,0.833681,0.849756
5,749,13,0.061747,0.046887,0.788114,0.073145,0.683944,8.0000,0.854920,0.850861
5,750,2,0.787540,0.022016,0.318571,0.000000,0.939160,3.0000,1.081766,0.227023
5,751,4,0.251009,0.127800,0.561781,0.471296,0.581908,8.0000,0.927217,0.458018
5,752,5,0.145100,0.052375,0.637219,0.189630,0.496312,7.0000,0.729377,0.607991
5,753,8,0.133018,0.065549,0.665898,0.054300,0.840406,6.0000,0.763477,0.658288
5,754,10,0.090598,0.067184,0.693434,0.102901,0.716932,9.0000,0.837166,0.701691
5,755,11,0.077281,0.053996,0.736939,0.096620,0.610370,7.0000,0.929787,0.788178
5,756,11,0.077281,0.053996,0.736939,0.096620,0.610370,11.0000,0.876225,0.788178
5,757,11,0.067250,0.041092,0.758724,0.099314,0.588456,11.0000,0.807356,0.831488
5,758,13,0.065721,0.042831,0.761792,0.091645,0.665835,13.0000,0.801975,0.837588
5,759,14,0.065680,0.041333,0.761853,0.095585,0.717040,9.0000,0.849512,0.837709
5,760,1,0.856120,0.000903,0.277365,0.000000,1.000000,2.0000,1.094793,0.209502
5,761,3,0.314641,0.010714,0.600902,0.856390,0.768974,5.0000,0.964072,0.576685
5,762,5,0.173474,0.106194,0.648567,0.245858,0.419967,9.0000,0.701001,0.669269
5,763,5,0.119445,0.072946,0.669398,0.209570,0.356570,7.0000,0.839213,0.709733
5,764,5,0.119445,0.072946,0.669398,0.209570,0.356570,6.0000,0.981029,0.709733
5,765,7,0.102631,0.073661,0.682526,0.089419,0.310538,8.0000,0.886191,0.735232
5,766,9,0.080669,0.067248,0.723341,0.064280,0.329372,9.0000,0.761335,0.802194
5,767,10,0.078378,0.072305,0.725357,0.081225,0.438630,7.0000,0.787734,0.806109
5,768,12,0.075549,0.068517,0.733034,0.075728,0.565468,11.0000,0.890816,0.821023
5,769,12,0.077582,0.069379,0.741951,0.070612,0.565659,7.0000,0.889970,0.838343
5,770,0,,,,,,0.0000,1.035270,0.000000
5,771,0,,,,,,0.0000,1.052458,0.000000
5,772,0,,,,,,0.0000,0.992796,0.000000
5,773,0,,,,,,0.0000,0.948062,0.000000
5,774,0,,,,,,0.0000,0.957932,0.000000
5,775,0,,,,,,0.0000,1.015089,0.000000
5,776,0,,,,,,0.0000,1.004203,0.000000
5,777,0,,,,,,0.0000,0.941826,0.000000
5,778,0,,,,,,0.0000,0.926564,0.000000
5,779,0,,,,,,0.0000,0.976616,0.000000
5,780,0,,,,,,0.0000,0.996180,0.000000
5,781,0,,,,,,0.0000,0.946944,0.000000
5,782,0,,,,,,0.0000,0.945261,0.000000
5,783,0,,,,,,0.0000,0.989137,0.000000
5,784,0,,,,,,0.0000,1.010433,0.000000
5,785,0,,,,,,0.0000,0.975713,0.000000
5,786,0,,,,,,0.0000,0.917593,0.000000
5,787,0,,,,,,0.0000,0.970930,0.000000
5,788,0,,,,,,0.0000,1.007233,0.000000
5,789,0,,,,,,0.0000,0.940862,0.000000
5,790,0,,,,,,0.0000,0.925557,0.000000
5,791,0,,,,,,0.0000,0.958623,0.000000
5,792,0,,,,,,0.0000,0.977548,0.000000
5,793,0,,,,,,0.0000,0.979824,0.000000
5,794,0,,,,,,0.0000,0.954250,0.000000
5,795,0,,,,,,0.0000,0.939807,0.000000
5,796,0,,,,,,0.0000,0.964813,0.000000
5,797,0,,,,,,0.0000,0.969705,0.000000
5,798,0,,,,,,0.0000,0.952685,0.000000
5,799,0,,,,,,0.0000,0.938490,0.000000
5,800,0,,,,,,0.0000,0.953735,0.000000
5,801,0,,,,,,0.0000,0.950193,0.000000
5,802,0,,,,,,0.0000,0.962270,0.000000
5,803,0,,,,,,0.0000,0.941965,0.000000
5,804,0,,,,,,0.0000,0.956094,0.000000
5,805,0,,,,,,0.0000,0.995339,0.000000
5,806,0,,,,,,0.0000,0.967726,0.000000
5,807,0,,,,,,0.0000,0.963607,0.000000
5,808,0,,,,,,0.0000,0.947626,0.000000
5,809,0,,,,,,0.0000,0.941667,0.000000
5,810,0,,,,,,0.0000,0.974408,0.000000
5,811,0,,,,,,0.0000,0.982761,0.000000
5,812,0,,,,,,0.0000,0.960055,0.000000
5,813,0,,,,,,0.0000,0.959665,0.000000
5,814,0,,,,,,0.0000,0.943255,0.000000
5,815,0,,,,,,0.0000,0.948328,0.000000
5,816,0,,,,,,0.0000,0.942994,0.000000
5,817,0,,,,,,0.0000,0.974839,0.000000
5,818,0,,,,,,0.0000,0.973627,0.000000
5,819,0,,,,,,0.0000,0.969606,0.000000
5,820,0,,,,,,0.0000,0.934096,0.000000
5,821,0,,,,,,0.0000,0.953873,0.000000
5,822,0,,,,,,0.0000,0.974208,0.000000
5,823,0,,,,,,0.0000,0.977773,0.000000
5,824,0,,,,,,0.0000,0.968798,0.000000
5,825,0,,,,,,0.0000,0.944763,0.000000
5,826,0,,,,,,0.0000,0.945090,0.000000
5,827,0,,,,,,0.0000,0.994526,0.000000
5,828,0,,,,,,0.0000,0.990006,0.000000
5,829,0,,,,,,0.0000,0.983842,0.000000
5,830,0,,,,,,0.0000,0.941211,0.000000
5,831,0,,,,,,0.0000,0.935473,0.000000
5,832,0,,,,,,0.0000,0.976575,0.000000
5,833,0,,,,,,0.0000,0.992843,0.000000
5,834,0,,,,,,0.0000,0.955426,0.000000
5,835,0,,,,,,0.0000,0.944419,0.000000
5,836,0,,,,,,0.0000,0.973741,0.000000
5,837,0,,,,,,0.0000,0.978091,0.000000
5,838,0,,,,,,0.0000,0.950586,0.000000
5,839,0,,,,,,0.0000,0.957075,0.000000
5,840,0,,,,,,0.0000,0.954764,0.000000
5,841,0,,,,,,0.0000,0.959500,0.000000
5,842,0,,,,,,0.0000,0.983740,0.000000
5,843,0,,,,,,0.0000,0.964893,0.000000
5,844,0,,,,,,0.0000,0.956983,0.000000
5,845,0,,,,,,0.0000,0.967937,0.000000
5,846,0,,,,,,0.0000,0.977206,0.000000
5,847,0,,,,,,0.0000,0.962745,0.000000
5,848,0,,,,,,0.0000,0.927261,0.000000
5,849,0,,,,,,0.0000,0.940102,0.000000
5,850,0,,,,,,0.0000,0.995525,0.000000
5,851,0,,,,,,0.0000,0.981197,0.000000
5,852,0,,,,,,0.0000,0.953145,0.000000
5,853,0,,,,,,0.0000,0.969586,0.000000
5,854,0,,,,,,0.0000,0.995188,0.000000
5,855,0,,,,,,0.0000,0.975210,0.000000
5,856,0,,,,,,0.0000,0.917962,0.000000
5,857,0,,,,,,0.0000,0.955079,0.000000
5,858,0,,,,,,0.0000,0.994806,0.000000
5,859,0,,,,,,0.0000,0.979870,0.000000
5,860,0,,,,,,0.0000,0.940227,0.000000
5,861,0,,,,,,0.0000,0.955205,0.000000
5,862,0,,,,,,0.0000,0.989131,0.000000
5,863,0,,,,,,0.0000,0.971813,0.000000
5,864,0,,,,,,0.0000,0.964769,0.000000
5,865,0,,,,,,0.0000,0.961697,0.000000
5,866,0,,,,,,0.0000,0.969465,0.000000
5,867,0,,,,,,0.0000,0.971711,0.000000
5,868,0,,,,,,0.0000,0.956147,0.000000
5,869,0,,,,,,0.0000,0.947649,0.000000
5,870,0,,,,,,0.0000,0.955928,0.000000
5,871,0,,,,,,0.0000,0.966983,0.000000
5,872,0,,,,,,0.0000,0.955804,0.000000
5,873,0,,,,,,0.0000,0.930700,0.000000
5,874,0,,,,,,0.0000,0.983226,0.000000
5,875,0,,,,,,0.0000,0.956582,0.000000
5,876,0,,,,,,0.0000,0.977666,0.000000
5,877,0,,,,,,0.0000,0.955261,0.000000
5,878,0,,,,,,0.0000,0.985821,0.000000
5,879,0,,,,,,0.0000,0.992321,0.000000
5,880,0,,,,,,0.0000,0.974067,0.000000
5,881,0,,,,,,0.0000,0.932384,0.000000
5,882,0,,,,,,0.0000,0.931740,0.000000
5,883,0,,,,,,0.0000,0.979297,0.000000
5,884,0,,,,,,0.0000,1.011731,0.000000
5,885,0,,,,,,0.0000,0.989749,0.000000
5,886,0,,,,,,0.0000,0.957133,0.000000
5,887,0,,,,,,0.0000,0.933581,0.000000
5,888,0,,,,,,0.0000,0.977467,0.000000
5,889,0,,,,,,0.0000,0.988357,0.000000
5,890,0,,,,,,0.0000,0.962400,0.000000
5,891,0,,,,,,0.0000,0.955130,0.000000
5,892,0,,,,,,0.0000,0.952969,0.000000
5,893,0,,,,,,0.0000,0.955130,0.000000
5,894,0,,,,,,0.0000,0.953809,0.000000
5,895,0,,,,,,0.0000,0.967638,0.000000
5,896,0,,,,,,0.0000,0.962354,0.000000
5,897,0,,,,,,0.0000,0.974429,0.000000
5,898,0,,,,,,0.0000,0.951870,0.000000
5,899,0,,,,,,0.0000,0.945559,0.000000
5,900,0,,,,,,0.0000,0.989743,0.000000
5,901,0,,,,,,0.0000,0.949874,0.000000
5,902,0,,,,,,0.0000,0.944755,0.000000
5,903,0,,,,,,0.0000,0.954608,0.000000
5,904,0,,,,,,0.0000,0.971738,0.000000
5,905,0,,,,,,0.0000,0.958585,0.000000
5,906,0,,,,,,0.0000,0.951489,0.000000
5,907,0,,,,,,0.0000,0.943414,0.000000
5,908,0,,,,,,0.0000,0.951456,0.000000
5,909,0,,,,,,0.0000,0.968589,0.000000
5,910,0,,,,,,0.0000,0.985189,0.000000
5,911,0,,,,,,0.0000,0.969757,0.000000
5,912,0,,,,,,0.0000,0.954533,0.000000
5,913,0,,,,,,0.0000,0.955666,0.000000
5,914,0,,,,,,0.0000,0.960131,0.000000
5,915,0,,,,,,0.0000,0.942284,0.000000
5,916,0,,,,,,0.0000,0.959827,0.000000
5,917,0,,,,,,0.0000,1.001026,0.000000
5,918,0,,,,,,0.0000,0.982568,0.000000
5,919,0,,,,,,0.0000,0.942885,0.000000
5,920,0,,,,,,0.0000,0.972667,0.000000
5,921,0,,,,,,0.0000,0.979151,0.000000
5,922,0,,,,,,0.0000,0.969223,0.000000
5,923,0,,,,,,0.0000,0.962049,0.000000
5,924,0,,,,,,0.0000,0.958742,0.000000
5,925,0,,,,,,0.0000,0.955514,0.000000
5,926,0,,,,,,0.0000,0.974759,0.000000
5,927,0,,,,,,0.0000,0.954677,0.000000
5,928,0,,,,,,0.0000,0.971627,0.000000
5,929,0,,,,,,0.0000,0.974353,0.000000
5,930,0,,,,,,0.0000,1.003067,0.000000
5,931,0,,,,,,0.0000,0.995573,0.000000
5,932,0,,,,,,0.0000,0.962189,0.000000
5,933,0,,,,,,0.0000,0.955318,0.000000
5,934,0,,,,,,0.0000,0.969978,0.000000
5,935,0,,,,,,0.0000,0.972563,0.000000
5,936,0,,,,,,0.0000,0.969596,0.000000
5,937,0,,,,,,0.0000,0.969659,0.000000
5,938,0,,,,,,0.0000,0.976633,0.000000
5,939,0,,,,,,0.0000,0.965598,0.000000
5,940,0,,,,,,0.0000,0.980286,0.000000
5,941,0,,,,,,0.0000,0.962426,0.000000
5,942,0,,,,,,0.0000,0.962009,0.000000
5,943,0,,,,,,0.0000,0.969737,0.000000
5,944,0,,,,,,0.0000,0.987349,0.000000
5,945,0,,,,,,0.0000,0.973548,0.000000
5,946,0,,,,,,0.0000,0.959506,0.000000
5,947,0,,,,,,0.0000,0.986516,0.000000
5,948,0,,,,,,0.0000,0.970882,0.000000
5,949,0,,,,,,0.0000,0.972844,0.000000
5,950,0,,,,,,0.0000,0.936200,0.000000
5,951,0,,,,,,0.0000,0.929109,0.000000
5,952,0,,,,,,0.0000,0.972293,0.000000
5,953,0,,,,,,0.0000,0.996270,0.000000
5,954,0,,,,,,0.0000,0.952947,0.000000
5,955,0,,,,,,0.0000,0.932499,0.000000
5,956,0,,,,,,0.0000,0.961067,0.000000
5,957,0,,,,,,0.0000,0.988909,0.000000
5,958,0,,,,,,0.0000,0.966367,0.000000
5,959,0,,,,,,0.0000,0.956358,0.000000
5,960,0,,,,,,0.0000,0.923584,0.000000
5,961,0,,,,,,0.0000,0.950281,0.000000
5,962,0,,,,,,0.0000,0.985379,0.000000
5,963,0,,,,,,0.0000,0.960785,0.000000
5,964,0,,,,,,0.0000,0.964742,0.000000
5,965,0,,,,,,0.0000,0.966628,0.000000
5,966,0,,,,,,0.0000,0.951039,0.000000
5,967,0,,,,,,0.0000,0.968848,0.000000
5,968,0,,,,,,0.0000,0.993622,0.000000
5,969,0,,,,,,0.0000,0.976044,0.000000
5,970,0,,,,,,0.0000,0.975299,0.000000
5,971,0,,,,,,0.0000,0.935691,0.000000
5,972,0,,,,,,0.0000,0.941599,0.000000
5,973,0,,,,,,0.0000,0.960601,0.000000
5,974,0,,,,,,0.0000,0.985776,0.000000
5,975,0,,,,,,0.0000,0.965753,0.000000
5,976,0,,,,,,0.0000,0.973219,0.000000
5,977,0,,,,,,0.0000,0.993347,0.000000
5,978,0,,,,,,0.0000,0.970705,0.000000
5,979,0,,,,,,0.0000,0.951897,0.000000
5,980,0,,,,,,0.0000,0.940690,0.000000
5,981,0,,,,,,0.0000,0.952722,0.000000
5,982,0,,,,,,0.0000,0.973992,0.000000
5,983,0,,,,,,0.0000,0.975749,0.000000
5,984,0,,,,,,0.0000,0.915017,0.000000
5,985,0,,,,,,0.0000,0.936317,0.000000
5,986,0,,,,,,0.0000,0.997701,0.000000
5,987,0,,,,,,0.0000,1.006477,0.000000
5,988,0,,,,,,0.0000,0.966224,0.000000
5,989,0,,,,,,0.0000,0.915116,0.000000
5,990,0,,,,,,0.0000,0.941901,0.000000
5,991,0,,,,,,0.0000,0.984944,0.000000
5,992,0,,,,,,0.0000,0.952937,0.000000
5,993,0,,,,,,0.0000,0.961445,0.000000
5,994,0,,,,,,0.0000,0.961363,0.000000
5,995,0,,,,,,0.0000,0.973326,0.000000
5,996,0,,,,,,0.0000,0.960215,0.000000
5,997,0,,,,,,0.0000,0.969510,0.000000
5,998,0,,,,,,0.0000,0.941018,0.000000
5,999,0,,,,,,0.0000,0.976403,0.000000
5,1000,0,,,,,,0.0000,0.992402,0.000000
6,1,7,0.234392,0.120930,0.547387,0.046054,0.727323,16.0000,0.828179,0.596499
6,2,6,0.173524,0.067667,0.620098,0.181436,0.818834,8.0000,0.797049,0.679853
6,3,8,0.124396,0.067941,0.666385,0.075824,0.604445,7.0000,0.858274,0.770678
6,4,8,0.124396,0.067941,0.666385,0.075824,0.604445,3.0000,0.942249,0.770678
6,5,9,0.124334,0.066489,0.666483,0.082681,0.677553,8.0000,0.878957,0.770871
6,6,8,0.115409,0.041311,0.692927,0.147216,0.770598,8.0000,0.840006,0.810421
6,7,9,0.094262,0.039901,0.728965,0.076028,0.681641,8.0000,0.880995,0.840409
6,8,12,0.086258,0.041634,0.730231,0.085979,0.740044,6.0000,0.881089,0.842893
6,9,14,0.065859,0.053619,0.733470,0.080711,0.697199,8.0000,0.898320,0.849248
6,10,2,0.525750,0.133560,0.275324,0.000000,0.886313,2.0000,1.099626,0.289411
6,11,6,0.142289,0.069016,0.618596,0.105216,0.444359,10.0000,0.870184,0.660888
6,12,9,0.140261,0.057076,0.661571,0.066955,0.740253,10.0000,0.782341,0.748280
6,13,10,0.140261,0.063302,0.663916,0.067687,0.762211,8.0000,0.849805,0.753049
6,14,13,0.139184,0.067169,0.664719,0.065005,0.834642,10.0000,0.949645,0.754681
6,15,13,0.150155,0.061238,0.678131,0.030052,0.893973,8.0000,0.910897,0.781956
6,16,17,0.064229,0.058915,0.703102,0.061924,0.657492,7.0000,0.886484,0.829328
6,17,17,0.063534,0.059466,0.705436,0.062631,0.640899,6.0000,0.894711,0.833381
6,18,17,0.056331,0.055053,0.717100,0.057268,0.671985,11.0000,0.906086,0.856715
6,19,18,0.045287,0.044913,0.729480,0.047960,0.594527,10.0000,0.921641,0.881890
6,20,2,0.512837,0.118517,0.325038,0.000000,0.786994,2.0000,1.111746,0.367934
6,21,4,0.221439,0.098090,0.564453,0.525174,0.806353,8.0000,1.009691,0.652954
6,22,7,0.094201,0.070300,0.631599,0.177606,0.629086,11.0000,0.815415,0.783342
6,23,8,0.066181,0.024156,0.666718,0.160372,0.661959,9.0000,0.800061,0.824201
6,24,9,0.060581,0.023709,0.681166,0.150864,0.658858,5.0000,0.953167,0.853223
6,25,9,0.060414,0.022385,0.684916,0.150142,0.642773,4.0000,0.946803,0.857024
6,26,10,0.053575,0.018754,0.700227,0.021644,0.691645,9.0000,0.895224,0.874347
6,27,10,0.053575,0.018754,0.700227,0.021644,0.691645,2.0000,0.890135,0.874347
6,28,11,0.053545,0.020224,0.700396,0.031482,0.748846,8.0000,0.876699,0.874685
6,29,11,0.053545,0.020224,0.700396,0.031482,0.748846,4.0000,0.956022,0.874685
6,30,1,0.748758,0.028346,0.272124,0.000000,1.000000,1.0000,1.120701,0.296060
6,31,4,0.228039,0.164679,0.509951,0.297787,0.414193,3.0000,0.936377,0.538632
6,32,5,0.200158,0.058854,0.576542,0.174819,0.728045,8.0000,0.771897,0.670025
6,33,7,0.128003,0.028051,0.622606,0.191571,0.784968,4.0000,0.874079,0.764093
6,34,8,0.104944,0.031880,0.629866,0.161681,0.840295,6.0000,1.008118,0.778920
6,35,8,0.104944,0.031880,0.629866,0.161681,0.840295,3.0000,0.942876,0.778920
6,36,10,0.101510,0.030293,0.640518,0.145792,0.857219,3.0000,0.842934,0.800672
6,37,11,0.067361,0.028990,0.643268,0.149337,0.716850,5.0000,0.885523,0.806289
6,38,13,0.064753,0.043978,0.653406,0.087874,0.602027,10.0000,0.915940,0.819084
6,39,13,0.059538,0.027878,0.673164,0.084142,0.603738,6.0000,0.936761,0.859433
6,40,1,0.783877,0.058827,0.204789,0.000000,1.000000,1.0000,1.086757,0.188792
6,41,3,0.277822,0.102976,0.421923,0.555776,0.707701,4.0000,0.930477,0.486422
6,42,8,0.085297,0.049078,0.582504,0.120367,0.589018,12.0000,0.853990,0.731831
6,43,9,0.085865,0.044683,0.591703,0.102460,0.794373,4.0000,0.849663,0.750987
6,44,9,0.085865,0.044683,0.591703,0.102460,0.794373,8.0000,0.945081,0.750987
6,45,12,0.072364,0.043704,0.601941,0.118559,0.828645,4.0000,0.978395,0.768014
6,46,13,0.072364,0.053646,0.605233,0.090165,0.742439,3.0000,0.910496,0.774870
6,47,14,0.071850,0.052020,0.607355,0.085110,0.808635,6.0000,0.877664,0.779289
6,48,16,0.063291,0.053104,0.615414,0.051693,0.703714,3.0000,0.922950,0.796071
6,49,16,0.063291,0.053104,0.615414,0.051693,0.703714,5.0000,0.965137,0.796071
6,50,1,0.531571,0.168182,0.166204,0.000000,1.000000,1.0000,1.129143,0.180958
6,51,5,0.136094,0.064394,0.510546,0.130132,0.545941,8.0000,0.987254,0.653791
6,52,9,0.093123,0.078070,0.561831,0.106432,0.614956,12.0000,0.782298,0.757865
6,53,9,0.094482,0.063902,0.583296,0.026189,0.673732,5.0000,0.838612,0.803049
6,54,10,0.094397,0.061108,0.583498,0.048497,0.743461,5.0000,0.952115,0.803474
6,55,10,0.092269,0.056294,0.598451,0.047888,0.785661,3.0000,0.990240,0.826243
6,56,12,0.090631,0.051523,0.603865,0.035477,0.786405,3.0000,0.952200,0.837639
6,57,13,0.090508,0.050304,0.605251,0.036297,0.731041,6.0000,0.850374,0.840556
6,58,14,0.090508,0.064262,0.605689,0.038539,0.750580,5.0000,0.914136,0.840712
6,59,13,0.082555,0.040564,0.613352,0.035968,0.736650,3.0000,0.952845,0.848487
6,60,0,,,,,,0.0000,1.083863,0.000000
6,61,0,,,,,,0.0000,1.164632,0.000000
6,62,0,,,,,,0.0000,1.078770,0.000000
6,63,0,,,,,,0.0000,1.003000,0.000000
6,64,0,,,,,,0.0000,1.046642,0.000000
6,65,0,,,,,,0.0000,1.108526,0.000000
6,66,0,,,,,,0.0000,1.108605,0.000000
6,67,0,,,,,,0.0000,1.053158,0.000000
6,68,0,,,,,,0.0000,1.019019,0.000000
6,69,0,,,,,,0.0000,1.058153,0.000000
6,70,0,,,,,,0.0000,1.064251,0.000000
6,71,0,,,,,,0.0000,1.089521,0.000000
6,72,0,,,,,,0.0000,1.048959,0.000000
6,73,0,,,,,,0.0000,1.033586,0.000000
6,74,0,,,,,,0.0000,1.055121,0.000000
6,75,0,,,,,,0.0000,1.085855,0.000000
6,76,0,,,,,,0.0000,1.078548,0.000000
6,77,0,,,,,,0.0000,1.058385,0.000000
6,78,0,,,,,,0.0000,1.057791,0.000000
6,79,0,,,,,,0.0000,1.050607,0.000000
6,80,0,,,,,,0.0000,1.044032,0.000000
6,81,0,,,,,,0.0000,1.049467,0.000000
6,82,0,,,,,,0.0000,1.051354,0.000000
6,83,0,,,,,,0.0000,1.039449,0.000000
6,84,0,,,,,,0.0000,1.042405,0.000000
6,85,0,,,,,,0.0000,1.058829,0.000000
6,86,0,,,,,,0.0000,1.051122,0.000000
6,87,0,,,,,,0.0000,1.052439,0.000000
6,88,0,,,,,,0.0000,1.065217,0.000000
6,89,0,,,,,,0.0000,1.068770,0.000000
6,90,0,,,,,,0.0000,1.058251,0.000000
6,91,0,,,,,,0.0000,1.044148,0.000000
6,92,0,,,,,,0.0000,1.041722,0.000000
6,93,0,,,,,,0.0000,1.043873,0.000000
6,94,0,,,,,,0.0000,1.052493,0.000000
6,95,0,,,,,,0.0000,1.065006,0.000000
6,96,0,,,,,,0.0000,1.077562,0.000000
6,97,0,,,,,,0.0000,1.058730,0.000000
6,98,0,,,,,,0.0000,1.033489,0.000000
6,99,0,,,,,,0.0000,1.057804,0.000000
6,100,0,,,,,,0.0000,1.070286,0.000000
6,101,0,,,,,,0.0000,1.072559,0.000000
6,102,0,,,,,,0.0000,1.050538,0.000000
6,103,0,,,,,,0.0000,1.015562,0.000000
6,104,0,,,,,,0.0000,1.041393,0.000000
6,105,0,,,,,,0.0000,1.065833,0.000000
6,106,0,,,,,,0.0000,1.082005,0.000000
6,107,0,,,,,,0.0000,1.027881,0.000000
6,108,0,,,,,,0.0000,1.030342,0.000000
6,109,0,,,,,,0.0000,1.081697,0.000000
6,110,0,,,,,,0.0000,1.074131,0.000000
6,111,0,,,,,,0.0000,1.042386,0.000000
6,112,0,,,,,,0.0000,1.029360,0.000000
6,113,0,,,,,,0.0000,1.069142,0.000000
6,114,0,,,,,,0.0000,1.062510,0.000000
6,115,0,,,,,,0.0000,1.027840,0.000000
6,116,0,,,,,,0.0000,1.053181,0.000000
6,117,0,,,,,,0.0000,1.058648,0.000000
6,118,0,,,,,,0.0000,1.039323,0.000000
6,119,0,,,,,,0.0000,1.056235,0.000000
6,120,0,,,,,,0.0000,1.059518,0.000000
6,121,0,,,,,,0.0000,1.047072,0.000000
6,122,0,,,,,,0.0000,1.028633,0.000000
6,123,0,,,,,,0.0000,1.058143,0.000000
6,124,0,,,,,,0.0000,1.064464,0.000000
6,125,0,,,,,,0.0000,1.083312,0.000000
6,126,0,,,,,,0.0000,1.042739,0.000000
6,127,0,,,,,,0.0000,1.042775,0.000000
6,128,0,,,,,,0.0000,1.068068,0.000000
6,129,0,,,,,,0.0000,1.062152,0.000000
6,130,0,,,,,,0.0000,1.047852,0.000000
6,131,0,,,,,,0.0000,1.061244,0.000000
6,132,0,,,,,,0.0000,1.065518,0.000000
6,133,0,,,,,,0.0000,1.045035,0.000000
6,134,0,,,,,,0.0000,1.062462,0.000000
6,135,0,,,,,,0.0000,1.023190,0.000000
6,136,0,,,,,,0.0000,1.070749,0.000000
6,137,0,,,,,,0.0000,1.083182,0.000000
6,138,0,,,,,,0.0000,1.075068,0.000000
6,139,0,,,,,,0.0000,1.050459,0.000000
6,140,0,,,,,,0.0000,1.040900,0.000000
6,141,0,,,,,,0.0000,1.044558,0.000000
6,142,0,,,,,,0.0000,1.063455,0.000000
6,143,0,,,,,,0.0000,1.093820,0.000000
6,144,0,,,,,,0.0000,1.060717,0.000000
6,145,0,,,,,,0.0000,1.052343,0.000000
6,146,0,,,,,,0.0000,1.068456,0.000000
6,147,0,,,,,,0.0000,1.060952,0.000000
6,148,0,,,,,,0.0000,1.062556,0.000000
6,149,0,,,,,,0.0000,1.062119,0.000000
6,150,0,,,,,,0.0000,1.054964,0.000000
6,151,0,,,,,,0.0000,1.024666,0.000000
6,152,0,,,,,,0.0000,1.059003,0.000000
6,153,0,,,,,,0.0000,1.070746,0.000000
6,154,0,,,,,,0.0000,1.063157,0.000000
6,155,0,,,,,,0.0000,1.038638,0.000000
6,156,0,,,,,,0.0000,1.057092,0.000000
6,157,0,,,,,,0.0000,1.061751,0.000000
6,158,0,,,,,,0.0000,1.068018,0.000000
6,159,0,,,,,,0.0000,1.055791,0.000000
6,160,0,,,,,,0.0000,1.050923,0.000000
6,161,0,,,,,,0.0000,1.059498,0.000000
6,162,0,,,,,,0.0000,1.057887,0.000000
6,163,0,,,,,,0.0000,1.052290,0.000000
6,164,0,,,,,,0.0000,1.062476,0.000000
6,165,0,,,,,,0.0000,1.068418,0.000000
6,166,0,,,,,,0.0000,1.063637,0.000000
6,167,0,,,,,,0.0000,1.056150,0.000000
6,168,0,,,,,,0.0000,1.021761,0.000000
6,169,0,,,,,,0.0000,1.034227,0.000000
6,170,0,,,,,,0.0000,1.041345,0.000000
6,171,0,,,,,,0.0000,1.080059,0.000000
6,172,0,,,,,,0.0000,1.077998,0.000000
6,173,0,,,,,,0.0000,1.037583,0.000000
6,174,0,,,,,,0.0000,1.029403,0.000000
6,175,0,,,,,,0.0000,1.060741,0.000000
6,176,0,,,,,,0.0000,1.061655,0.000000
6,177,0,,,,,,0.0000,1.057967,0.000000
6,178,0,,,,,,0.0000,1.024226,0.000000
6,179,0,,,,,,0.0000,1.067346,0.000000
6,180,0,,,,,,0.0000,1.069827,0.000000
6,181,0,,,,,,0.0000,1.043079,0.000000
6,182,0,,,,,,0.0000,1.025203,0.000000
6,183,0,,,,,,0.0000,1.047374,0.000000
6,184,0,,,,,,0.0000,1.072535,0.000000
6,185,0,,,,,,0.0000,1.058881,0.000000
6,186,0,,,,,,0.0000,1.023520,0.000000
6,187,0,,,,,,0.0000,1.061706,0.000000
6,188,0,,,,,,0.0000,1.068720,0.000000
6,189,0,,,,,,0.0000,1.021211,0.000000
6,190,0,,,,,,0.0000,1.034702,0.000000
6,191,0,,,,,,0.0000,1.074859,0.000000
6,192,0,,,,,,0.0000,1.084254,0.000000
6,193,0,,,,,,0.0000,1.043041,0.000000
6,194,0,,,,,,0.0000,1.019414,0.000000
6,195,0,,,,,,0.0000,1.036254,0.000000
6,196,0,,,,,,0.0000,1.095418,0.000000
6,197,0,,,,,,0.0000,1.054357,0.000000
6,198,0,,,,,,0.0000,1.039351,0.000000
6,199,0,,,,,,0.0000,1.039372,0.000000
6,200,0,,,,,,0.0000,1.069327,0.000000
6,201,0,,,,,,0.0000,1.095502,0.000000
6,202,0,,,,,,0.0000,1.046267,0.000000
6,203,0,,,,,,0.0000,1.014426,0.000000
6,204,0,,,,,,0.0000,1.058765,0.000000
6,205,0,,,,,,0.0000,1.068809,0.000000
6,206,0,,,,,,0.0000,1.079955,0.000000
6,207,0,,,,,,0.0000,1.054692,0.000000
6,208,0,,,,,,0.0000,1.053349,0.000000
6,209,0,,,,,,0.0000,1.087277,0.000000
6,210,0,,,,,,0.0000,1.057910,0.000000
6,211,0,,,,,,0.0000,1.041499,0.000000
6,212,0,,,,,,0.0000,1.043411,0.000000
6,213,0,,,,,,0.0000,1.084887,0.000000
6,214,0,,,,,,0.0000,1.095634,0.000000
6,215,0,,,,,,0.0000,1.053662,0.000000
6,216,0,,,,,,0.0000,1.037123,0.000000
6,217,0,,,,,,0.0000,1.067679,0.000000
6,218,0,,,,,,0.0000,1.083303,0.000000
6,219,0,,,,,,0.0000,1.049066,0.000000
6,220,0,,,,,,0.0000,1.062447,0.000000
6,221,0,,,,,,0.0000,1.070499,0.000000
6,222,0,,,,,,0.0000,1.059654,0.000000
6,223,0,,,,,,0.0000,1.039743,0.000000
6,224,0,,,,,,0.0000,1.058978,0.000000
6,225,0,,,,,,0.0000,1.072089,0.000000
6,226,0,,,,,,0.0000,1.060423,0.000000
6,227,0,,,,,,0.0000,1.017704,0.000000
6,228,0,,,,,,0.0000,1.048730,0.000000
6,229,0,,,,,,0.0000,1.087446,0.000000
6,230,0,,,,,,0.0000,1.079191,0.000000
6,231,0,,,,,,0.0000,1.036039,0.000000
6,232,0,,,,,,0.0000,1.036009,0.000000
6,233,0,,,,,,0.0000,1.055988,0.000000
6,234,0,,,,,,0.0000,1.060862,0.000000
6,235,0,,,,,,0.0000,1.061940,0.000000
6,236,0,,,,,,0.0000,1.042328,0.000000
6,237,0,,,,,,0.0000,1.057203,0.000000
6,238,0,,,,,,0.0000,1.074108,0.000000
6,239,0,,,,,,0.0000,1.037186,0.000000
6,240,1,0.856703,0.002068,0.339948,0.000000,1.000000,1.0000,1.009743,0.207027
6,241,5,0.176189,0.129582,0.641965,0.128994,0.569705,10.0000,0.778178,0.506479
6,242,7,0.133696,0.120728,0.713146,0.123349,0.387330,15.0000,0.801936,0.629342
6,243,6,0.114436,0.082020,0.798001,0.067567,0.222199,12.0000,0.928024,0.715961
6,244,8,0.107098,0.080028,0.799707,0.095335,0.247969,8.0000,0.939447,0.719275
6,245,8,0.079233,0.046819,0.845115,0.117669,0.602481,10.0000,0.870252,0.807477
6,246,10,0.069768,0.045908,0.854342,0.112483,0.589796,10.0000,0.856268,0.825400
6,247,11,0.060946,0.038834,0.874457,0.099338,0.529513,14.0000,0.924783,0.864471
6,248,11,0.060946,0.038834,0.874457,0.099338,0.529513,10.0000,1.006726,0.864471
6,249,11,0.055496,0.035420,0.879237,0.097408,0.482348,15.0000,0.874559,0.873756
6,250,3,0.311011,0.051487,0.642798,0.314704,0.703706,4.0000,1.032656,0.606738
6,251,5,0.153716,0.070461,0.823263,0.059571,0.342647,6.0000,0.961946,0.723110
6,252,7,0.085854,0.043322,0.886319,0.130920,0.373486,15.0000,0.868752,0.848467
6,253,8,0.084954,0.040568,0.888860,0.164577,0.548839,12.0000,0.907838,0.853519
6,254,9,0.078085,0.042742,0.893945,0.144078,0.603800,11.0000,0.965554,0.863628
6,255,11,0.070834,0.048079,0.895432,0.074109,0.598233,12.0000,0.944373,0.866584
6,256,12,0.069871,0.046078,0.896352,0.076119,0.670563,12.0000,0.888336,0.868412
6,257,13,0.066793,0.039481,0.898829,0.087637,0.781772,10.0000,0.901535,0.873337
6,258,13,0.066793,0.039481,0.898829,0.087637,0.781772,8.0000,0.871881,0.873337
6,259,15,0.049547,0.039029,0.909171,0.043438,0.706497,16.0000,0.903125,0.893897
6,260,1,0.847689,0.026603,0.340784,0.000000,1.000000,1.0000,1.202717,0.152764
6,261,5,0.162959,0.121011,0.757565,0.257479,0.486509,7.0000,0.926756,0.546265
6,262,7,0.151879,0.110106,0.768631,0.210819,0.508629,9.0000,0.779893,0.568798
6,263,10,0.123089,0.049117,0.869158,0.037770,0.687073,13.0000,0.846825,0.773473
6,264,12,0.066547,0.040991,0.902437,0.074486,0.591375,11.0000,0.975534,0.841228
6,265,11,0.062228,0.036625,0.924889,0.059142,0.521322,6.0000,1.019732,0.886941
6,266,12,0.061590,0.037604,0.925797,0.069736,0.574124,14.0000,0.933644,0.888791
6,267,12,0.061590,0.037604,0.925797,0.069736,0.574124,9.0000,0.894345,0.888791
6,268,11,0.066159,0.027334,0.937611,0.106617,0.638890,9.0000,0.916007,0.912844
6,269,12,0.056674,0.027617,0.939002,0.061746,0.529661,9.0000,0.951766,0.915675
6,270,2,0.367061,0.052574,0.600698,0.000000,0.065849,3.0000,1.154968,0.209943
6,271,6,0.154601,0.080907,0.778446,0.207890,0.723706,8.0000,0.947333,0.574148
6,272,8,0.124646,0.078015,0.796883,0.195317,0.780251,8.0000,0.864605,0.611925
6,273,12,0.091679,0.059478,0.889225,0.083764,0.588154,10.0000,0.896821,0.789349
6,274,13,0.090469,0.057514,0.890156,0.074183,0.579474,11.0000,0.943741,0.791257
6,275,14,0.051326,0.044407,0.909517,0.062409,0.480216,9.0000,0.891541,0.830928
6,276,14,0.050234,0.043434,0.912844,0.058889,0.472282,10.0000,0.911711,0.837745
6,277,14,0.050234,0.043434,0.912844,0.058889,0.472282,10.0000,0.981018,0.837745
6,278,16,0.050028,0.047767,0.914833,0.057743,0.573268,15.0000,0.936178,0.841820
6,279,18,0.049688,0.046386,0.915488,0.058003,0.667035,15.0000,0.895307,0.843161
6,280,2,0.351750,0.012798,0.688618,0.000000,0.017189,6.0000,1.104222,0.356432
6,281,3,0.279752,0.059725,0.737351,0.790443,0.686985,5.0000,1.016572,0.457312
6,282,5,0.278856,0.062083,0.741785,0.711456,1.151727,13.0000,0.857801,0.461963
6,283,8,0.125947,0.049389,0.845455,0.198878,0.761143,15.0000,0.848058,0.676562
6,284,12,0.058620,0.044715,0.940546,0.075107,0.525861,17.0000,0.878705,0.873402
6,285,14,0.050938,0.040329,0.944649,0.073627,0.623926,11.0000,0.912671,0.881897
6,286,13,0.051191,0.041426,0.946039,0.070163,0.569449,15.0000,0.927954,0.884774
6,287,13,0.048867,0.038910,0.950144,0.064808,0.540005,5.0000,0.959604,0.893270
6,288,14,0.048210,0.040922,0.950480,0.057581,0.545684,8.0000,0.899925,0.893967
6,289,14,0.048210,0.040922,0.950480,0.057581,0.545684,8.0000,0.925239,0.893967
6,290,5,0.288988,0.025836,0.784774,0.052889,1.188411,6.0000,1.083711,0.529985
6,291,10,0.072024,0.048468,0.915355,0.092360,0.663207,14.0000,0.935106,0.805022
6,292,10,0.060460,0.033643,0.924951,0.099673,0.604090,21.0000,0.806795,0.825235
6,293,10,0.060460,0.033643,0.924951,0.099673,0.604090,13.0000,0.858769,0.825235
6,294,10,0.057219,0.030956,0.930629,0.097984,0.627785,13.0000,0.965820,0.837193
6,295,11,0.050773,0.030674,0.932068,0.094571,0.547096,10.0000,0.937631,0.840223
6,296,11,0.050061,0.031977,0.934218,0.070490,0.515250,10.0000,0.870804,0.844752
6,297,12,0.049761,0.034413,0.940794,0.065523,0.462499,12.0000,0.889740,0.858603
6,298,14,0.046932,0.032237,0.942902,0.060324,0.586338,14.0000,0.943719,0.863042
6,299,15,0.043389,0.035611,0.948316,0.056354,0.597730,15.0000,0.880901,0.874445
6,300,3,0.188720,0.057833,0.764422,0.249122,0.259205,5.0000,1.036582,0.511699
6,301,7,0.087880,0.063898,0.909094,0.188529,0.489220,9.0000,0.904322,0.787365
6,302,8,0.085038,0.066337,0.911219,0.148709,0.514429,17.0000,0.879969,0.791816
6,303,10,0.084213,0.060955,0.912439,0.154306,0.748009,24.0000,0.911748,0.794370
6,304,11,0.084213,0.065920,0.913563,0.113782,0.645893,9.0000,0.939518,0.796724
6,305,12,0.057149,0.050154,0.920650,0.059460,0.673831,13.0000,0.955235,0.811568
6,306,15,0.055075,0.056715,0.927794,0.061961,0.593153,13.0000,0.900276,0.826529
6,307,15,0.051964,0.048462,0.935583,0.048407,0.589507,10.0000,0.860597,0.842842
6,308,17,0.051608,0.047407,0.937003,0.050661,0.649277,17.0000,0.893596,0.845817
6,309,16,0.050024,0.044367,0.940326,0.049524,0.595645,14.0000,0.922953,0.852776
6,310,2,0.355910,0.011568,0.701690,0.000000,0.016082,3.0000,1.116676,0.354990
6,311,4,0.211212,0.102276,0.754597,0.411151,0.487665,9.0000,0.955675,0.466426
6,312,8,0.079145,0.067350,0.921237,0.128383,0.466220,12.0000,0.797993,0.817411
6,313,10,0.060654,0.041923,0.935273,0.110858,0.597037,15.0000,0.889124,0.846973
6,314,11,0.060402,0.041329,0.937978,0.103948,0.666480,9.0000,1.033936,0.852672
6,315,11,0.060402,0.041329,0.937978,0.103948,0.666480,11.0000,0.976895,0.852672
6,316,13,0.054368,0.038322,0.941241,0.082939,0.760482,12.0000,0.820725,0.859545
6,317,13,0.056142,0.037342,0.947164,0.098156,0.806974,11.0000,0.835388,0.872020
6,318,14,0.055503,0.036271,0.949523,0.055643,0.823161,13.0000,0.933788,0.876988
6,319,12,0.041159,0.025732,0.956997,0.064524,0.699236,13.0000,0.985804,0.892729
6,320,2,0.310896,0.030569,0.702098,0.000000,0.124635,4.0000,1.131344,0.428656
6,321,4,0.220169,0.051512,0.830636,0.092993,0.739701,8.0000,0.885584,0.645888
6,322,7,0.118564,0.065177,0.876018,0.083287,0.456651,10.0000,0.803264,0.739828
6,323,7,0.118564,0.065177,0.876018,0.083287,0.456651,10.0000,0.942673,0.739828
6,324,10,0.080196,0.066155,0.898290,0.109218,0.557619,10.0000,1.046246,0.785932
6,325,11,0.074490,0.070792,0.906740,0.099176,0.382162,14.0000,0.930018,0.803423
6,326,14,0.055251,0.066075,0.915798,0.058686,0.450767,11.0000,0.861288,0.822175
6,327,15,0.053317,0.055100,0.922419,0.063996,0.558840,11.0000,0.907228,0.835879
6,328,14,0.050363,0.047205,0.934119,0.064761,0.481422,9.0000,0.918523,0.860099
6,329,16,0.048556,0.044162,0.940006,0.064900,0.558605,14.0000,0.929280,0.872286
6,330,0,,,,,,0.0000,1.163368,0.000000
6,331,1,0.841366,0.012130,0.367593,0.000000,1.000000,1.0000,1.205190,0.182794
6,332,4,0.195381,0.126503,0.649468,0.370874,0.536657,6.0000,0.826498,0.427005
6,333,8,0.137922,0.135307,0.785161,0.165203,0.611802,11.0000,0.765078,0.637194
6,334,11,0.088714,0.090472,0.880855,0.059253,0.590338,15.0000,0.897529,0.772198
6,335,12,0.088590,0.091583,0.881676,0.066377,0.641349,9.0000,1.013223,0.773880
6,336,12,0.061587,0.053022,0.906467,0.078517,0.647843,15.0000,0.952576,0.824678
6,337,15,0.060013,0.056543,0.914265,0.058103,0.634351,10.0000,0.820260,0.840657
6,338,15,0.060031,0.055491,0.918076,0.061685,0.708476,11.0000,0.812751,0.848465
6,339,15,0.058983,0.052087,0.932163,0.075647,0.683517,14.0000,0.937462,0.877328
6,340,2,0.660442,0.051680,0.461442,0.000000,0.831434,3.0000,1.186630,0.349363
6,341,4,0.183112,0.020428,0.805874,0.441309,0.645207,8.0000,0.969501,0.693234
6,342,5,0.088151,0.031113,0.837833,0.116902,0.358478,7.0000,0.792090,0.758302
6,343,7,0.087368,0.032042,0.841429,0.149486,0.641494,9.0000,0.859114,0.765625
6,344,7,0.087368,0.032042,0.841429,0.149486,0.641494,5.0000,1.037040,0.765625
6,345,9,0.084725,0.030552,0.875936,0.121477,0.730757,13.0000,0.938131,0.787271
6,346,13,0.070406,0.034165,0.886242,0.049466,0.857836,11.0000,0.911528,0.808256
6,347,13,0.069901,0.031920,0.886836,0.051210,0.869268,8.0000,0.846714,0.809465
6,348,13,0.065015,0.028316,0.900779,0.049951,0.839325,9.0000,0.895973,0.837853
6,349,14,0.048710,0.034919,0.900808,0.053067,0.745902,10.0000,0.936368,0.837912
6,350,0,,,,,,0.0000,1.182526,0.000000
6,351,1,0.844439,0.002786,0.362467,0.000000,1.000000,1.0000,1.213352,0.216925
6,352,2,0.322453,0.089907,0.534190,0.000000,0.287931,2.0000,0.846000,0.334574
6,353,4,0.141191,0.075808,0.724718,0.103803,0.298408,12.0000,0.719479,0.608475
6,354,7,0.120015,0.076619,0.789258,0.118740,0.652103,10.0000,0.928521,0.714356
6,355,10,0.108090,0.075120,0.814368,0.043056,0.712821,9.0000,0.964976,0.751001
6,356,10,0.073967,0.046801,0.828955,0.072504,0.570511,11.0000,0.904606,0.780000
6,357,10,0.073967,0.046801,0.828955,0.072504,0.570511,7.0000,0.898914,0.780000
6,358,11,0.072626,0.047423,0.863347,0.091426,0.535169,11.0000,0.902417,0.802799
6,359,13,0.065596,0.049588,0.880342,0.065010,0.496305,12.0000,0.937804,0.836585
6,360,1,0.825877,0.084248,0.254214,0.000000,1.000000,1.0000,1.096193,0.090356
6,361,4,0.283876,0.202364,0.455120,0.529152,0.806083,4.0000,0.975754,0.228701
6,362,5,0.224474,0.160636,0.547707,0.164869,0.624507,8.0000,0.855911,0.380052
6,363,4,0.115744,0.060726,0.737103,0.222290,0.349580,6.0000,0.892518,0.670142
6,364,4,0.115744,0.060726,0.737103,0.222290,0.349580,5.0000,0.956759,0.670142
6,365,7,0.111468,0.078861,0.774835,0.072156,0.600312,8.0000,0.957190,0.693813
6,366,10,0.097929,0.077412,0.805262,0.048703,0.579768,11.0000,0.942323,0.741212
6,367,12,0.085034,0.077219,0.817010,0.042275,0.544508,11.0000,0.886985,0.764032
6,368,13,0.085018,0.074524,0.817332,0.054309,0.588975,2.0000,0.865098,0.764658
6,369,12,0.067787,0.050185,0.849419,0.058074,0.633094,11.0000,0.864375,0.815837
6,370,1,0.807931,0.242226,0.128498,0.000000,1.000000,1.0000,1.150836,0.000000
6,371,4,0.169446,0.119226,0.630847,0.062000,0.225612,5.0000,0.972894,0.554152
6,372,7,0.139521,0.095416,0.672516,0.171555,0.493708,10.0000,0.809705,0.631627
6,373,9,0.129680,0.086278,0.698736,0.064140,0.464369,8.0000,0.827039,0.674379
6,374,9,0.123827,0.103605,0.716871,0.045194,0.425534,10.0000,0.961587,0.684576
6,375,10,0.115980,0.093346,0.726222,0.062452,0.476479,9.0000,0.996963,0.693966
6,376,10,0.103732,0.073000,0.776551,0.067972,0.626103,4.0000,0.924042,0.790943
6,377,10,0.089056,0.056157,0.804512,0.089632,0.604038,6.0000,0.876936,0.806539
6,378,12,0.088560,0.054840,0.812383,0.086693,0.706085,11.0000,0.980020,0.821705
6,379,14,0.057252,0.054433,0.826505,0.040814,0.573912,10.0000,0.933340,0.845815
6,380,0,,,,,,0.0000,1.091687,0.000000
6,381,0,,,,,,0.0000,1.193612,0.000000
6,382,0,,,,,,0.0000,1.098667,0.000000
6,383,0,,,,,,0.0000,1.026317,0.000000
6,384,0,,,,,,0.0000,1.049634,0.000000
6,385,0,,,,,,0.0000,1.121543,0.000000
6,386,0,,,,,,0.0000,1.067251,0.000000
6,387,0,,,,,,0.0000,1.027742,0.000000
6,388,0,,,,,,0.0000,1.043016,0.000000
6,389,0,,,,,,0.0000,1.057714,0.000000
6,390,0,,,,,,0.0000,1.076732,0.000000
6,391,0,,,,,,0.0000,1.048976,0.000000
6,392,0,,,,,,0.0000,1.048934,0.000000
6,393,0,,,,,,0.0000,1.072704,0.000000
6,394,0,,,,,,0.0000,1.072153,0.000000
6,395,0,,,,,,0.0000,1.077885,0.000000
6,396,0,,,,,,0.0000,1.033795,0.000000
6,397,0,,,,,,0.0000,1.024664,0.000000
6,398,0,,,,,,0.0000,1.030600,0.000000
6,399,0,,,,,,0.0000,1.045293,0.000000
6,400,0,,,,,,0.0000,1.069843,0.000000
6,401,0,,,,,,0.0000,1.064885,0.000000
6,402,0,,,,,,0.0000,1.050614,0.000000
6,403,0,,,,,,0.0000,1.051691,0.000000
6,404,0,,,,,,0.0000,1.048836,0.000000
6,405,0,,,,,,0.0000,1.043234,0.000000
6,406,0,,,,,,0.0000,1.062986,0.000000
6,407,0,,,,,,0.0000,1.088444,0.000000
6,408,0,,,,,,0.0000,1.055724,0.000000
6,409,0,,,,,,0.0000,1.039612,0.000000
6,410,0,,,,,,0.0000,1.016950,0.000000
6,411,0,,,,,,0.0000,1.069365,0.000000
6,412,0,,,,,,0.0000,1.056709,0.000000
6,413,0,,,,,,0.0000,1.092351,0.000000
6,414,0,,,,,,0.0000,1.040704,0.000000
6,415,0,,,,,,0.0000,1.020058,0.000000
6,416,0,,,,,,0.0000,1.067010,0.000000
6,417,0,,,,,,0.0000,1.055404,0.000000
6,418,0,,,,,,0.0000,1.040725,0.000000
6,419,0,,,,,,0.0000,1.041464,0.000000
6,420,0,,,,,,0.0000,1.084897,0.000000
6,421,0,,,,,,0.0000,1.061710,0.000000
6,422,0,,,,,,0.0000,1.024839,0.000000
6,423,0,,,,,,0.0000,1.004387,0.000000
6,424,0,,,,,,0.0000,1.060207,0.000000
6,425,0,,,,,,0.0000,1.071854,0.000000
6,426,0,,,,,,0.0000,1.046809,0.000000
6,427,0,,,,,,0.0000,1.038900,0.000000
6,428,0,,,,,,0.0000,1.064200,0.000000
6,429,0,,,,,,0.0000,1.059904,0.000000
6,430,0,,,,,,0.0000,1.039208,0.000000
6,431,0,,,,,,0.0000,1.038476,0.000000
6,432,0,,,,,,0.0000,1.057645,0.000000
6,433,0,,,,,,0.0000,1.067044,0.000000
6,434,0,,,,,,0.0000,1.081869,0.000000
6,435,0,,,,,,0.0000,1.046255,0.000000
6,436,0,,,,,,0.0000,1.025186,0.000000
6,437,0,,,,,,0.0000,1.035348,0.000000
6,438,0,,,,,,0.0000,1.060449,0.000000
6,439,0,,,,,,0.0000,1.038687,0.000000
6,440,0,,,,,,0.0000,1.052331,0.000000
6,441,0,,,,,,0.0000,1.036192,0.000000
6,442,0,,,,,,0.0000,1.049926,0.000000
6,443,0,,,,,,0.0000,1.054678,0.000000
6,444,0,,,,,,0.0000,1.038052,0.000000
6,445,0,,,,,,0.0000,1.061594,0.000000
6,446,0,,,,,,0.0000,1.064877,0.000000
6,447,0,,,,,,0.0000,1.070355,0.000000
6,448,0,,,,,,0.0000,1.043132,0.000000
6,449,0,,,,,,0.0000,1.054099,0.000000
6,450,0,,,,,,0.0000,1.065554,0.000000
6,451,0,,,,,,0.0000,1.052826,0.000000
6,452,0,,,,,,0.0000,1.018162,0.000000
6,453,0,,,,,,0.0000,1.018647,0.000000
6,454,0,,,,,,0.0000,1.081375,0.000000
6,455,0,,,,,,0.0000,1.088205,0.000000
6,456,0,,,,,,0.0000,1.033443,0.000000
6,457,0,,,,,,0.0000,1.031302,0.000000
6,458,0,,,,,,0.0000,1.071551,0.000000
6,459,0,,,,,,0.0000,1.091542,0.000000
6,460,0,,,,,,0.0000,1.071220,0.000000
6,461,0,,,,,,0.0000,1.048389,0.000000
6,462,0,,,,,,0.0000,1.024570,0.000000
6,463,0,,,,,,0.0000,1.048698,0.000000
6,464,0,,,,,,0.0000,1.081580,0.000000
6,465,0,,,,,,0.0000,1.066596,0.000000
6,466,0,,,,,,0.0000,1.019169,0.000000
6,467,0,,,,,,0.0000,1.030504,0.000000
6,468,0,,,,,,0.0000,1.054724,0.000000
6,469,0,,,,,,0.0000,1.048856,0.000000
6,470,0,,,,,,0.0000,1.062478,0.000000
6,471,0,,,,,,0.0000,1.038394,0.000000
6,472,0,,,,,,0.0000,1.055997,0.000000
6,473,0,,,,,,0.0000,1.062323,0.000000
6,474,0,,,,,,0.0000,1.071626,0.000000
6,475,0,,,,,,0.0000,1.054321,0.000000
6,476,0,,,,,,0.0000,1.039695,0.000000
6,477,0,,,,,,0.0000,1.037624,0.000000
6,478,0,,,,,,0.0000,1.041842,0.000000
6,479,0,,,,,,0.0000,1.054499,0.000000
6,480,0,,,,,,0.0000,1.031250,0.000000
6,481,0,,,,,,0.0000,1.029428,0.000000
6,482,0,,,,,,0.0000,1.022282,0.000000
6,483,0,,,,,,0.0000,1.068530,0.000000
6,484,0,,,,,,0.0000,1.071801,0.000000
6,485,0,,,,,,0.0000,1.078865,0.000000
6,486,0,,,,,,0.0000,1.063684,0.000000
6,487,0,,,,,,0.0000,1.055588,0.000000
6,488,0,,,,,,0.0000,1.028703,0.000000
6,489,0,,,,,,0.0000,1.042880,0.000000
6,490,0,,,,,,0.0000,1.050082,0.000000
6,491,0,,,,,,0.0000,1.093603,0.000000
6,492,0,,,,,,0.0000,1.059903,0.000000
6,493,0,,,,,,0.0000,1.008967,0.000000
6,494,0,,,,,,0.0000,1.035950,0.000000
6,495,0,,,,,,0.0000,1.057897,0.000000
6,496,0,,,,,,0.0000,1.080757,0.000000
6,497,0,,,,,,0.0000,1.053562,0.000000
6,498,0,,,,,,0.0000,1.045405,0.000000
6,499,0,,,,,,0.0000,1.036219,0.000000
6,500,0,,,,,,0.0000,1.033454,0.000000
6,501,0,,,,,,0.0000,1.050780,0.000000
6,502,0,,,,,,0.0000,1.083388,0.000000
6,503,0,,,,,,0.0000,1.059395,0.000000
6,504,0,,,,,,0.0000,1.037542,0.000000
6,505,0,,,,,,0.0000,1.037998,0.000000
6,506,0,,,,,,0.0000,1.057528,0.000000
6,507,0,,,,,,0.0000,1.048995,0.000000
6,508,0,,,,,,0.0000,1.039144,0.000000
6,509,0,,,,,,0.0000,1.057198,0.000000
6,510,0,,,,,,0.0000,1.073383,0.000000
6,511,0,,,,,,0.0000,1.071572,0.000000
6,512,0,,,,,,0.0000,1.030942,0.000000
6,513,0,,,,,,0.0000,1.064134,0.000000
6,514,0,,,,,,0.0000,1.064287,0.000000
6,515,0,,,,,,0.0000,1.063609,0.000000
6,516,0,,,,,,0.0000,1.040624,0.000000
6,517,0,,,,,,0.0000,1.055265,0.000000
6,518,0,,,,,,0.0000,1.034205,0.000000
6,519,0,,,,,,0.0000,1.044692,0.000000
6,520,0,,,,,,0.0000,1.055066,0.000000
6,521,0,,,,,,0.0000,1.061452,0.000000
6,522,0,,,,,,0.0000,1.065000,0.000000
6,523,0,,,,,,0.0000,1.049698,0.000000
6,524,0,,,,,,0.0000,1.043459,0.000000
6,525,0,,,,,,0.0000,1.077030,0.000000
6,526,0,,,,,,0.0000,1.079576,0.000000
6,527,0,,,,,,0.0000,1.031491,0.000000
6,528,0,,,,,,0.0000,1.042810,0.000000
6,529,0,,,,,,0.0000,1.050632,0.000000
6,530,0,,,,,,0.0000,1.046035,0.000000
6,531,0,,,,,,0.0000,1.047971,0.000000
6,532,0,,,,,,0.0000,1.032255,0.000000
6,533,0,,,,,,0.0000,1.034651,0.000000
6,534,0,,,,,,0.0000,1.069927,0.000000
6,535,0,,,,,,0.0000,1.085293,0.000000
6,536,0,,,,,,0.0000,1.058194,0.000000
6,537,0,,,,,,0.0000,1.037358,0.000000
6,538,0,,,,,,0.0000,1.041095,0.000000
6,539,0,,,,,,0.0000,1.063201,0.000000
6,540,0,,,,,,0.0000,1.041727,0.000000
6,541,0,,,,,,0.0000,1.054389,0.000000
6,542,0,,,,,,0.0000,1.076172,0.000000
6,543,0,,,,,,0.0000,1.066551,0.000000
6,544,0,,,,,,0.0000,1.050513,0.000000
6,545,0,,,,,,0.0000,1.041488,0.000000
6,546,0,,,,,,0.0000,1.062187,0.000000
6,547,0,,,,,,0.0000,1.071958,0.000000
6,548,0,,,,,,0.0000,1.059377,0.000000
6,549,0,,,,,,0.0000,1.045660,0.000000
6,550,0,,,,,,0.0000,1.056985,0.000000
6,551,0,,,,,,0.0000,1.063956,0.000000
6,552,0,,,,,,0.0000,1.039920,0.000000
6,553,0,,,,,,0.0000,1.048925,0.000000
6,554,0,,,,,,0.0000,1.075097,0.000000
6,555,0,,,,,,0.0000,1.062874,0.000000
6,556,0,,,,,,0.0000,1.033831,0.000000
6,557,0,,,,,,0.0000,1.009782,0.000000
6,558,0,,,,,,0.0000,1.050517,0.000000
6,559,0,,,,,,0.0000,1.083393,0.000000
6,560,0,,,,,,0.0000,1.061643,0.000000
6,561,0,,,,,,0.0000,1.005697,0.000000
6,562,0,,,,,,0.0000,1.021138,0.000000
6,563,0,,,,,,0.0000,1.045275,0.000000
6,564,0,,,,,,0.0000,1.056080,0.000000
6,565,0,,,,,,0.0000,1.071752,0.000000
6,566,0,,,,,,0.0000,1.062143,0.000000
6,567,0,,,,,,0.0000,1.045699,0.000000
6,568,0,,,,,,0.0000,1.053350,0.000000
6,569,0,,,,,,0.0000,1.043075,0.000000
6,570,0,,,,,,0.0000,1.033855,0.000000
6,571,0,,,,,,0.0000,1.054740,0.000000
6,572,0,,,,,,0.0000,1.032650,0.000000
6,573,0,,,,,,0.0000,1.049975,0.000000
6,574,0,,,,,,0.0000,1.085362,0.000000
6,575,0,,,,,,0.0000,1.061600,0.000000
6,576,0,,,,,,0.0000,1.052994,0.000000
6,577,0,,,,,,0.0000,1.054648,0.000000
6,578,0,,,,,,0.0000,1.020094,0.000000
6,579,0,,,,,,0.0000,1.064756,0.000000
6,580,0,,,,,,0.0000,1.085193,0.000000
6,581,0,,,,,,0.0000,1.062043,0.000000
6,582,0,,,,,,0.0000,1.026544,0.000000
6,583,0,,,,,,0.0000,1.061205,0.000000
6,584,0,,,,,,0.0000,1.084982,0.000000
6,585,0,,,,,,0.0000,1.068612,0.000000
6,586,0,,,,,,0.0000,1.040775,0.000000
6,587,0,,,,,,0.0000,1.031990,0.000000
6,588,0,,,,,,0.0000,1.051100,0.000000
6,589,0,,,,,,0.0000,1.082424,0.000000
6,590,0,,,,,,0.0000,1.087104,0.000000
6,591,0,,,,,,0.0000,1.046420,0.000000
6,592,0,,,,,,0.0000,1.050333,0.000000
6,593,0,,,,,,0.0000,1.064025,0.000000
6,594,0,,,,,,0.0000,1.072488,0.000000
6,595,0,,,,,,0.0000,1.036513,0.000000
6,596,0,,,,,,0.0000,1.032155,0.000000
6,597,0,,,,,,0.0000,1.045562,0.000000
6,598,0,,,,,,0.0000,1.085275,0.000000
6,599,0,,,,,,0.0000,1.067735,0.000000
6,600,0,,,,,,0.0000,1.045224,0.000000
6,601,0,,,,,,0.0000,1.041593,0.000000
6,602,0,,,,,,0.0000,1.081084,0.000000
6,603,0,,,,,,0.0000,1.088966,0.000000
6,604,0,,,,,,0.0000,1.052443,0.000000
6,605,0,,,,,,0.0000,1.039680,0.000000
6,606,0,,,,,,0.0000,1.057074,0.000000
6,607,0,,,,,,0.0000,1.061102,0.000000
6,608,0,,,,,,0.0000,1.071684,0.000000
6,609,0,,,,,,0.0000,1.070659,0.000000
6,610,0,,,,,,0.0000,1.031057,0.000000
6,611,0,,,,,,0.0000,1.031160,0.000000
6,612,0,,,,,,0.0000,1.086438,0.000000
6,613,0,,,,,,0.0000,1.094185,0.000000
6,614,0,,,,,,0.0000,1.039740,0.000000
6,615,0,,,,,,0.0000,1.054817,0.000000
6,616,0,,,,,,0.0000,1.053403,0.000000
6,617,0,,,,,,0.0000,1.079208,0.000000
6,618,0,,,,,,0.0000,1.094260,0.000000
6,619,0,,,,,,0.0000,1.047386,0.000000
6,620,0,,,,,,0.0000,1.025746,0.000000
6,621,0,,,,,,0.0000,1.051721,0.000000
6,622,0,,,,,,0.0000,1.067773,0.000000
6,623,0,,,,,,0.0000,1.046773,0.000000
6,624,0,,,,,,0.0000,1.083505,0.000000
6,625,0,,,,,,0.0000,1.054386,0.000000
6,626,0,,,,,,0.0000,1.047939,0.000000
6,627,0,,,,,,0.0000,1.021371,0.000000
6,628,0,,,,,,0.0000,1.055977,0.000000
6,629,0,,,,,,0.0000,1.079345,0.000000
6,630,0,,,,,,0.0000,1.050263,0.000000
6,631,0,,,,,,0.0000,1.018040,0.000000
6,632,0,,,,,,0.0000,1.039542,0.000000
6,633,0,,,,,,0.0000,1.085775,0.000000
6,634,0,,,,,,0.0000,1.082457,0.000000
6,635,0,,,,,,0.0000,1.017760,0.000000
6,636,0,,,,,,0.0000,1.027202,0.000000
6,637,0,,,,,,0.0000,1.048973,0.000000
6,638,0,,,,,,0.0000,1.065061,0.000000
6,639,0,,,,,,0.0000,1.048091,0.000000
6,640,0,,,,,,0.0000,1.026976,0.000000
6,641,1,0.856408,0.001480,0.371322,0.000000,1.000000,1.0000,1.027625,0.208276
6,642,4,0.143200,0.018225,0.756714,0.349986,0.521971,13.0000,0.760679,0.676979
6,643,8,0.085487,0.063258,0.822554,0.108095,0.295080,15.0000,0.783969,0.794497
6,644,10,0.066711,0.044907,0.845959,0.117966,0.489961,20.0000,0.883576,0.829773
6,645,10,0.064773,0.041035,0.852816,0.104507,0.478806,11.0000,0.928452,0.835984
6,646,11,0.064772,0.043303,0.852885,0.090031,0.515536,8.0000,0.934321,0.836119
6,647,11,0.064903,0.042605,0.864999,0.087450,0.469491,7.0000,0.887494,0.846099
6,648,11,0.064190,0.041351,0.867564,0.086655,0.447943,10.0000,0.901141,0.851082
6,649,12,0.064067,0.039742,0.867911,0.096378,0.537054,12.0000,0.900083,0.851756
6,650,2,0.318297,0.021804,0.676825,0.000000,0.131554,3.0000,1.159428,0.487015
6,651,5,0.169355,0.041867,0.825761,0.091409,0.563321,10.0000,0.946964,0.728076
6,652,7,0.069874,0.054534,0.859430,0.062399,0.294959,11.0000,0.813826,0.795012
6,653,9,0.059313,0.042816,0.875878,0.080688,0.487371,15.0000,0.866725,0.827711
6,654,9,0.053406,0.027427,0.890145,0.062415,0.475584,8.0000,0.955387,0.856074
6,655,9,0.053406,0.027427,0.890145,0.062415,0.475584,8.0000,0.999807,0.856074
6,656,11,0.049902,0.033133,0.895552,0.066980,0.476195,7.0000,0.877479,0.866822
6,657,14,0.046539,0.030867,0.898973,0.064100,0.682446,14.0000,0.854220,0.873622
6,658,14,0.046539,0.030867,0.898973,0.064100,0.682446,6.0000,0.927648,0.873622
6,659,15,0.044451,0.032065,0.899294,0.057448,0.694748,13.0000,0.938725,0.874262
6,660,3,0.264261,0.029136,0.743337,0.751820,0.776633,3.0000,1.102951,0.587359
6,661,5,0.261709,0.025787,0.785114,0.073167,1.050414,8.0000,0.959501,0.612235
6,662,9,0.164401,0.025081,0.831596,0.130856,1.040664,10.0000,0.777424,0.696995
6,663,10,0.151121,0.036867,0.848202,0.064686,0.994624,9.0000,0.829668,0.730805
6,664,13,0.112281,0.041024,0.869417,0.101442,0.963183,9.0000,0.970604,0.773998
6,665,14,0.111572,0.041756,0.870626,0.096710,1.011386,5.0000,0.992075,0.776462
6,666,15,0.062032,0.045959,0.889434,0.064805,0.914009,6.0000,0.896959,0.814753
6,667,14,0.060035,0.040757,0.892665,0.067000,0.908194,16.0000,0.818624,0.821332
6,668,15,0.057060,0.042214,0.895170,0.062534,0.862721,10.0000,0.923977,0.826432
6,669,15,0.056846,0.043319,0.897707,0.100299,0.872136,18.0000,0.918793,0.831598
6,670,2,0.362181,0.019625,0.672386,0.000000,0.019885,8.0000,1.088585,0.345047
6,671,3,0.265391,0.083725,0.729752,0.681745,0.563186,9.0000,0.928420,0.462589
6,672,5,0.162258,0.054673,0.851941,0.093418,0.560148,14.0000,0.767464,0.712954
6,673,5,0.162258,0.054673,0.851941,0.093418,0.560148,11.0000,0.835729,0.712954
6,674,7,0.150392,0.035688,0.873352,0.162414,0.852503,10.0000,0.986450,0.756824
6,675,8,0.150088,0.034469,0.873742,0.154250,0.942764,11.0000,0.930526,0.757625
6,676,11,0.073186,0.039896,0.898433,0.136318,0.860909,9.0000,0.881937,0.808217
6,677,14,0.068373,0.036009,0.903529,0.111116,0.941953,15.0000,0.866919,0.818658
6,678,15,0.055916,0.042192,0.904899,0.083116,0.872047,9.0000,0.952333,0.821465
6,679,15,0.055916,0.042192,0.904899,0.083116,0.872047,7.0000,0.980824,0.821465
6,680,1,0.830426,0.004581,0.385465,0.000000,1.000000,3.0000,1.146665,0.198540
6,681,3,0.184244,0.063252,0.727704,0.161800,0.309112,6.0000,0.894099,0.545968
6,682,6,0.152235,0.077687,0.759475,0.207843,0.535944,10.0000,0.847929,0.611735
6,683,6,0.139884,0.086394,0.832520,0.153068,0.616132,13.0000,0.897738,0.720623
6,684,7,0.106054,0.084316,0.844533,0.116419,0.446525,8.0000,1.015756,0.745492
6,685,11,0.084929,0.079184,0.901459,0.032810,0.434565,16.0000,1.021537,0.792492
6,686,10,0.069359,0.065055,0.923759,0.015511,0.493912,14.0000,0.912584,0.838653
6,687,10,0.067774,0.061955,0.927728,0.025165,0.467785,15.0000,0.806831,0.846871
6,688,9,0.065933,0.054734,0.931704,0.069036,0.426173,5.0000,0.917282,0.855100
6,689,9,0.065933,0.054734,0.931704,0.069036,0.426173,8.0000,0.979435,0.855100
6,690,1,0.823773,0.000094,0.399627,0.000000,1.000000,5.0000,1.181284,0.209596
6,691,5,0.238267,0.153341,0.695578,0.534066,0.943793,8.0000,0.968690,0.435828
6,692,9,0.144272,0.118072,0.798803,0.133470,0.545812,9.0000,0.826089,0.653118
6,693,10,0.074862,0.070161,0.892131,0.051695,0.341014,16.0000,0.873863,0.770638
6,694,11,0.075062,0.072261,0.901469,0.070394,0.370299,10.0000,0.932530,0.777168
6,695,13,0.072398,0.072587,0.905433,0.053228,0.469632,11.0000,0.894122,0.785517
6,696,12,0.068302,0.060033,0.920595,0.061343,0.535338,12.0000,0.899171,0.816060
6,697,11,0.059673,0.051491,0.935302,0.070585,0.475214,9.0000,0.934642,0.847036
6,698,12,0.059673,0.057560,0.939007,0.067300,0.439531,7.0000,0.960394,0.854839
6,699,12,0.058304,0.049501,0.945360,0.074108,0.533552,8.0000,0.944449,0.868220
6,700,2,0.292651,0.167115,0.522886,0.000000,0.254834,2.0000,1.118654,0.177554
6,701,4,0.273208,0.039483,0.740788,0.020552,1.010309,7.0000,0.987590,0.434871
6,702,7,0.121434,0.060317,0.857311,0.050880,0.644603,7.0000,0.836708,0.678912
6,703,10,0.108145,0.058299,0.924472,0.060540,0.617377,11.0000,0.900106,0.819573
6,704,10,0.108145,0.058299,0.924472,0.060540,0.617377,10.0000,1.026084,0.819573
6,705,12,0.102917,0.051126,0.930982,0.056311,0.738845,11.0000,1.010795,0.833205
6,706,14,0.077650,0.053954,0.939653,0.056917,0.736400,16.0000,0.829367,0.851366
6,707,14,0.077650,0.053954,0.939653,0.056917,0.736400,12.0000,0.862562,0.851366
6,708,14,0.077650,0.053954,0.939653,0.056917,0.736400,10.0000,0.988251,0.851366
6,709,15,0.077105,0.054771,0.942386,0.030309,0.637022,14.0000,0.962081,0.857090
6,710,4,0.293503,0.021345,0.759820,0.021101,1.073054,9.0000,1.095780,0.477427
6,711,7,0.102495,0.049682,0.854069,0.058478,0.653188,10.0000,0.930601,0.675940
6,712,9,0.086257,0.068354,0.865874,0.103418,0.578529,14.0000,0.845554,0.700804
6,713,12,0.067228,0.074689,0.887362,0.059714,0.444591,15.0000,0.903453,0.746061
6,714,14,0.067963,0.075603,0.896478,0.039584,0.502769,8.0000,0.942125,0.765262
6,715,15,0.067963,0.079318,0.899576,0.031110,0.404832,7.0000,0.954245,0.771788
6,716,14,0.056029,0.053521,0.937047,0.043109,0.700097,20.0000,0.944228,0.850711
6,717,17,0.055879,0.051639,0.939383,0.036834,0.733843,14.0000,0.921848,0.855630
6,718,18,0.055698,0.050215,0.939999,0.032435,0.768229,11.0000,0.877374,0.856928
6,719,17,0.055785,0.051569,0.940214,0.035768,0.731723,13.0000,0.892625,0.857381
6,720,1,0.843077,0.028841,0.354149,0.000000,1.000000,1.0000,1.102483,0.145678
6,721,4,0.214850,0.101762,0.727009,0.494656,0.657764,7.0000,0.926369,0.456926
6,722,7,0.155221,0.104245,0.797621,0.128035,0.716336,9.0000,0.841213,0.603095
6,723,8,0.139143,0.063832,0.847029,0.101711,0.742472,13.0000,0.893745,0.682220
6,724,11,0.118523,0.075407,0.861323,0.081477,0.531808,11.0000,0.968291,0.711810
6,725,12,0.117623,0.066879,0.876042,0.070068,0.570174,7.0000,1.002747,0.742278
6,726,12,0.116628,0.065838,0.883435,0.065989,0.555065,11.0000,0.903518,0.755182
6,727,11,0.061018,0.055486,0.926131,0.074128,0.454588,11.0000,0.833034,0.843565
6,728,12,0.060632,0.053319,0.926478,0.079057,0.537324,8.0000,0.896409,0.844283
6,729,12,0.060632,0.053319,0.926478,0.079057,0.537324,9.0000,0.964020,0.844283
6,730,2,0.344341,0.076822,0.590549,0.000000,0.092618,4.0000,1.150176,0.226987
6,731,5,0.219527,0.081795,0.759162,0.098108,0.870761,10.0000,0.977634,0.572474
6,732,7,0.144463,0.057131,0.830811,0.160821,0.775491,12.0000,0.783656,0.697805
6,733,9,0.079974,0.067296,0.869200,0.126482,0.634794,12.0000,0.846557,0.776464
6,734,10,0.075999,0.059090,0.891751,0.122207,0.685085,12.0000,0.945105,0.822670
6,735,12,0.075790,0.061255,0.902628,0.086533,0.655447,9.0000,0.993514,0.844958
6,736,12,0.074744,0.060619,0.904435,0.080267,0.652978,11.0000,0.972234,0.848661
6,737,12,0.068985,0.056429,0.920529,0.068467,0.626914,12.0000,0.882034,0.867033
6,738,14,0.064045,0.051706,0.929646,0.044707,0.679508,12.0000,0.894800,0.880439
6,739,15,0.063539,0.049110,0.935935,0.045583,0.726594,13.0000,0.906963,0.885058
6,740,3,0.358420,0.221816,0.536072,0.038481,0.384439,5.0000,1.144103,0.406393
6,741,6,0.136051,0.113316,0.776874,0.224225,0.476405,13.0000,0.976176,0.649221
6,742,5,0.115512,0.066012,0.839135,0.179766,0.264205,8.0000,0.806962,0.719299
6,743,6,0.080713,0.035483,0.895155,0.112629,0.295988,9.0000,0.816069,0.833357
6,744,8,0.075765,0.050872,0.899359,0.074283,0.403723,8.0000,0.968582,0.841916
6,745,9,0.074714,0.030284,0.919796,0.146827,0.594052,10.0000,1.021610,0.876572
6,746,10,0.074555,0.027934,0.920564,0.152471,0.707386,6.0000,0.869313,0.878136
6,747,12,0.066605,0.027868,0.928279,0.123461,0.760443,11.0000,0.842597,0.893844
6,748,13,0.053669,0.034213,0.932537,0.038997,0.717914,7.0000,0.968716,0.902512
6,749,13,0.053669,0.034213,0.932537,0.038997,0.717914,7.0000,1.016864,0.902512
6,750,1,0.852270,0.012739,0.342426,0.000000,1.000000,1.0000,1.143974,0.183580
6,751,4,0.183592,0.091024,0.684499,0.395619,0.533616,3.0000,0.897032,0.511475
6,752,7,0.135853,0.088310,0.769912,0.101389,0.711507,16.0000,0.754085,0.681278
6,753,11,0.086873,0.070399,0.828991,0.107759,0.672360,15.0000,0.907745,0.785882
6,754,12,0.078047,0.057962,0.856288,0.089175,0.779726,7.0000,0.961665,0.840150
6,755,12,0.078047,0.057962,0.856288,0.089175,0.779726,7.0000,0.925097,0.840150
6,756,9,0.077307,0.029070,0.871836,0.160689,0.776122,11.0000,0.862421,0.871060
6,757,11,0.073861,0.032152,0.908421,0.147075,0.738336,12.0000,0.849712,0.892406
6,758,12,0.066266,0.025862,0.917046,0.102232,0.666246,6.0000,0.902598,0.909554
6,759,14,0.053967,0.033415,0.918376,0.100819,0.707102,10.0000,0.953601,0.912198
6,760,1,0.789768,0.097917,0.264575,0.000000,1.000000,1.0000,1.115855,0.118726
6,761,6,0.166620,0.109127,0.649829,0.123706,0.751321,9.0000,0.899813,0.555907
6,762,7,0.152024,0.087228,0.696883,0.086055,0.822992,5.0000,0.781383,0.634446
6,763,10,0.090390,0.061822,0.792386,0.095060,0.624044,13.0000,0.867864,0.755787
6,764,10,0.082923,0.061654,0.817850,0.069100,0.653282,10.0000,0.975300,0.791649
6,765,12,0.072548,0.059076,0.836838,0.068758,0.727991,11.0000,0.921731,0.815791
6,766,14,0.069359,0.057270,0.849106,0.041002,0.681956,11.0000,0.867337,0.825409
6,767,15,0.069291,0.055631,0.849463,0.047472,0.733733,9.0000,0.896663,0.826101
6,768,16,0.065707,0.058962,0.851161,0.048633,0.671514,10.0000,0.926572,0.829400
6,769,16,0.064774,0.057984,0.852615,0.047918,0.663471,7.0000,0.960078,0.832225
6,770,1,0.731811,0.028987,0.374710,0.000000,1.000000,2.0000,1.128387,0.323865
6,771,2,0.326546,0.126804,0.483839,0.000000,0.447112,1.0000,0.980278,0.408758
6,772,8,0.128249,0.079080,0.727843,0.138622,0.723676,11.0000,0.794412,0.696154
6,773,11,0.087097,0.081556,0.748070,0.101652,0.745386,9.0000,0.881020,0.735129
6,774,11,0.077700,0.054682,0.790368,0.122484,0.750718,8.0000,0.977452,0.767275
6,775,11,0.077700,0.054682,0.790368,0.122484,0.750718,2.0000,0.978370,0.767275
6,776,12,0.075458,0.057885,0.797283,0.097906,0.765326,7.0000,0.875289,0.780601
6,777,13,0.075274,0.056083,0.798313,0.096624,0.833172,8.0000,0.854310,0.782584
6,778,14,0.073727,0.057687,0.805229,0.061707,0.835130,9.0000,0.884765,0.795910
6,779,15,0.067249,0.060615,0.820546,0.062918,0.727911,9.0000,0.959326,0.825423
6,780,2,0.363125,0.186383,0.342812,0.000000,0.353762,2.0000,1.146339,0.164081
6,781,4,0.236023,0.073021,0.559468,0.593993,0.766788,4.0000,1.000133,0.438745
6,782,11,0.095123,0.067840,0.745496,0.108675,0.702643,12.0000,0.775970,0.746285
6,783,11,0.120727,0.044694,0.785673,0.042408,0.722854,11.0000,0.806691,0.823630
6,784,14,0.054881,0.042651,0.807284,0.067268,0.533803,10.0000,0.943433,0.865233
6,785,15,0.053922,0.041452,0.808499,0.066961,0.578301,9.0000,1.021240,0.867570
6,786,15,0.053922,0.041452,0.808499,0.066961,0.578301,7.0000,0.869817,0.867570
6,787,15,0.048675,0.038369,0.820697,0.049005,0.567210,8.0000,0.830328,0.891053
6,788,17,0.031153,0.032687,0.834719,0.031975,0.533152,11.0000,0.889306,0.918047
6,789,19,0.028895,0.032097,0.838277,0.036374,0.597342,12.0000,0.997860,0.923819
6,790,2,0.347621,0.085823,0.436603,0.000000,0.557488,3.0000,1.132406,0.398774
6,791,6,0.138867,0.071112,0.629182,0.219269,0.762739,8.0000,0.901617,0.662006
6,792,11,0.114671,0.084986,0.689342,0.064591,0.607317,16.0000,0.785060,0.741825
6,793,14,0.071322,0.063445,0.734893,0.086914,0.638861,13.0000,0.857173,0.797744
6,794,14,0.071322,0.063445,0.734893,0.086914,0.638861,5.0000,0.972624,0.797744
6,795,14,0.071322,0.063445,0.734893,0.086914,0.638861,4.0000,0.907425,0.797744
6,796,13,0.069780,0.061110,0.737488,0.090664,0.583032,9.0000,0.865833,0.802859
6,797,13,0.069357,0.059646,0.738354,0.089935,0.588905,6.0000,0.852114,0.804564
6,798,13,0.069357,0.059646,0.738354,0.089935,0.588905,5.0000,0.930955,0.804564
6,799,13,0.069357,0.059646,0.738354,0.089935,0.588905,4.0000,0.932994,0.804564
6,800,0,,,,,,0.0000,1.078519,0.000000
6,801,0,,,,,,0.0000,1.113896,0.000000
6,802,0,,,,,,0.0000,1.077221,0.000000
6,803,0,,,,,,0.0000,1.059968,0.000000
6,804,0,,,,,,0.0000,1.033061,0.000000
6,805,0,,,,,,0.0000,1.072369,0.000000
6,806,0,,,,,,0.0000,1.104135,0.000000
6,807,0,,,,,,0.0000,1.063390,0.000000
6,808,0,,,,,,0.0000,1.064183,0.000000
6,809,0,,,,,,0.0000,1.045254,0.000000
6,810,0,,,,,,0.0000,1.064331,0.000000
6,811,0,,,,,,0.0000,1.067608,0.000000
6,812,0,,,,,,0.0000,1.067575,0.000000
6,813,0,,,,,,0.0000,1.056603,0.000000
6,814,0,,,,,,0.0000,1.077722,0.000000
6,815,0,,,,,,0.0000,1.083383,0.000000
6,816,0,,,,,,0.0000,1.048848,0.000000
6,817,0,,,,,,0.0000,1.043515,0.000000
6,818,0,,,,,,0.0000,1.055685,0.000000
6,819,0,,,,,,0.0000,1.063954,0.000000
6,820,0,,,,,,0.0000,1.058356,0.000000
6,821,0,,,,,,0.0000,1.042494,0.000000
6,822,0,,,,,,0.0000,1.041845,0.000000
6,823,0,,,,,,0.0000,1.062268,0.000000
6,824,0,,,,,,0.0000,1.058449,0.000000
6,825,0,,,,,,0.0000,1.043349,0.000000
6,826,0,,,,,,0.0000,1.065710,0.000000
6,827,0,,,,,,0.0000,1.043674,0.000000
6,828,0,,,,,,0.0000,1.024349,0.000000
6,829,0,,,,,,0.0000,1.049054,0.000000
6,830,0,,,,,,0.0000,1.056189,0.000000
6,831,0,,,,,,0.0000,1.063623,0.000000
6,832,0,,,,,,0.0000,1.062984,0.000000
6,833,0,,,,,,0.0000,1.063688,0.000000
6,834,0,,,,,,0.0000,1.054434,0.000000
6,835,0,,,,,,0.0000,1.057470,0.000000
6,836,0,,,,,,0.0000,1.062264,0.000000
6,837,0,,,,,,0.0000,1.038782,0.000000
6,838,0,,,,,,0.0000,1.050111,0.000000
6,839,0,,,,,,0.0000,1.086567,0.000000
6,840,0,,,,,,0.0000,1.081142,0.000000
6,841,0,,,,,,0.0000,1.039768,0.000000
6,842,0,,,,,,0.0000,1.018226,0.000000
6,843,0,,,,,,0.0000,1.078501,0.000000
6,844,0,,,,,,0.0000,1.085155,0.000000
6,845,0,,,,,,0.0000,1.057973,0.000000
6,846,0,,,,,,0.0000,1.033332,0.000000
6,847,0,,,,,,0.0000,1.036097,0.000000
6,848,0,,,,,,0.0000,1.060961,0.000000
6,849,0,,,,,,0.0000,1.041151,0.000000
6,850,0,,,,,,0.0000,1.047301,0.000000
6,851,0,,,,,,0.0000,1.054332,0.000000
6,852,0,,,,,,0.0000,1.057449,0.000000
6,853,0,,,,,,0.0000,1.015037,0.000000
6,854,0,,,,,,0.0000,0.997335,0.000000
6,855,0,,,,,,0.0000,1.048288,0.000000
6,856,0,,,,,,0.0000,1.073150,0.000000
6,857,0,,,,,,0.0000,1.031650,0.000000
6,858,0,,,,,,0.0000,1.033644,0.000000
6,859,0,,,,,,0.0000,1.085921,0.000000
6,860,0,,,,,,0.0000,1.060984,0.000000
6,861,0,,,,,,0.0000,1.071858,0.000000
6,862,0,,,,,,0.0000,1.037011,0.000000
6,863,0,,,,,,0.0000,1.079995,0.000000
6,864,0,,,,,,0.0000,1.112765,0.000000
6,865,0,,,,,,0.0000,1.063603,0.000000
6,866,0,,,,,,0.0000,0.998235,0.000000
6,867,0,,,,,,0.0000,1.065546,0.000000
6,868,0,,,,,,0.0000,1.108470,0.000000
6,869,0,,,,,,0.0000,1.072100,0.000000
6,870,0,,,,,,0.0000,1.042145,0.000000
6,871,0,,,,,,0.0000,1.071042,0.000000
6,872,0,,,,,,0.0000,1.065219,0.000000
6,873,0,,,,,,0.0000,1.058499,0.000000
6,874,0,,,,,,0.0000,1.015000,0.000000
6,875,0,,,,,,0.0000,1.036031,0.000000
6,876,0,,,,,,0.0000,1.074074,0.000000
6,877,0,,,,,,0.0000,1.085299,0.000000
6,878,0,,,,,,0.0000,1.047726,0.000000
6,879,0,,,,,,0.0000,1.026414,0.000000
6,880,0,,,,,,0.0000,1.077676,0.000000
6,881,0,,,,,,0.0000,1.080592,0.000000
6,882,0,,,,,,0.0000,1.017322,0.000000
6,883,0,,,,,,0.0000,1.033497,0.000000
6,884,0,,,,,,0.0000,1.071319,0.000000
6,885,0,,,,,,0.0000,1.068130,0.000000
6,886,0,,,,,,0.0000,1.076149,0.000000
6,887,0,,,,,,0.0000,1.042739,0.000000
6,888,0,,,,,,0.0000,1.042416,0.000000
6,889,0,,,,,,0.0000,1.076818,0.000000
6,890,0,,,,,,0.0000,1.073523,0.000000
6,891,0,,,,,,0.0000,1.030181,0.000000
6,892,0,,,,,,0.0000,1.028402,0.000000
6,893,0,,,,,,0.0000,1.040764,0.000000
6,894,0,,,,,,0.0000,1.067298,0.000000
6,895,0,,,,,,0.0000,1.048400,0.000000
6,896,0,,,,,,0.0000,1.010708,0.000000
6,897,0,,,,,,0.0000,1.062664,0.000000
6,898,0,,,,,,0.0000,1.084421,0.000000
6,899,0,,,,,,0.0000,1.027237,0.000000
6,900,0,,,,,,0.0000,1.030948,0.000000
6,901,0,,,,,,0.0000,1.062897,0.000000
6,902,0,,,,,,0.0000,1.084625,0.000000
6,903,0,,,,,,0.0000,1.060793,0.000000
6,904,0,,,,,,0.0000,1.054009,0.000000
6,905,0,,,,,,0.0000,1.027119,0.000000
6,906,0,,,,,,0.0000,1.085646,0.000000
6,907,0,,,,,,0.0000,1.098273,0.000000
6,908,0,,,,,,0.0000,1.035635,0.000000
6,909,0,,,,,,0.0000,1.053587,0.000000
6,910,0,,,,,,0.0000,1.040849,0.000000
6,911,0,,,,,,0.0000,1.058784,0.000000
6,912,0,,,,,,0.0000,1.068938,0.000000
6,913,0,,,,,,0.0000,1.024195,0.000000
6,914,0,,,,,,0.0000,1.032963,0.000000
6,915,0,,,,,,0.0000,1.043672,0.000000
6,916,0,,,,,,0.0000,1.052495,0.000000
6,917,0,,,,,,0.0000,1.068887,0.000000
6,918,0,,,,,,0.0000,1.073665,0.000000
6,919,0,,,,,,0.0000,1.058502,0.000000
6,920,0,,,,,,0.0000,1.042017,0.000000
6,921,0,,,,,,0.0000,1.026038,0.000000
6,922,0,,,,,,0.0000,1.047017,0.000000
6,923,0,,,,,,0.0000,1.065808,0.000000
6,924,0,,,,,,0.0000,1.062416,0.000000
6,925,0,,,,,,0.0000,1.048833,0.000000
6,926,0,,,,,,0.0000,1.045062,0.000000
6,927,0,,,,,,0.0000,1.069166,0.000000
6,928,0,,,,,,0.0000,1.077223,0.000000
6,929,0,,,,,,0.0000,1.064764,0.000000
6,930,0,,,,,,0.0000,1.032303,0.000000
6,931,0,,,,,,0.0000,1.045926,0.000000
6,932,0,,,,,,0.0000,1.060163,0.000000
6,933,0,,,,,,0.0000,1.063002,0.000000
6,934,0,,,,,,0.0000,1.042685,0.000000
6,935,0,,,,,,0.0000,1.046664,0.000000
6,936,0,,,,,,0.0000,1.033006,0.000000
6,937,0,,,,,,0.0000,1.038390,0.000000
6,938,0,,,,,,0.0000,1.037715,0.000000
6,939,0,,,,,,0.0000,1.061421,0.000000
6,940,0,,,,,,0.0000,1.093827,0.000000
6,941,0,,,,,,0.0000,1.091683,0.000000
6,942,0,,,,,,0.0000,1.018168,0.000000
6,943,0,,,,,,0.0000,1.028539,0.000000
6,944,0,,,,,,0.0000,1.079807,0.000000
6,945,0,,,,,,0.0000,1.080510,0.000000
6,946,0,,,,,,0.0000,1.072290,0.000000
6,947,0,,,,,,0.0000,1.050833,0.000000
6,948,0,,,,,,0.0000,1.027124,0.000000
6,949,0,,,,,,0.0000,1.048930,0.000000
6,950,0,,,,,,0.0000,1.083864,0.000000
6,951,0,,,,,,0.0000,1.067272,0.000000
6,952,0,,,,,,0.0000,1.046315,0.000000
6,953,0,,,,,,0.0000,1.061518,0.000000
6,954,0,,,,,,0.0000,1.083820,0.000000
6,955,0,,,,,,0.0000,1.052571,0.000000
6,956,0,,,,,,0.0000,1.046524,0.000000
6,957,0,,,,,,0.0000,1.073308,0.000000
6,958,0,,,,,,0.0000,1.067560,0.000000
6,959,0,,,,,,0.0000,1.036316,0.000000
6,960,0,,,,,,0.0000,1.048313,0.000000
6,961,0,,,,,,0.0000,1.067163,0.000000
6,962,0,,,,,,0.0000,1.049259,0.000000
6,963,0,,,,,,0.0000,1.034956,0.000000
6,964,0,,,,,,0.0000,1.052032,0.000000
6,965,0,,,,,,0.0000,1.073207,0.000000
6,966,0,,,,,,0.0000,1.051615,0.000000
6,967,0,,,,,,0.0000,1.069047,0.000000
6,968,0,,,,,,0.0000,1.045041,0.000000
6,969,0,,,,,,0.0000,1.046052,0.000000
6,970,0,,,,,,0.0000,1.046686,0.000000
6,971,0,,,,,,0.0000,1.052786,0.000000
6,972,0,,,,,,0.0000,1.079717,0.000000
6,973,0,,,,,,0.0000,1.062872,0.000000
6,974,0,,,,,,0.0000,1.026910,0.000000
6,975,0,,,,,,0.0000,1.024758,0.000000
6,976,0,,,,,,0.0000,1.075870,0.000000
6,977,0,,,,,,0.0000,1.055643,0.000000
6,978,0,,,,,,0.0000,1.050798,0.000000
6,979,0,,,,,,0.0000,1.047062,0.000000
6,980,0,,,,,,0.0000,1.049491,0.000000
6,981,0,,,,,,0.0000,1.080149,0.000000
6,982,0,,,,,,0.0000,1.061502,0.000000
6,983,0,,,,,,0.0000,1.065690,0.000000
6,984,0,,,,,,0.0000,1.053987,0.000000
6,985,0,,,,,,0.0000,1.040238,0.000000
6,986,0,,,,,,0.0000,1.053374,0.000000
6,987,0,,,,,,0.0000,1.042865,0.000000
6,988,0,,,,,,0.0000,1.076857,0.000000
6,989,0,,,,,,0.0000,1.072341,0.000000
6,990,0,,,,,,0.0000,1.036470,0.000000
6,991,0,,,,,,0.0000,1.034630,0.000000
6,992,0,,,,,,0.0000,1.046615,0.000000
6,993,0,,,,,,0.0000,1.066852,0.000000
6,994,0,,,,,,0.0000,1.063151,0.000000
6,995,0,,,,,,0.0000,1.021302,0.000000
6,996,0,,,,,,0.0000,1.042321,0.000000
6,997,0,,,,,,0.0000,1.061104,0.000000
6,998,0,,,,,,0.0000,1.071395,0.000000
6,999,0,,,,,,0.0000,1.058270,0.000000
6,1000,0,,,,,,0.0000,1.036237,0.000000
7,1,5,0.273636,0.174064,0.596015,0.132567,0.564270,13.0000,0.858344,0.449753
7,2,7,0.194773,0.097743,0.799748,0.109166,0.751224,9.0000,1.010714,0.663867
7,3,8,0.191453,0.091937,0.799815,0.067052,0.711541,3.0000,1.077623,0.664000
7,4,8,0.191453,0.091937,0.799815,0.067052,0.711541,2.0000,1.054966,0.664000
7,5,9,0.110386,0.069228,0.892176,0.105813,0.684515,8.0000,0.990060,0.728161
7,6,10,0.109812,0.065950,0.894425,0.107156,0.754380,4.0000,0.995336,0.732576
7,7,9,0.085726,0.049197,0.915912,0.112197,0.674785,2.0000,1.042158,0.774737
7,8,10,0.078583,0.064973,0.923868,0.065810,0.598686,6.0000,1.094865,0.790349
7,9,11,0.070986,0.053982,0.971408,0.068452,0.626146,7.0000,1.061435,0.853502
7,10,4,0.384651,0.088202,0.502304,0.024589,0.679263,5.0000,1.038968,0.415003
7,11,6,0.163634,0.082766,0.757045,0.282274,0.690891,3.0000,0.998919,0.589395
7,12,9,0.102105,0.068061,0.867750,0.105581,0.629391,12.0000,0.942505,0.747754
7,13,9,0.102105,0.068061,0.867750,0.105581,0.629391,6.0000,0.906180,0.747754
7,14,10,0.098137,0.065489,0.867957,0.093335,0.598481,7.0000,0.914967,0.748176
7,15,11,0.094427,0.061330,0.873037,0.094337,0.694495,5.0000,0.921433,0.758210
7,16,11,0.092040,0.057270,0.889655,0.101440,0.645527,7.0000,0.928486,0.779646
7,17,12,0.044539,0.036339,0.926632,0.061523,0.593340,7.0000,0.924975,0.854840
7,18,12,0.044539,0.036339,0.926632,0.061523,0.593340,4.0000,0.908852,0.854840
7,19,12,0.043688,0.030276,0.928216,0.070760,0.677177,10.0000,0.907244,0.858060
7,20,0,,,,,,0.0000,1.114203,0.000000
7,21,0,,,,,,0.0000,1.157127,0.000000
7,22,0,,,,,,0.0000,1.106353,0.000000
7,23,0,,,,,,0.0000,1.056565,0.000000
7,24,0,,,,,,0.0000,1.083895,0.000000
7,25,0,,,,,,0.0000,1.128597,0.000000
7,26,0,,,,,,0.0000,1.075938,0.000000
7,27,0,,,,,,0.0000,1.030235,0.000000
7,28,0,,,,,,0.0000,1.035842,0.000000
7,29,0,,,,,,0.0000,1.056915,0.000000
7,30,0,,,,,,0.0000,1.055857,0.000000
7,31,0,,,,,,0.0000,1.071388,0.000000
7,32,0,,,,,,0.0000,1.067841,0.000000
7,33,0,,,,,,0.0000,1.035688,0.000000
7,34,0,,,,,,0.0000,1.031174,0.000000
7,35,0,,,,,,0.0000,1.050781,0.000000
7,36,0,,,,,,0.0000,1.065341,0.000000
7,37,0,,,,,,0.0000,1.065924,0.000000
7,38,0,,,,,,0.0000,1.042894,0.000000
7,39,0,,,,,,0.0000,1.040564,0.000000
7,40,0,,,,,,0.0000,1.080557,0.000000
7,41,0,,,,,,0.0000,1.087435,0.000000
7,42,0,,,,,,0.0000,1.072149,0.000000
7,43,0,,,,,,0.0000,1.059452,0.000000
7,44,0,,,,,,0.0000,1.049388,0.000000
7,45,0,,,,,,0.0000,1.109571,0.000000
7,46,0,,,,,,0.0000,1.035810,0.000000
7,47,0,,,,,,0.0000,1.062507,0.000000
7,48,0,,,,,,0.0000,1.071983,0.000000
7,49,0,,,,,,0.0000,1.117759,0.000000
7,50,0,,,,,,0.0000,1.092402,0.000000
7,51,0,,,,,,0.0000,1.030491,0.000000
7,52,0,,,,,,0.0000,1.016809,0.000000
7,53,0,,,,,,0.0000,1.061591,0.000000
7,54,0,,,,,,0.0000,1.080463,0.000000
7,55,0,,,,,,0.0000,1.038587,0.000000
7,56,0,,,,,,0.0000,1.036013,0.000000
7,57,0,,,,,,0.0000,1.078337,0.000000
7,58,0,,,,,,0.0000,1.068340,0.000000
7,59,0,,,,,,0.0000,1.039417,0.000000
7,60,0,,,,,,0.0000,1.085642,0.000000
7,61,0,,,,,,0.0000,1.110431,0.000000
7,62,0,,,,,,0.0000,1.035679,0.000000
7,63,0,,,,,,0.0000,1.041799,0.000000
7,64,0,,,,,,0.0000,1.123546,0.000000
7,65,0,,,,,,0.0000,1.138064,0.000000
7,66,0,,,,,,0.0000,1.048478,0.000000
7,67,0,,,,,,0.0000,1.036552,0.000000
7,68,0,,,,,,0.0000,1.072870,0.000000
7,69,0,,,,,,0.0000,1.098460,0.000000
7,70,0,,,,,,0.0000,1.094247,0.000000
7,71,0,,,,,,0.0000,1.022248,0.000000
7,72,0,,,,,,0.0000,1.025083,0.000000
7,73,0,,,,,,0.0000,1.079219,0.000000
7,74,0,,,,,,0.0000,1.137480,0.000000
7,75,0,,,,,,0.0000,1.050440,0.000000
7,76,0,,,,,,0.0000,1.061104,0.000000
7,77,0,,,,,,0.0000,1.050191,0.000000
7,78,0,,,,,,0.0000,1.091519,0.000000
7,79,0,,,,,,0.0000,1.094440,0.000000
7,80,0,,,,,,0.0000,1.061346,0.000000
7,81,0,,,,,,0.0000,1.080918,0.000000
7,82,0,,,,,,0.0000,1.038553,0.000000
7,83,0,,,,,,0.0000,1.077082,0.000000
7,84,0,,,,,,0.0000,1.148605,0.000000
7,85,0,,,,,,0.0000,1.080914,0.000000
7,86,0,,,,,,0.0000,1.026668,0.000000
7,87,0,,,,,,0.0000,1.039287,0.000000
7,88,0,,,,,,0.0000,1.102950,0.000000
7,89,0,,,,,,0.0000,1.052436,0.000000
7,90,0,,,,,,0.0000,1.027716,0.000000
7,91,0,,,,,,0.0000,1.064656,0.000000
7,92,0,,,,,,0.0000,1.075926,0.000000
7,93,0,,,,,,0.0000,1.105260,0.000000
7,94,0,,,,,,0.0000,1.051778,0.000000
7,95,0,,,,,,0.0000,1.038346,0.000000
7,96,0,,,,,,0.0000,1.058213,0.000000
7,97,0,,,,,,0.0000,1.053146,0.000000
7,98,0,,,,,,0.0000,1.059098,0.000000
7,99,0,,,,,,0.0000,1.035452,0.000000
7,100,0,,,,,,0.0000,1.014325,0.000000
7,101,0,,,,,,0.0000,1.077609,0.000000
7,102,0,,,,,,0.0000,1.117223,0.000000
7,103,0,,,,,,0.0000,1.075681,0.000000
7,104,0,,,,,,0.0000,1.055650,0.000000
7,105,0,,,,,,0.0000,1.049615,0.000000
7,106,0,,,,,,0.0000,1.097504,0.000000
7,107,0,,,,,,0.0000,1.103069,0.000000
7,108,0,,,,,,0.0000,1.090638,0.000000
7,109,0,,,,,,0.0000,1.079815,0.000000
7,110,0,,,,,,0.0000,1.038087,0.000000
7,111,0,,,,,,0.0000,1.053810,0.000000
7,112,0,,,,,,0.0000,1.046503,0.000000
7,113,0,,,,,,0.0000,1.074225,0.000000
7,114,0,,,,,,0.0000,1.093375,0.000000
7,115,0,,,,,,0.0000,1.076585,0.000000
7,116,0,,,,,,0.0000,1.066175,0.000000
7,117,0,,,,,,0.0000,1.075246,0.000000
7,118,0,,,,,,0.0000,1.088993,0.000000
7,119,0,,,,,,0.0000,1.058152,0.000000
7,120,0,,,,,,0.0000,1.035922,0.000000
7,121,0,,,,,,0.0000,1.079716,0.000000
7,122,0,,,,,,0.0000,1.114597,0.000000
7,123,0,,,,,,0.0000,1.044977,0.000000
7,124,0,,,,,,0.0000,1.029803,0.000000
7,125,0,,,,,,0.0000,1.096507,0.000000
7,126,0,,,,,,0.0000,1.030413,0.000000
7,127,0,,,,,,0.0000,1.013993,0.000000
7,128,0,,,,,,0.0000,1.074461,0.000000
7,129,0,,,,,,0.0000,1.046749,0.000000
7,130,0,,,,,,0.0000,1.091357,0.000000
7,131,0,,,,,,0.0000,1.075828,0.000000
7,132,0,,,,,,0.0000,1.076135,0.000000
7,133,0,,,,,,0.0000,1.040890,0.000000
7,134,0,,,,,,0.0000,1.081002,0.000000
7,135,0,,,,,,0.0000,1.105188,0.000000
7,136,0,,,,,,0.0000,1.056002,0.000000
7,137,0,,,,,,0.0000,1.036031,0.000000
7,138,0,,,,,,0.0000,1.045381,0.000000
7,139,0,,,,,,0.0000,1.048900,0.000000
7,140,0,,,,,,0.0000,1.083646,0.000000
7,141,0,,,,,,0.0000,1.065796,0.000000
7,142,0,,,,,,0.0000,1.049079,0.000000
7,143,0,,,,,,0.0000,1.019483,0.000000
7,144,0,,,,,,0.0000,1.020392,0.000000
7,145,0,,,,,,0.0000,1.061009,0.000000
7,146,0,,,,,,0.0000,1.107411,0.000000
7,147,0,,,,,,0.0000,1.083247,0.000000
7,148,0,,,,,,0.0000,1.044721,0.000000
7,149,0,,,,,,0.0000,1.046508,0.000000
7,150,0,,,,,,0.0000,1.123629,0.000000
7,151,0,,,,,,0.0000,1.072220,0.000000
7,152,0,,,,,,0.0000,1.029894,0.000000
7,153,0,,,,,,0.0000,1.032931,0.000000
7,154,0,,,,,,0.0000,1.033676,0.000000
7,155,0,,,,,,0.0000,1.057727,0.000000
7,156,0,,,,,,0.0000,1.089911,0.000000
7,157,0,,,,,,0.0000,1.069474,0.000000
7,158,0,,,,,,0.0000,1.036581,0.000000
7,159,0,,,,,,0.0000,1.013503,0.000000
7,160,0,,,,,,0.0000,1.092170,0.000000
7,161,0,,,,,,0.0000,1.048050,0.000000
7,162,0,,,,,,0.0000,1.054587,0.000000
7,163,0,,,,,,0.0000,1.071540,0.000000
7,164,0,,,,,,0.0000,1.061996,0.000000
7,165,0,,,,,,0.0000,1.063628,0.000000
7,166,0,,,,,,0.0000,1.044217,0.000000
7,167,0,,,,,,0.0000,1.059375,0.000000
7,168,0,,,,,,0.0000,1.043134,0.000000
7,169,0,,,,,,0.0000,1.070161,0.000000
7,170,0,,,,,,0.0000,1.052366,0.000000
7,171,0,,,,,,0.0000,1.116111,0.000000
7,172,0,,,,,,0.0000,1.118007,0.000000
7,173,0,,,,,,0.0000,0.985575,0.000000
7,174,0,,,,,,0.0000,1.008180,0.000000
7,175,0,,,,,,0.0000,1.121066,0.000000
7,176,0,,,,,,0.0000,1.122130,0.000000
7,177,0,,,,,,0.0000,1.050387,0.000000
7,178,0,,,,,,0.0000,1.007584,0.000000
7,179,0,,,,,,0.0000,1.064375,0.000000
7,180,0,,,,,,0.0000,1.092598,0.000000
7,181,0,,,,,,0.0000,1.080266,0.000000
7,182,0,,,,,,0.0000,1.031888,0.000000
7,183,0,,,,,,0.0000,1.069761,0.000000
7,184,0,,,,,,0.0000,1.078524,0.000000
7,185,0,,,,,,0.0000,1.030708,0.000000
7,186,0,,,,,,0.0000,1.024501,0.000000
7,187,0,,,,,,0.0000,1.057820,0.000000
7,188,0,,,,,,0.0000,1.078491,0.000000
7,189,0,,,,,,0.0000,1.098997,0.000000
7,190,0,,,,,,0.0000,1.037160,0.000000
7,191,0,,,,,,0.0000,1.054574,0.000000
7,192,0,,,,,,0.0000,1.087516,0.000000
7,193,0,,,,,,0.0000,1.070455,0.000000
7,194,0,,,,,,0.0000,1.049977,0.000000
7,195,0,,,,,,0.0000,1.026939,0.000000
7,196,0,,,,,,0.0000,1.067585,0.000000
7,197,0,,,,,,0.0000,1.095578,0.000000
7,198,0,,,,,,0.0000,1.035704,0.000000
7,199,0,,,,,,0.0000,1.034864,0.000000
7,200,0,,,,,,0.0000,1.046010,0.000000
7,201,0,,,,,,0.0000,1.003217,0.000000
7,202,0,,,,,,0.0000,1.083117,0.000000
7,203,0,,,,,,0.0000,1.105458,0.000000
7,204,0,,,,,,0.0000,1.028008,0.000000
7,205,0,,,,,,0.0000,1.068908,0.000000
7,206,0,,,,,,0.0000,1.091064,0.000000
7,207,0,,,,,,0.0000,1.017044,0.000000
7,208,0,,,,,,0.0000,1.107048,0.000000
7,209,0,,,,,,0.0000,1.108708,0.000000
7,210,0,,,,,,0.0000,1.010432,0.000000
7,211,0,,,,,,0.0000,0.962834,0.000000
7,212,0,,,,,,0.0000,1.064069,0.000000
7,213,0,,,,,,0.0000,1.085879,0.000000
7,214,0,,,,,,0.0000,1.078761,0.000000
7,215,0,,,,,,0.0000,1.062170,0.000000
7,216,0,,,,,,0.0000,1.030163,0.000000
7,217,0,,,,,,0.0000,1.017887,0.000000
7,218,0,,,,,,0.0000,1.047102,0.000000
7,219,0,,,,,,0.0000,1.079348,0.000000
7,220,0,,,,,,0.0000,1.062849,0.000000
7,221,0,,,,,,0.0000,1.016610,0.000000
7,222,0,,,,,,0.0000,1.017180,0.000000
7,223,0,,,,,,0.0000,1.100411,0.000000
7,224,0,,,,,,0.0000,1.103895,0.000000
7,225,0,,,,,,0.0000,1.031604,0.000000
7,226,0,,,,,,0.0000,1.022111,0.000000
7,227,0,,,,,,0.0000,1.096864,0.000000
7,228,0,,,,,,0.0000,1.094608,0.000000
7,229,0,,,,,,0.0000,1.011537,0.000000
7,230,0,,,,,,0.0000,1.013827,0.000000
7,231,0,,,,,,0.0000,1.068638,0.000000
7,232,0,,,,,,0.0000,1.099091,0.000000
7,233,0,,,,,,0.0000,1.061847,0.000000
7,234,0,,,,,,0.0000,1.006541,0.000000
7,235,0,,,,,,0.0000,1.053994,0.000000
7,236,0,,,,,,0.0000,1.078245,0.000000
7,237,0,,,,,,0.0000,1.071998,0.000000
7,238,0,,,,,,0.0000,1.062182,0.000000
7,239,0,,,,,,0.0000,1.093427,0.000000
7,240,0,,,,,,0.0000,1.036673,0.000000
7,241,1,0.857065,0.002789,0.452256,0.000000,1.000000,1.0000,1.029128,0.205494
7,242,5,0.198593,0.099614,0.850907,0.240076,0.662660,7.0000,0.848908,0.580691
7,243,9,0.132872,0.105612,0.989869,0.139182,0.522057,9.0000,0.882231,0.643959
7,244,9,0.122088,0.094636,1.012145,0.137881,0.490602,8.0000,0.932811,0.687228
7,245,11,0.077664,0.065422,1.048162,0.053189,0.497454,7.0000,0.975412,0.757189
7,246,12,0.076080,0.062981,1.050684,0.050495,0.564755,4.0000,0.926493,0.762089
7,247,13,0.076075,0.068166,1.052599,0.045940,0.568062,5.0000,0.947130,0.765807
7,248,14,0.073700,0.070620,1.058975,0.040207,0.486613,8.0000,0.907448,0.778192
7,249,17,0.070183,0.067638,1.074861,0.029629,0.476797,11.0000,0.929640,0.809049
7,250,1,0.762110,0.053893,0.448040,0.000000,1.000000,1.0000,1.169428,0.209636
7,251,4,0.307054,0.029664,0.935823,0.002543,1.017837,5.0000,0.912258,0.466198
7,252,6,0.244617,0.125797,0.952983,0.294729,0.918753,5.0000,0.807667,0.500312
7,253,8,0.088952,0.049096,1.064304,0.190243,0.727018,12.0000,0.952184,0.721622
7,254,10,0.080999,0.061572,1.093716,0.098920,0.555725,7.0000,1.073652,0.780093
7,255,10,0.080937,0.061471,1.094495,0.099080,0.555910,9.0000,0.994574,0.781641
7,256,11,0.077828,0.047786,1.113614,0.099128,0.710844,5.0000,0.843834,0.819649
7,257,11,0.077828,0.047786,1.113614,0.099128,0.710844,3.0000,0.866158,0.819649
7,258,12,0.077757,0.047036,1.113960,0.098437,0.764674,11.0000,0.928858,0.820337
7,259,12,0.067899,0.044713,1.123547,0.103226,0.729731,11.0000,1.037525,0.839398
7,260,2,0.755701,0.046407,0.489260,0.000000,0.909382,2.0000,1.141943,0.205969
7,261,7,0.161868,0.111550,0.970739,0.050589,0.777419,11.0000,0.912245,0.533097
7,262,5,0.158162,0.095523,1.045701,0.257608,0.425276,12.0000,0.873604,0.659405
7,263,7,0.115322,0.022528,1.074265,0.063687,0.598917,6.0000,0.921450,0.717562
7,264,9,0.104693,0.034445,1.111891,0.080736,0.568444,5.0000,0.996545,0.775390
7,265,10,0.107105,0.024286,1.119273,0.067187,0.669072,9.0000,1.020370,0.790422
7,266,12,0.066315,0.023480,1.127508,0.077771,0.630977,5.0000,0.921719,0.807187
7,267,13,0.065713,0.026331,1.128955,0.080089,0.674087,7.0000,0.872816,0.810134
7,268,15,0.058774,0.031857,1.144561,0.067897,0.657919,7.0000,0.960386,0.841907
7,269,17,0.038657,0.032266,1.165746,0.063349,0.629166,11.0000,0.926242,0.885040
7,270,2,0.306709,0.021851,0.922248,0.000000,0.115306,2.0000,1.101940,0.455355
7,271,5,0.238606,0.079333,0.991460,0.116524,0.928765,6.0000,0.964590,0.503401
7,272,6,0.141739,0.073328,1.076158,0.199720,0.636838,8.0000,0.877415,0.676946
7,273,8,0.089848,0.069546,1.130631,0.107726,0.492930,11.0000,0.907313,0.788562
7,274,8,0.089848,0.069546,1.130631,0.107726,0.492930,6.0000,1.008306,0.788562
7,275,9,0.070600,0.044411,1.154296,0.089724,0.524430,6.0000,0.973536,0.837051
7,276,12,0.062516,0.041002,1.159920,0.066537,0.684539,8.0000,0.924760,0.848575
7,277,14,0.059404,0.040984,1.163184,0.060508,0.754717,11.0000,0.964749,0.855263
7,278,14,0.059163,0.040063,1.167798,0.062552,0.753692,7.0000,0.960085,0.864718
7,279,13,0.059157,0.041420,1.167960,0.061766,0.696218,10.0000,0.876680,0.865049
7,280,2,0.334464,0.176858,0.642790,0.000000,0.575749,2.0000,1.158988,0.301112
7,281,6,0.181380,0.141799,0.931299,0.130781,0.410425,9.0000,0.999074,0.599706
7,282,10,0.122457,0.121258,1.040809,0.096403,0.494979,10.0000,0.885046,0.637115
7,283,9,0.087302,0.073869,1.111410,0.128137,0.582149,9.0000,0.895404,0.782311
7,284,9,0.087302,0.073869,1.111410,0.128137,0.582149,9.0000,0.989795,0.782311
7,285,9,0.077312,0.049112,1.155131,0.097654,0.444340,7.0000,0.991042,0.817087
7,286,11,0.068582,0.049860,1.162605,0.057051,0.552097,13.0000,0.939078,0.832559
7,287,11,0.068579,0.049853,1.162630,0.057032,0.552168,10.0000,0.897998,0.832611
7,288,11,0.055526,0.047087,1.178792,0.077928,0.453349,7.0000,0.934192,0.866067
7,289,12,0.054292,0.041233,1.184876,0.083941,0.556217,7.0000,0.951823,0.878660
7,290,2,0.361856,0.031691,0.916123,0.000000,0.035506,3.0000,1.134361,0.297370
7,291,5,0.143409,0.100037,1.028190,0.240367,0.418237,9.0000,0.930652,0.533410
7,292,8,0.102748,0.083327,1.090407,0.123887,0.549913,11.0000,0.865229,0.664454
7,293,7,0.103879,0.085365,1.091472,0.106782,0.410547,12.0000,0.932738,0.666697
7,294,7,0.105178,0.079721,1.115960,0.141933,0.498242,6.0000,0.978627,0.718276
7,295,7,0.099351,0.070277,1.119996,0.157526,0.536601,7.0000,0.959826,0.726776
7,296,11,0.096425,0.067705,1.150560,0.099070,0.584195,10.0000,0.922328,0.791152
7,297,11,0.096425,0.067705,1.150560,0.099070,0.584195,4.0000,0.946468,0.791152
7,298,11,0.096425,0.067705,1.150560,0.099070,0.584195,6.0000,0.909709,0.791152
7,299,11,0.073286,0.061884,1.179483,0.063708,0.496690,10.0000,0.912169,0.852072
7,300,2,0.349614,0.023356,0.935315,0.000000,0.024927,6.0000,1.153732,0.335886
7,301,5,0.124516,0.063348,1.090763,0.159338,0.252115,10.0000,0.982547,0.661450
7,302,7,0.119152,0.083387,1.124003,0.126108,0.396182,6.0000,0.811119,0.731065
7,303,9,0.090958,0.085167,1.161419,0.092671,0.459137,14.0000,0.863374,0.809429
7,304,9,0.090958,0.085167,1.161419,0.092671,0.459137,10.0000,1.023571,0.809429
7,305,10,0.080536,0.076983,1.164650,0.069673,0.462321,14.0000,1.059785,0.816195
7,306,12,0.078692,0.076735,1.166164,0.074146,0.586594,8.0000,0.977298,0.819366
7,307,14,0.076213,0.071826,1.170355,0.074268,0.683022,7.0000,0.906886,0.828144
7,308,15,0.076018,0.069407,1.170614,0.075297,0.729747,5.0000,0.909049,0.828686
7,309,14,0.075793,0.071075,1.171984,0.074124,0.666817,9.0000,0.992451,0.831554
7,310,3,0.348736,0.026105,0.927814,1.075421,0.952242,7.0000,1.140596,0.321993
7,311,5,0.163444,0.091587,1.011135,0.333142,0.458657,9.0000,0.902711,0.497489
7,312,8,0.128958,0.131665,1.054267,0.137264,0.498199,14.0000,0.810897,0.588335
7,313,7,0.115676,0.083422,1.067116,0.214784,0.589237,7.0000,0.975711,0.615398
7,314,8,0.096270,0.039534,1.137938,0.144035,0.624602,11.0000,1.022916,0.764566
7,315,9,0.096270,0.047126,1.143804,0.118376,0.592905,8.0000,0.954228,0.776922
7,316,10,0.070321,0.029113,1.198331,0.113553,0.630613,9.0000,0.888009,0.891770
7,317,10,0.070321,0.029113,1.198331,0.113553,0.630613,9.0000,0.934971,0.891770
7,318,10,0.070248,0.029075,1.198913,0.113401,0.630667,8.0000,0.967604,0.892994
7,319,10,0.070248,0.029075,1.198913,0.113401,0.630667,13.0000,0.971436,0.892994
7,320,3,0.252051,0.185821,0.701567,0.225356,0.433930,4.0000,1.099564,0.184084
7,321,3,0.292529,0.051403,0.969817,0.876010,0.816332,12.0000,0.922927,0.481030
7,322,8,0.094496,0.075139,1.114592,0.079380,0.334600,12.0000,0.823026,0.733172
7,323,9,0.080995,0.068566,1.136217,0.105252,0.459883,15.0000,0.912654,0.777935
7,324,10,0.061238,0.060392,1.150080,0.076579,0.404951,9.0000,0.928948,0.806631
7,325,10,0.060539,0.050936,1.163275,0.078567,0.481880,9.0000,0.944481,0.833946
7,326,11,0.060539,0.058961,1.164249,0.066114,0.546007,13.0000,0.923799,0.835961
7,327,11,0.060539,0.056361,1.165872,0.068264,0.555490,8.0000,0.962389,0.839322
7,328,12,0.059393,0.056637,1.171592,0.035996,0.513016,4.0000,0.965344,0.851163
7,329,12,0.059491,0.049357,1.190432,0.047318,0.602335,10.0000,0.957265,0.890161
7,330,0,,,,,,0.0000,1.188356,0.000000
7,331,2,0.366503,0.025949,0.892178,0.000000,0.034353,2.0000,1.175677,0.299973
7,332,4,0.241646,0.103063,0.933510,0.574949,0.638668,4.0000,0.844117,0.384660
7,333,6,0.134690,0.061219,1.068533,0.162973,0.526122,11.0000,0.756465,0.661324
7,334,8,0.130265,0.078149,1.073448,0.129624,0.723390,13.0000,0.919128,0.671393
7,335,9,0.128146,0.072423,1.078544,0.077283,0.747090,6.0000,1.111282,0.681835
7,336,9,0.133656,0.036557,1.126470,0.073939,0.782767,8.0000,0.964851,0.780035
7,337,10,0.132540,0.035362,1.126537,0.053199,0.827958,7.0000,0.875607,0.780174
7,338,12,0.100124,0.043352,1.146812,0.093944,0.719337,10.0000,0.949396,0.821716
7,339,14,0.063690,0.034114,1.175740,0.100227,0.730321,17.0000,0.990872,0.880990
7,340,2,0.393249,0.218752,0.606283,0.000000,0.340808,2.0000,1.161742,0.104969
7,341,6,0.094458,0.088325,1.047058,0.147153,0.481927,10.0000,0.910606,0.704197
7,342,8,0.091794,0.073208,1.086617,0.168289,0.663696,5.0000,0.905109,0.737751
7,343,10,0.072577,0.040508,1.138101,0.143723,0.698530,14.0000,0.903139,0.828755
7,344,10,0.072577,0.040508,1.138101,0.143723,0.698530,8.0000,0.999406,0.828755
7,345,10,0.071010,0.038349,1.139616,0.143877,0.683314,8.0000,0.954968,0.831840
7,346,12,0.046434,0.037623,1.145547,0.096876,0.618126,9.0000,0.938326,0.843916
7,347,12,0.046434,0.037623,1.145547,0.096876,0.618126,4.0000,0.919725,0.843916
7,348,14,0.044063,0.036281,1.154848,0.050264,0.688106,12.0000,0.882113,0.862853
7,349,15,0.042225,0.035227,1.157853,0.049916,0.706696,13.0000,0.929046,0.868971
7,350,2,0.363308,0.172653,0.650380,0.000000,0.284347,2.0000,1.150806,0.216472
7,351,5,0.155511,0.029159,1.077712,0.211320,0.595953,8.0000,1.019168,0.748276
7,352,7,0.137143,0.029359,1.122971,0.118569,0.615754,11.0000,0.826747,0.838252
7,353,7,0.137143,0.029359,1.122971,0.118569,0.615754,6.0000,0.974014,0.838252
7,354,8,0.135395,0.031462,1.125232,0.098363,0.700002,8.0000,0.958955,0.842747
7,355,8,0.135336,0.031479,1.125698,0.097264,0.700117,5.0000,0.993591,0.843673
7,356,10,0.070020,0.033207,1.152243,0.116860,0.612153,8.0000,0.919151,0.896444
7,357,10,0.070020,0.033207,1.152243,0.116860,0.612153,6.0000,0.977058,0.896444
7,358,12,0.066937,0.033419,1.155325,0.102901,0.697444,14.0000,0.927555,0.902572
7,359,11,0.064621,0.025602,1.158476,0.107735,0.674897,6.0000,0.913684,0.908837
7,360,3,0.334921,0.002983,0.949153,0.933002,0.811620,3.0000,1.080695,0.539904
7,361,3,0.334921,0.002983,0.949153,0.933002,0.811620,2.0000,1.044002,0.539904
7,362,5,0.148131,0.025907,1.030690,0.163056,0.504306,7.0000,0.908138,0.698283
7,363,7,0.098102,0.063967,1.047344,0.164053,0.500267,7.0000,0.869404,0.730632
7,364,8,0.092588,0.052267,1.052235,0.173831,0.602065,6.0000,0.959862,0.740132
7,365,10,0.090446,0.052500,1.068669,0.143647,0.676905,7.0000,1.015251,0.772053
7,366,11,0.090159,0.050060,1.069098,0.148924,0.742956,4.0000,1.001962,0.772888
7,367,11,0.090159,0.050060,1.069098,0.148924,0.742956,5.0000,0.924999,0.772888
7,368,12,0.067965,0.047150,1.093002,0.072933,0.574485,13.0000,0.865154,0.819320
7,369,13,0.067383,0.049847,1.096102,0.058034,0.564360,6.0000,0.994771,0.825341
7,370,1,0.835984,0.005870,0.435562,0.000000,1.000000,1.0000,1.189681,0.219145
7,371,4,0.141139,0.076211,0.908391,0.251831,0.380918,3.0000,0.942576,0.598558
7,372,6,0.121712,0.049525,0.972165,0.165801,0.503997,4.0000,0.832321,0.677150
7,373,8,0.085025,0.051952,0.985783,0.105268,0.404129,4.0000,0.934844,0.703390
7,374,9,0.077536,0.048992,1.011446,0.081852,0.404565,7.0000,1.038965,0.752840
7,375,10,0.075750,0.046970,1.014463,0.096511,0.505326,6.0000,1.019437,0.758653
7,376,12,0.074095,0.043325,1.019572,0.098966,0.624524,8.0000,0.857944,0.768495
7,377,13,0.108413,0.041609,1.040282,0.052575,0.691737,6.0000,0.862590,0.797322
7,378,16,0.050096,0.040018,1.080009,0.054360,0.576286,14.0000,0.907739,0.870669
7,379,16,0.050096,0.040018,1.080009,0.054360,0.576286,5.0000,0.976813,0.870669
7,380,0,,,,,,0.0000,1.182456,0.000000
7,381,0,,,,,,0.0000,1.140794,0.000000
7,382,0,,,,,,0.0000,1.034883,0.000000
7,383,0,,,,,,0.0000,1.029580,0.000000
7,384,0,,,,,,0.0000,1.118219,0.000000
7,385,0,,,,,,0.0000,1.150259,0.000000
7,386,0,,,,,,0.0000,1.097043,0.000000
7,387,0,,,,,,0.0000,1.017008,0.000000
7,388,0,,,,,,0.0000,1.044108,0.000000
7,389,0,,,,,,0.0000,1.087308,0.000000
7,390,0,,,,,,0.0000,1.092503,0.000000
7,391,0,,,,,,0.0000,1.069157,0.000000
7,392,0,,,,,,0.0000,1.055137,0.000000
7,393,0,,,,,,0.0000,1.091040,0.000000
7,394,0,,,,,,0.0000,1.076318,0.000000
7,395,0,,,,,,0.0000,1.067117,0.000000
7,396,0,,,,,,0.0000,1.054743,0.000000
7,397,0,,,,,,0.0000,1.106482,0.000000
7,398,0,,,,,,0.0000,1.087788,0.000000
7,399,0,,,,,,0.0000,1.024310,0.000000
7,400,0,,,,,,0.0000,1.026391,0.000000
7,401,0,,,,,,0.0000,1.098122,0.000000
7,402,0,,,,,,0.0000,1.112158,0.000000
7,403,0,,,,,,0.0000,1.040602,0.000000
7,404,0,,,,,,0.0000,1.021279,0.000000
7,405,0,,,,,,0.0000,1.097347,0.000000
7,406,0,,,,,,0.0000,1.118770,0.000000
7,407,0,,,,,,0.0000,1.080191,0.000000
7,408,0,,,,,,0.0000,1.045445,0.000000
7,409,0,,,,,,0.0000,1.076444,0.000000
7,410,0,,,,,,0.0000,1.073315,0.000000
7,411,0,,,,,,0.0000,1.057952,0.000000
7,412,0,,,,,,0.0000,1.070334,0.000000
7,413,0,,,,,,0.0000,1.082988,0.000000
7,414,0,,,,,,0.0000,1.078730,0.000000
7,415,0,,,,,,0.0000,1.029632,0.000000
7,416,0,,,,,,0.0000,1.045632,0.000000
7,417,0,,,,,,0.0000,1.133947,0.000000
7,418,0,,,,,,0.0000,1.066283,0.000000
7,419,0,,,,,,0.0000,1.071944,0.000000
7,420,0,,,,,,0.0000,1.090957,0.000000
7,421,0,,,,,,0.0000,1.084671,0.000000
7,422,0,,,,,,0.0000,1.051057,0.000000
7,423,0,,,,,,0.0000,1.040464,0.000000
7,424,0,,,,,,0.0000,1.120738,0.000000
7,425,0,,,,,,0.0000,1.104511,0.000000
7,426,0,,,,,,0.0000,1.041221,0.000000
7,427,0,,,,,,0.0000,1.026940,0.000000
7,428,0,,,,,,0.0000,1.052924,0.000000
7,429,0,,,,,,0.0000,1.065288,0.000000
7,430,0,,,,,,0.0000,1.030397,0.000000
7,431,0,,,,,,0.0000,1.048953,0.000000
7,432,0,,,,,,0.0000,1.057983,0.000000
7,433,0,,,,,,0.0000,1.057363,0.000000
7,434,0,,,,,,0.0000,1.060469,0.000000
7,435,0,,,,,,0.0000,1.046320,0.000000
7,436,0,,,,,,0.0000,1.058335,0.000000
7,437,0,,,,,,0.0000,1.047253,0.000000
7,438,0,,,,,,0.0000,1.051772,0.000000
7,439,0,,,,,,0.0000,1.043669,0.000000
7,440,0,,,,,,0.0000,1.060246,0.000000
7,441,0,,,,,,0.0000,1.065229,0.000000
7,442,0,,,,,,0.0000,1.067605,0.000000
7,443,0,,,,,,0.0000,1.051593,0.000000
7,444,0,,,,,,0.0000,1.041630,0.000000
7,445,0,,,,,,0.0000,1.033008,0.000000
7,446,0,,,,,,0.0000,1.041999,0.000000
7,447,0,,,,,,0.0000,1.096089,0.000000
7,448,0,,,,,,0.0000,1.079105,0.000000
7,449,0,,,,,,0.0000,0.997892,0.000000
7,450,0,,,,,,0.0000,1.039191,0.000000
7,451,0,,,,,,0.0000,1.101544,0.000000
7,452,0,,,,,,0.0000,1.076111,0.000000
7,453,0,,,,,,0.0000,1.002366,0.000000
7,454,0,,,,,,0.0000,1.063198,0.000000
7,455,0,,,,,,0.0000,1.122803,0.000000
7,456,0,,,,,,0.0000,1.056683,0.000000
7,457,0,,,,,,0.0000,0.974555,0.000000
7,458,0,,,,,,0.0000,1.029711,0.000000
7,459,0,,,,,,0.0000,1.081238,0.000000
7,460,0,,,,,,0.0000,1.078976,0.000000
7,461,0,,,,,,0.0000,1.069054,0.000000
7,462,0,,,,,,0.0000,1.018448,0.000000
7,463,0,,,,,,0.0000,1.031674,0.000000
7,464,0,,,,,,0.0000,1.071992,0.000000
7,465,0,,,,,,0.0000,1.109141,0.000000
7,466,0,,,,,,0.0000,1.079129,0.000000
7,467,0,,,,,,0.0000,1.019934,0.000000
7,468,0,,,,,,0.0000,1.049038,0.000000
7,469,0,,,,,,0.0000,1.050643,0.000000
7,470,0,,,,,,0.0000,1.117465,0.000000
7,471,0,,,,,,0.0000,1.071902,0.000000
7,472,0,,,,,,0.0000,1.005685,0.000000
7,473,0,,,,,,0.0000,1.040000,0.000000
7,474,0,,,,,,0.0000,1.075218,0.000000
7,475,0,,,,,,0.0000,1.103870,0.000000
7,476,0,,,,,,0.0000,1.102280,0.000000
7,477,0,,,,,,0.0000,1.063986,0.000000
7,478,0,,,,,,0.0000,1.055261,0.000000
7,479,0,,,,,,0.0000,1.083914,0.000000
7,480,0,,,,,,0.0000,1.087532,0.000000
7,481,0,,,,,,0.0000,1.057977,0.000000
7,482,0,,,,,,0.0000,1.050335,0.000000
7,483,0,,,,,,0.0000,1.040174,0.000000
7,484,0,,,,,,0.0000,1.067347,0.000000
7,485,0,,,,,,0.0000,1.070124,0.000000
7,486,0,,,,,,0.0000,1.087042,0.000000
7,487,0,,,,,,0.0000,1.105353,0.000000
7,488,0,,,,,,0.0000,1.106478,0.000000
7,489,0,,,,,,0.0000,1.032875,0.000000
7,490,0,,,,,,0.0000,1.032413,0.000000
7,491,0,,,,,,0.0000,1.091134,0.000000
7,492,0,,,,,,0.0000,1.062882,0.000000
7,493,0,,,,,,0.0000,1.062856,0.000000
7,494,0,,,,,,0.0000,1.075887,0.000000
7,495,0,,,,,,0.0000,1.078198,0.000000
7,496,0,,,,,,0.0000,1.043494,0.000000
7,497,0,,,,,,0.0000,1.017440,0.000000
7,498,0,,,,,,0.0000,1.031941,0.000000
7,499,0,,,,,,0.0000,1.096038,0.000000
7,500,0,,,,,,0.0000,1.108609,0.000000
7,501,0,,,,,,0.0000,1.043103,0.000000
7,502,0,,,,,,0.0000,1.033325,0.000000
7,503,0,,,,,,0.0000,1.052715,0.000000
7,504,0,,,,,,0.0000,1.074597,0.000000
7,505,0,,,,,,0.0000,1.051133,0.000000
7,506,0,,,,,,0.0000,1.039368,0.000000
7,507,0,,,,,,0.0000,1.048246,0.000000
7,508,0,,,,,,0.0000,1.112093,0.000000
7,509,0,,,,,,0.0000,1.120768,0.000000
7,510,0,,,,,,0.0000,1.023084,0.000000
7,511,0,,,,,,0.0000,1.026988,0.000000
7,512,0,,,,,,0.0000,1.102024,0.000000
7,513,0,,,,,,0.0000,1.092363,0.000000
7,514,0,,,,,,0.0000,1.082769,0.000000
7,515,0,,,,,,0.0000,1.065750,0.000000
7,516,0,,,,,,0.0000,1.073556,0.000000
7,517,0,,,,,,0.0000,1.056999,0.000000
7,518,0,,,,,,0.0000,1.073173,0.000000
7,519,0,,,,,,0.0000,1.106382,0.000000
7,520,0,,,,,,0.0000,1.055534,0.000000
7,521,0,,,,,,0.0000,1.045025,0.000000
7,522,0,,,,,,0.0000,1.015637,0.000000
7,523,0,,,,,,0.0000,1.088965,0.000000
7,524,0,,,,,,0.0000,1.094849,0.000000
7,525,0,,,,,,0.0000,1.014902,0.000000
7,526,0,,,,,,0.0000,1.004395,0.000000
7,527,0,,,,,,0.0000,1.077501,0.000000
7,528,0,,,,,,0.0000,1.105120,0.000000
7,529,0,,,,,,0.0000,1.124927,0.000000
7,530,0,,,,,,0.0000,1.052622,0.000000
7,531,0,,,,,,0.0000,1.002704,0.000000
7,532,0,,,,,,0.0000,1.057075,0.000000
7,533,0,,,,,,0.0000,1.096677,0.000000
7,534,0,,,,,,0.0000,1.036920,0.000000
7,535,0,,,,,,0.0000,1.041947,0.000000
7,536,0,,,,,,0.0000,1.034545,0.000000
7,537,0,,,,,,0.0000,1.097137,0.000000
7,538,0,,,,,,0.0000,1.065136,0.000000
7,539,0,,,,,,0.0000,1.067676,0.000000
7,540,0,,,,,,0.0000,1.069582,0.000000
7,541,0,,,,,,0.0000,1.093102,0.000000
7,542,0,,,,,,0.0000,1.052711,0.000000
7,543,0,,,,,,0.0000,1.005825,0.000000
7,544,0,,,,,,0.0000,1.075716,0.000000
7,545,0,,,,,,0.0000,1.101495,0.000000
7,546,0,,,,,,0.0000,1.041778,0.000000
7,547,0,,,,,,0.0000,0.996418,0.000000
7,548,0,,,,,,0.0000,0.990315,0.000000
7,549,0,,,,,,0.0000,1.083353,0.000000
7,550,0,,,,,,0.0000,1.077652,0.000000
7,551,0,,,,,,0.0000,1.029523,0.000000
7,552,0,,,,,,0.0000,1.067316,0.000000
7,553,0,,,,,,0.0000,1.064984,0.000000
7,554,0,,,,,,0.0000,1.102083,0.000000
7,555,0,,,,,,0.0000,1.091857,0.000000
7,556,0,,,,,,0.0000,1.055799,0.000000
7,557,0,,,,,,0.0000,0.992655,0.000000
7,558,0,,,,,,0.0000,1.041049,0.000000
7,559,0,,,,,,0.0000,1.128983,0.000000
7,560,0,,,,,,0.0000,1.130740,0.000000
7,561,0,,,,,,0.0000,1.067280,0.000000
7,562,0,,,,,,0.0000,1.085476,0.000000
7,563,0,,,,,,0.0000,1.010897,0.000000
7,564,0,,,,,,0.0000,1.033292,0.000000
7,565,0,,,,,,0.0000,1.070340,0.000000
7,566,0,,,,,,0.0000,1.120750,0.000000
7,567,0,,,,,,0.0000,1.076041,0.000000
7,568,0,,,,,,0.0000,1.029066,0.000000
7,569,0,,,,,,0.0000,1.035738,0.000000
7,570,0,,,,,,0.0000,1.073585,0.000000
7,571,0,,,,,,0.0000,1.078012,0.000000
7,572,0,,,,,,0.0000,1.064731,0.000000
7,573,0,,,,,,0.0000,1.045727,0.000000
7,574,0,,,,,,0.0000,1.053504,0.000000
7,575,0,,,,,,0.0000,1.102458,0.000000
7,576,0,,,,,,0.0000,1.062350,0.000000
7,577,0,,,,,,0.0000,1.042966,0.000000
7,578,0,,,,,,0.0000,1.094369,0.000000
7,579,0,,,,,,0.0000,1.086430,0.000000
7,580,0,,,,,,0.0000,1.031993,0.000000
7,581,0,,,,,,0.0000,1.025746,0.000000
7,582,0,,,,,,0.0000,1.072771,0.000000
7,583,0,,,,,,0.0000,1.065815,0.000000
7,584,0,,,,,,0.0000,1.059360,0.000000
7,585,0,,,,,,0.0000,1.064663,0.000000
7,586,0,,,,,,0.0000,1.037553,0.000000
7,587,0,,,,,,0.0000,1.054550,0.000000
7,588,0,,,,,,0.0000,1.085884,0.000000
7,589,0,,,,,,0.0000,1.057432,0.000000
7,590,0,,,,,,0.0000,1.019536,0.000000
7,591,0,,,,,,0.0000,1.041483,0.000000
7,592,0,,,,,,0.0000,1.069446,0.000000
7,593,0,,,,,,0.0000,1.072934,0.000000
7,594,0,,,,,,0.0000,1.034548,0.000000
7,595,0,,,,,,0.0000,0.996809,0.000000
7,596,0,,,,,,0.0000,1.075162,0.000000
7,597,0,,,,,,0.0000,1.146747,0.000000
7,598,0,,,,,,0.0000,1.094805,0.000000
7,599,0,,,,,,0.0000,1.008649,0.000000
7,600,0,,,,,,0.0000,1.066172,0.000000
7,601,0,,,,,,0.0000,1.142339,0.000000
7,602,0,,,,,,0.0000,1.071099,0.000000
7,603,0,,,,,,0.0000,1.042721,0.000000
7,604,0,,,,,,0.0000,1.021247,0.000000
7,605,0,,,,,,0.0000,1.075627,0.000000
7,606,0,,,,,,0.0000,1.089368,0.000000
7,607,0,,,,,,0.0000,1.066752,0.000000
7,608,0,,,,,,0.0000,1.037001,0.000000
7,609,0,,,,,,0.0000,1.085552,0.000000
7,610,0,,,,,,0.0000,1.077176,0.000000
7,611,0,,,,,,0.0000,1.071391,0.000000
7,612,0,,,,,,0.0000,1.004153,0.000000
7,613,0,,,,,,0.0000,1.020739,0.000000
7,614,0,,,,,,0.0000,1.155944,0.000000
7,615,0,,,,,,0.0000,1.082186,0.000000
7,616,0,,,,,,0.0000,1.005221,0.000000
7,617,0,,,,,,0.0000,1.013433,0.000000
7,618,0,,,,,,0.0000,1.073114,0.000000
7,619,0,,,,,,0.0000,1.074309,0.000000
7,620,0,,,,,,0.0000,1.053181,0.000000
7,621,0,,,,,,0.0000,1.043173,0.000000
7,622,0,,,,,,0.0000,1.065917,0.000000
7,623,0,,,,,,0.0000,1.055815,0.000000
7,624,0,,,,,,0.0000,1.087530,0.000000
7,625,0,,,,,,0.0000,1.070263,0.000000
7,626,0,,,,,,0.0000,1.070320,0.000000
7,627,0,,,,,,0.0000,1.064260,0.000000
7,628,0,,,,,,0.0000,1.084089,0.000000
7,629,0,,,,,,0.0000,1.054653,0.000000
7,630,0,,,,,,0.0000,1.059967,0.000000
7,631,0,,,,,,0.0000,1.067657,0.000000
7,632,0,,,,,,0.0000,1.073843,0.000000
7,633,0,,,,,,0.0000,1.126766,0.000000
7,634,0,,,,,,0.0000,1.091820,0.000000
7,635,0,,,,,,0.0000,1.034035,0.000000
7,636,0,,,,,,0.0000,1.026684,0.000000
7,637,0,,,,,,0.0000,1.060315,0.000000
7,638,0,,,,,,0.0000,1.093458,0.000000
7,639,0,,,,,,0.0000,1.062218,0.000000
7,640,0,,,,,,0.0000,1.074214,0.000000
7,641,0,,,,,,0.0000,1.082682,0.000000
7,642,0,,,,,,0.0000,1.079655,0.000000
7,643,0,,,,,,0.0000,1.079388,0.000000
7,644,1,0.857137,0.002933,0.452051,0.000000,1.000000,1.0000,1.052289,0.205188
7,645,6,0.103381,0.058447,1.013474,0.186644,0.468768,13.0000,0.812813,0.727738
7,646,10,0.087833,0.049260,1.058061,0.162504,0.776651,15.0000,0.833530,0.789267
7,647,12,0.065069,0.052373,1.104308,0.085940,0.691031,12.0000,0.941877,0.841280
7,648,13,0.064914,0.057900,1.106154,0.071689,0.674042,5.0000,1.005496,0.844866
7,649,11,0.062123,0.031045,1.125389,0.066058,0.687127,7.0000,0.935957,0.882229
7,650,1,0.641364,0.254391,0.247194,0.000000,1.000000,1.0000,1.102655,0.086140
7,651,7,0.181598,0.162977,0.886587,0.172742,0.571321,14.0000,1.047613,0.461917
7,652,9,0.156050,0.093447,0.997293,0.053934,0.807403,14.0000,0.858486,0.682004
7,653,9,0.133932,0.075739,1.024561,0.097349,0.739573,6.0000,0.887860,0.723528
7,654,10,0.109928,0.073292,1.026040,0.097160,0.616794,6.0000,1.007498,0.726469
7,655,11,0.068381,0.053865,1.071768,0.102181,0.651626,7.0000,1.004820,0.817378
7,656,13,0.064044,0.048480,1.082849,0.091111,0.692865,10.0000,0.920271,0.837942
7,657,13,0.062196,0.042818,1.135342,0.090336,0.641405,8.0000,0.907417,0.862846
7,658,13,0.062196,0.042818,1.135342,0.090336,0.641405,5.0000,0.979408,0.862846
7,659,13,0.062035,0.042576,1.136574,0.090048,0.643341,12.0000,0.975593,0.865295
7,660,2,0.312177,0.027891,0.917639,0.000000,0.137680,3.0000,1.112661,0.458240
7,661,4,0.265946,0.039004,0.979107,0.018481,0.931738,5.0000,0.946707,0.530376
7,662,5,0.165319,0.072013,1.021119,0.176297,0.637953,5.0000,0.858563,0.615913
7,663,8,0.128252,0.039730,1.078416,0.081049,0.747024,14.0000,0.932929,0.707235
7,664,9,0.088458,0.061088,1.088324,0.083878,0.616012,7.0000,1.085335,0.727409
7,665,11,0.088305,0.065258,1.095663,0.084040,0.656860,6.0000,1.003365,0.742351
7,666,10,0.085889,0.056280,1.107900,0.083990,0.670174,7.0000,0.899065,0.767265
7,667,12,0.081563,0.052195,1.137235,0.081956,0.698159,9.0000,0.936012,0.826991
7,668,13,0.080046,0.049361,1.140274,0.076507,0.776306,14.0000,1.010307,0.833179
7,669,14,0.079993,0.047745,1.140430,0.080994,0.826239,9.0000,0.896171,0.833497
7,670,2,0.297840,0.102049,0.854626,0.000000,0.165136,2.0000,1.089146,0.345476
7,671,4,0.233016,0.126967,0.952031,0.484089,0.566194,5.0000,1.008815,0.422610
7,672,7,0.142815,0.083579,1.075013,0.075690,0.536823,9.0000,0.878377,0.674600
7,673,9,0.107595,0.094851,1.078660,0.109311,0.497655,9.0000,0.877591,0.682074
7,674,9,0.092061,0.080859,1.132515,0.143237,0.728583,9.0000,0.973683,0.792422
7,675,9,0.076776,0.043396,1.184577,0.112205,0.420151,10.0000,0.960707,0.899098
7,676,10,0.075654,0.042234,1.185947,0.120961,0.530304,8.0000,0.870313,0.901904
7,677,11,0.055837,0.040384,1.186473,0.072254,0.451171,7.0000,0.903649,0.902983
7,678,11,0.055837,0.040384,1.186473,0.072254,0.451171,4.0000,0.939802,0.902983
7,679,11,0.055837,0.040384,1.186473,0.072254,0.451171,11.0000,0.959813,0.902983
7,680,2,0.360873,0.027431,0.907234,0.000000,0.032884,4.0000,1.069199,0.303935
7,681,2,0.360873,0.027431,0.907234,0.000000,0.032884,3.0000,0.928825,0.303935
7,682,5,0.154758,0.106968,1.001647,0.213415,0.297661,6.0000,0.938349,0.499372
7,683,5,0.141989,0.097967,1.021265,0.219492,0.314403,8.0000,0.947085,0.539981
7,684,5,0.124517,0.080568,1.078894,0.241434,0.293163,7.0000,1.031318,0.659275
7,685,6,0.114342,0.060568,1.085615,0.298922,0.657839,11.0000,0.917405,0.673189
7,686,6,0.102272,0.028317,1.116529,0.311651,0.649377,10.0000,0.949664,0.737180
7,687,7,0.101099,0.041644,1.116597,0.288206,0.824503,14.0000,0.952544,0.737321
7,688,11,0.071436,0.052549,1.156863,0.058716,0.732305,9.0000,0.904733,0.820672
7,689,16,0.058324,0.058124,1.168655,0.049572,0.760903,12.0000,0.918953,0.845084
7,690,1,0.828919,0.010011,0.604175,0.000000,1.000000,1.0000,1.118498,0.187339
7,691,2,0.651164,0.114711,0.644158,0.000000,0.798780,2.0000,0.971899,0.250473
7,692,5,0.148889,0.095987,1.009220,0.277326,0.572911,5.0000,0.810473,0.537544
7,693,6,0.140717,0.036514,1.086995,0.176506,0.615314,14.0000,0.899548,0.657269
7,694,6,0.133440,0.027420,1.114050,0.093819,0.715370,8.0000,0.948143,0.714253
7,695,7,0.131268,0.029259,1.116195,0.035855,0.840943,5.0000,1.004455,0.718770
7,696,9,0.120511,0.035046,1.125643,0.043369,0.913253,6.0000,0.951106,0.738670
7,697,12,0.066200,0.043831,1.169548,0.088809,0.716400,11.0000,0.880829,0.831144
7,698,14,0.062416,0.043060,1.176779,0.066584,0.667864,10.0000,0.938326,0.846376
7,699,14,0.062140,0.042165,1.189009,0.066109,0.642796,8.0000,0.936026,0.872134
7,700,1,0.680530,0.194688,0.381847,0.000000,1.000000,1.0000,1.112262,0.054714
7,701,7,0.099098,0.048512,1.105169,0.126187,0.341100,13.0000,0.994113,0.715632
7,702,10,0.078423,0.050673,1.151629,0.110848,0.571586,9.0000,0.861304,0.788924
7,703,10,0.076548,0.049422,1.160090,0.091132,0.492503,9.0000,0.923613,0.806645
7,704,10,0.076548,0.049422,1.160090,0.091132,0.492503,7.0000,1.031203,0.806645
7,705,12,0.075245,0.049437,1.163126,0.081097,0.557140,4.0000,0.994210,0.813003
7,706,11,0.076361,0.049708,1.167271,0.096219,0.495590,12.0000,0.929433,0.821685
7,707,11,0.084480,0.045753,1.184763,0.088258,0.580480,6.0000,0.904517,0.858319
7,708,11,0.084480,0.045753,1.184763,0.088258,0.580480,10.0000,0.980359,0.858319
7,709,14,0.080458,0.061974,1.186728,0.053814,0.638168,6.0000,0.969600,0.862435
7,710,2,0.338641,0.014441,0.933931,0.000000,0.040311,3.0000,1.116059,0.360656
7,711,4,0.269151,0.049864,1.008511,0.738750,0.963180,4.0000,0.976817,0.491961
7,712,8,0.112212,0.072308,1.075468,0.137340,0.641044,15.0000,0.893400,0.632989
7,713,11,0.086415,0.056640,1.136308,0.085206,0.532111,11.0000,0.952922,0.761134
7,714,11,0.095057,0.060123,1.141489,0.143443,0.628909,9.0000,0.947535,0.772046
7,715,11,0.074500,0.047695,1.156225,0.094748,0.480697,12.0000,0.923272,0.803084
7,716,11,0.072399,0.049643,1.158690,0.089522,0.460619,7.0000,0.971781,0.808275
7,717,12,0.069669,0.053829,1.159867,0.082303,0.460442,10.0000,0.942305,0.810754
7,718,11,0.075454,0.052304,1.171608,0.089053,0.560885,5.0000,0.940726,0.835484
7,719,12,0.063087,0.043430,1.177736,0.066819,0.528728,7.0000,0.916747,0.848391
7,720,2,0.642394,0.188043,0.500969,0.000000,0.878034,2.0000,1.149591,0.267950
7,721,4,0.209807,0.127800,0.855747,0.421770,0.629314,5.0000,1.047217,0.386370
7,722,5,0.191497,0.130248,0.993696,0.234621,0.419339,7.0000,0.930694,0.516138
7,723,7,0.113206,0.063283,1.089797,0.121067,0.505513,8.0000,0.922594,0.681845
7,724,11,0.084566,0.065013,1.124514,0.067827,0.679887,13.0000,0.881795,0.753710
7,725,11,0.067977,0.047572,1.167095,0.080498,0.680076,9.0000,0.982092,0.841853
7,726,14,0.054872,0.049830,1.170022,0.045406,0.673945,9.0000,1.010903,0.847913
7,727,15,0.054489,0.049135,1.170154,0.045896,0.715147,6.0000,0.923070,0.848185
7,728,15,0.049144,0.045741,1.188106,0.044550,0.717155,7.0000,0.903225,0.885348
7,729,15,0.060135,0.039097,1.198250,0.027340,0.743176,14.0000,0.911786,0.906346
7,730,3,0.299438,0.059903,0.889999,0.902902,0.847794,7.0000,1.237690,0.381971
7,731,4,0.214547,0.085792,0.999348,0.430305,0.534777,5.0000,1.049424,0.519564
7,732,6,0.161939,0.071569,1.050954,0.148804,0.593039,9.0000,0.834899,0.625304
7,733,8,0.126295,0.071814,1.075163,0.120605,0.721516,8.0000,0.867032,0.674909
7,734,10,0.088854,0.065681,1.119412,0.120058,0.701315,13.0000,1.025754,0.765575
7,735,12,0.078973,0.064872,1.127155,0.095261,0.659777,6.0000,0.993852,0.781440
7,736,15,0.077807,0.080344,1.128979,0.059455,0.512194,13.0000,0.894761,0.785177
7,737,17,0.072403,0.082088,1.135384,0.054325,0.497270,11.0000,0.898099,0.798301
7,738,16,0.057062,0.059632,1.155627,0.051045,0.522884,7.0000,0.940236,0.839779
7,739,14,0.076980,0.060507,1.165173,0.043862,0.593733,7.0000,0.957598,0.859338
7,740,4,0.231672,0.029169,0.875928,0.312339,0.748581,5.0000,1.085755,0.627009
7,741,6,0.095231,0.041591,1.052450,0.260715,0.567322,8.0000,0.947481,0.738715
7,742,7,0.096730,0.021981,1.117458,0.276892,0.739403,10.0000,0.914618,0.786726
7,743,11,0.054999,0.037902,1.142569,0.119097,0.705672,15.0000,0.948527,0.837851
7,744,11,0.054999,0.037902,1.142569,0.119097,0.705672,1.0000,0.983127,0.837851
7,745,10,0.049882,0.030418,1.160446,0.125372,0.674143,12.0000,0.911605,0.874250
7,746,10,0.049882,0.030418,1.160446,0.125372,0.674143,5.0000,0.940135,0.874250
7,747,10,0.049882,0.030418,1.160446,0.125372,0.674143,5.0000,0.961490,0.874250
7,748,11,0.048314,0.030687,1.160604,0.116771,0.716640,11.0000,0.897213,0.874572
7,749,12,0.048099,0.030236,1.160720,0.116924,0.765938,10.0000,0.946557,0.874808
7,750,3,0.814277,0.010202,0.483836,0.018565,0.984614,3.0000,1.216554,0.225392
7,751,5,0.229835,0.043727,0.910265,0.266731,0.938453,2.0000,1.027418,0.456896
7,752,8,0.130980,0.080812,0.961726,0.179065,0.667319,8.0000,0.902498,0.559202
7,753,11,0.150208,0.089059,1.013399,0.121400,0.776736,8.0000,0.921501,0.661929
7,754,13,0.129471,0.076267,1.060532,0.054079,0.669785,12.0000,0.911517,0.755630
7,755,12,0.091026,0.068520,1.086294,0.121529,0.724623,9.0000,0.982946,0.784746
7,756,16,0.090926,0.073240,1.090754,0.080870,0.710475,9.0000,0.942335,0.793613
7,757,14,0.076274,0.058749,1.113834,0.111322,0.740080,6.0000,0.962348,0.839495
7,758,15,0.075730,0.059199,1.115706,0.112278,0.769624,7.0000,0.930739,0.843217
7,759,13,0.060132,0.033409,1.137223,0.128007,0.767962,10.0000,0.943638,0.885993
7,760,1,0.758299,0.012068,0.499298,0.000000,1.000000,1.0000,1.122783,0.303956
7,761,3,0.300151,0.043742,0.865750,0.875948,0.851980,2.0000,1.013347,0.484201
7,762,5,0.133350,0.071314,0.958214,0.153530,0.647424,11.0000,0.842883,0.663806
7,763,9,0.087408,0.071761,1.000214,0.123476,0.696131,10.0000,0.795338,0.742076
7,764,9,0.083475,0.054535,1.068165,0.146902,0.615755,9.0000,1.038791,0.808267
7,765,9,0.083475,0.054535,1.068165,0.146902,0.615755,3.0000,1.087336,0.808267
7,766,9,0.083475,0.054535,1.068165,0.146902,0.615755,5.0000,0.948181,0.808267
7,767,10,0.081998,0.050086,1.075050,0.155827,0.682807,5.0000,0.890624,0.816170
7,768,11,0.079874,0.050050,1.084836,0.119224,0.714786,11.0000,0.971625,0.835180
7,769,12,0.078970,0.048975,1.085454,0.114086,0.768768,10.0000,0.945451,0.836381
7,770,2,0.326524,0.011081,0.855166,0.000000,0.114017,2.0000,1.208868,0.495631
7,771,4,0.112630,0.058121,0.929223,0.096509,0.255409,4.0000,0.960304,0.638326
7,772,10,0.079264,0.072228,0.968678,0.082443,0.569343,9.0000,0.826223,0.714351
7,773,11,0.068612,0.067855,0.979892,0.054899,0.542715,5.0000,0.882998,0.735959
7,774,11,0.062245,0.057479,1.000207,0.052518,0.642687,9.0000,1.033860,0.775102
7,775,11,0.062245,0.057479,1.000207,0.052518,0.642687,5.0000,0.991869,0.775102
7,776,15,0.058556,0.054270,1.010788,0.048272,0.759209,7.0000,0.906151,0.795489
7,777,15,0.058556,0.054270,1.010788,0.048272,0.759209,8.0000,0.906685,0.795489
7,778,16,0.057873,0.052616,1.011860,0.045869,0.798399,6.0000,0.972712,0.797555
7,779,16,0.057873,0.052616,1.011860,0.045869,0.798399,9.0000,0.966529,0.797555
7,780,2,0.535398,0.136430,0.498084,0.000000,0.778817,2.0000,1.092753,0.255219
7,781,6,0.119328,0.079649,0.895878,0.123413,0.474073,7.0000,0.915665,0.654592
7,782,7,0.116951,0.073879,0.902955,0.156457,0.573365,8.0000,0.850395,0.668216
7,783,8,0.100482,0.079259,0.930374,0.137910,0.538054,7.0000,0.924868,0.721001
7,784,8,0.105803,0.068263,0.958408,0.133148,0.659660,4.0000,1.011180,0.774968
7,785,8,0.077918,0.046358,1.015260,0.125821,0.631551,4.0000,1.005251,0.833374
7,786,8,0.083494,0.026945,1.048059,0.163052,0.683944,8.0000,0.889426,0.881854
7,787,10,0.082673,0.026188,1.050207,0.160100,0.850955,5.0000,0.901852,0.885988
7,788,11,0.082485,0.028286,1.055215,0.152082,0.879184,9.0000,0.943454,0.894981
7,789,11,0.082485,0.028286,1.055215,0.152082,0.879184,6.0000,1.010804,0.894981
7,790,3,0.280371,0.190214,0.690372,0.692950,0.826518,3.0000,1.163824,0.437715
7,791,4,0.190214,0.110186,0.777008,0.288796,0.668546,5.0000,0.957429,0.562062
7,792,7,0.179382,0.117621,0.823764,0.196146,0.907882,6.0000,0.818944,0.579510
7,793,9,0.154365,0.105748,0.839878,0.083901,0.809757,5.0000,0.914087,0.611261
7,794,11,0.110978,0.106241,0.875321,0.094291,0.725855,7.0000,1.026618,0.681096
7,795,9,0.097180,0.072881,0.909286,0.099569,0.601069,8.0000,1.036473,0.739453
7,796,9,0.093319,0.065904,0.916570,0.094219,0.607277,6.0000,0.932954,0.753805
7,797,9,0.089028,0.060474,0.927848,0.095989,0.598742,8.0000,0.888837,0.759344
7,798,10,0.088044,0.075072,0.928109,0.055065,0.594416,3.0000,0.934941,0.759859
7,799,10,0.088044,0.075072,0.928109,0.055065,0.594416,8.0000,1.011732,0.759859
7,800,1,0.804672,0.005829,0.501641,0.000000,1.000000,1.0000,1.093780,0.264179
7,801,2,0.488603,0.106179,0.566896,0.000000,0.648760,1.0000,0.944167,0.358782
7,802,5,0.110745,0.075089,0.864769,0.134167,0.298935,6.0000,0.832684,0.653711
7,803,7,0.061959,0.028656,0.938207,0.170544,0.467145,10.0000,0.922580,0.797812
7,804,11,0.054584,0.039438,0.962354,0.080294,0.503097,5.0000,1.002892,0.845194
7,805,13,0.051654,0.037120,0.968104,0.077205,0.591925,4.0000,1.050465,0.849683
7,806,15,0.051338,0.035718,0.970946,0.068840,0.629011,9.0000,0.941889,0.855260
7,807,16,0.048716,0.034693,0.972336,0.066924,0.639437,5.0000,0.927002,0.857986
7,808,17,0.047035,0.041518,0.978754,0.045571,0.615252,7.0000,0.959797,0.870581
7,809,18,0.046793,0.040726,0.984834,0.044268,0.621559,6.0000,0.959570,0.873315
7,810,0,,,,,,0.0000,1.154236,0.000000
7,811,0,,,,,,0.0000,1.215669,0.000000
7,812,0,,,,,,0.0000,1.070270,0.000000
7,813,0,,,,,,0.0000,1.056785,0.000000
7,814,0,,,,,,0.0000,1.058551,0.000000
7,815,0,,,,,,0.0000,1.136375,0.000000
7,816,0,,,,,,0.0000,1.140733,0.000000
7,817,0,,,,,,0.0000,1.107007,0.000000
7,818,0,,,,,,0.0000,0.994435,0.000000
7,819,0,,,,,,0.0000,1.070021,0.000000
7,820,0,,,,,,0.0000,1.154097,0.000000
7,821,0,,,,,,0.0000,1.129502,0.000000
7,822,0,,,,,,0.0000,1.046563,0.000000
7,823,0,,,,,,0.0000,1.042036,0.000000
7,824,0,,,,,,0.0000,1.057109,0.000000
7,825,0,,,,,,0.0000,1.075410,0.000000
7,826,0,,,,,,0.0000,1.075744,0.000000
7,827,0,,,,,,0.0000,1.090955,0.000000
7,828,0,,,,,,0.0000,1.057533,0.000000
7,829,0,,,,,,0.0000,1.057522,0.000000
7,830,0,,,,,,0.0000,1.070072,0.000000
7,831,0,,,,,,0.0000,1.040009,0.000000
7,832,0,,,,,,0.0000,1.087943,0.000000
7,833,0,,,,,,0.0000,1.068027,0.000000
7,834,0,,,,,,0.0000,1.052092,0.000000
7,835,0,,,,,,0.0000,1.064544,0.000000
7,836,0,,,,,,0.0000,1.052238,0.000000
7,837,0,,,,,,0.0000,1.054206,0.000000
7,838,0,,,,,,0.0000,1.084884,0.000000
7,839,0,,,,,,0.0000,1.055419,0.000000
7,840,0,,,,,,0.0000,1.018360,0.000000
7,841,0,,,,,,0.0000,1.067983,0.000000
7,842,0,,,,,,0.0000,1.025607,0.000000
7,843,0,,,,,,0.0000,1.093259,0.000000
7,844,0,,,,,,0.0000,1.061708,0.000000
7,845,0,,,,,,0.0000,1.011838,0.000000
7,846,0,,,,,,0.0000,1.087055,0.000000
7,847,0,,,,,,0.0000,1.126800,0.000000
7,848,0,,,,,,0.0000,1.100611,0.000000
7,849,0,,,,,,0.0000,1.030472,0.000000
7,850,0,,,,,,0.0000,1.018663,0.000000
7,851,0,,,,,,0.0000,1.080124,0.000000
7,852,0,,,,,,0.0000,1.131333,0.000000
7,853,0,,,,,,0.0000,1.077535,0.000000
7,854,0,,,,,,0.0000,1.025401,0.000000
7,855,0,,,,,,0.0000,1.010932,0.000000
7,856,0,,,,,,0.0000,1.114569,0.000000
7,857,0,,,,,,0.0000,1.115518,0.000000
7,858,0,,,,,,0.0000,1.040313,0.000000
7,859,0,,,,,,0.0000,1.038912,0.000000
7,860,0,,,,,,0.0000,1.065644,0.000000
7,861,0,,,,,,0.0000,1.148914,0.000000
7,862,0,,,,,,0.0000,1.034849,0.000000
7,863,0,,,,,,0.0000,0.983453,0.000000
7,864,0,,,,,,0.0000,1.049121,0.000000
7,865,0,,,,,,0.0000,1.126751,0.000000
7,866,0,,,,,,0.0000,1.084952,0.000000
7,867,0,,,,,,0.0000,1.015007,0.000000
7,868,0,,,,,,0.0000,1.033484,0.000000
7,869,0,,,,,,0.0000,1.139683,0.000000
7,870,0,,,,,,0.0000,1.078403,0.000000
7,871,0,,,,,,0.0000,1.028412,0.000000
7,872,0,,,,,,0.0000,1.087301,0.000000
7,873,0,,,,,,0.0000,1.069253,0.000000
7,874,0,,,,,,0.0000,1.055767,0.000000
7,875,0,,,,,,0.0000,1.047514,0.000000
7,876,0,,,,,,0.0000,1.031650,0.000000
7,877,0,,,,,,0.0000,1.078190,0.000000
7,878,0,,,,,,0.0000,1.065159,0.000000
7,879,0,,,,,,0.0000,1.073594,0.000000
7,880,0,,,,,,0.0000,1.028475,0.000000
7,881,0,,,,,,0.0000,1.022082,0.000000
7,882,0,,,,,,0.0000,1.055812,0.000000
7,883,0,,,,,,0.0000,1.076357,0.000000
7,884,0,,,,,,0.0000,1.043326,0.000000
7,885,0,,,,,,0.0000,1.032566,0.000000
7,886,0,,,,,,0.0000,1.064234,0.000000
7,887,0,,,,,,0.0000,1.067668,0.000000
7,888,0,,,,,,0.0000,1.074205,0.000000
7,889,0,,,,,,0.0000,1.051601,0.000000
7,890,0,,,,,,0.0000,1.027961,0.000000
7,891,0,,,,,,0.0000,1.043414,0.000000
7,892,0,,,,,,0.0000,1.081485,0.000000
7,893,0,,,,,,0.0000,1.102969,0.000000
7,894,0,,,,,,0.0000,1.053395,0.000000
7,895,0,,,,,,0.0000,1.053286,0.000000
7,896,0,,,,,,0.0000,1.077280,0.000000
7,897,0,,,,,,0.0000,1.105628,0.000000
7,898,0,,,,,,0.0000,1.057114,0.000000
7,899,0,,,,,,0.0000,1.043785,0.000000
7,900,0,,,,,,0.0000,1.081646,0.000000
7,901,0,,,,,,0.0000,1.061641,0.000000
7,902,0,,,,,,0.0000,1.056842,0.000000
7,903,0,,,,,,0.0000,1.069304,0.000000
7,904,0,,,,,,0.0000,1.084809,0.000000
7,905,0,,,,,,0.0000,1.075972,0.000000
7,906,0,,,,,,0.0000,1.034835,0.000000
7,907,0,,,,,,0.0000,1.014404,0.000000
7,908,0,,,,,,0.0000,1.039400,0.000000
7,909,0,,,,,,0.0000,1.131939,0.000000
7,910,0,,,,,,0.0000,1.041692,0.000000
7,911,0,,,,,,0.0000,1.027493,0.000000
7,912,0,,,,,,0.0000,1.052066,0.000000
7,913,0,,,,,,0.0000,1.125739,0.000000
7,914,0,,,,,,0.0000,1.041995,0.000000
7,915,0,,,,,,0.0000,0.987149,0.000000
7,916,0,,,,,,0.0000,1.079411,0.000000
7,917,0,,,,,,0.0000,1.116593,0.000000
7,918,0,,,,,,0.0000,1.057551,0.000000
7,919,0,,,,,,0.0000,0.994122,0.000000
7,920,0,,,,,,0.0000,1.033674,0.000000
7,921,0,,,,,,0.0000,1.108164,0.000000
7,922,0,,,,,,0.0000,1.102304,0.000000
7,923,0,,,,,,0.0000,1.043642,0.000000
7,924,0,,,,,,0.0000,0.997412,0.000000
7,925,0,,,,,,0.0000,1.073083,0.000000
7,926,0,,,,,,0.0000,1.096993,0.000000
7,927,0,,,,,,0.0000,1.079845,0.000000
7,928,0,,,,,,0.0000,1.022973,0.000000
7,929,0,,,,,,0.0000,1.083658,0.000000
7,930,0,,,,,,0.0000,1.070345,0.000000
7,931,0,,,,,,0.0000,1.085936,0.000000
7,932,0,,,,,,0.0000,1.085430,0.000000
7,933,0,,,,,,0.0000,1.063951,0.000000
7,934,0,,,,,,0.0000,1.095525,0.000000
7,935,0,,,,,,0.0000,1.071532,0.000000
7,936,0,,,,,,0.0000,1.067666,0.000000
7,937,0,,,,,,0.0000,1.041211,0.000000
7,938,0,,,,,,0.0000,1.050031,0.000000
7,939,0,,,,,,0.0000,1.080724,0.000000
7,940,0,,,,,,0.0000,1.098429,0.000000
7,941,0,,,,,,0.0000,1.105749,0.000000
7,942,0,,,,,,0.0000,1.087838,0.000000
7,943,0,,,,,,0.0000,1.056323,0.000000
7,944,0,,,,,,0.0000,1.027743,0.000000
7,945,0,,,,,,0.0000,1.044998,0.000000
7,946,0,,,,,,0.0000,1.065622,0.000000
7,947,0,,,,,,0.0000,1.091963,0.000000
7,948,0,,,,,,0.0000,1.056800,0.000000
7,949,0,,,,,,0.0000,1.078759,0.000000
7,950,0,,,,,,0.0000,1.120130,0.000000
7,951,0,,,,,,0.0000,1.090967,0.000000
7,952,0,,,,,,0.0000,1.057005,0.000000
7,953,0,,,,,,0.0000,1.046821,0.000000
7,954,0,,,,,,0.0000,1.067071,0.000000
7,955,0,,,,,,0.0000,1.131092,0.000000
7,956,0,,,,,,0.0000,1.076861,0.000000
7,957,0,,,,,,0.0000,1.023515,0.000000
7,958,0,,,,,,0.0000,1.073335,0.000000
7,959,0,,,,,,0.0000,1.139733,0.000000
7,960,0,,,,,,0.0000,1.092797,0.000000
7,961,0,,,,,,0.0000,1.020129,0.000000
7,962,0,,,,,,0.0000,1.052460,0.000000
7,963,0,,,,,,0.0000,1.148664,0.000000
7,964,0,,,,,,0.0000,1.134897,0.000000
7,965,0,,,,,,0.0000,1.011710,0.000000
7,966,0,,,,,,0.0000,1.005118,0.000000
7,967,0,,,,,,0.0000,1.033549,0.000000
7,968,0,,,,,,0.0000,1.132981,0.000000
7,969,0,,,,,,0.0000,1.037632,0.000000
7,970,0,,,,,,0.0000,1.000644,0.000000
7,971,0,,,,,,0.0000,1.068132,0.000000
7,972,0,,,,,,0.0000,1.092889,0.000000
7,973,0,,,,,,0.0000,1.014143,0.000000
7,974,0,,,,,,0.0000,1.015508,0.000000
7,975,0,,,,,,0.0000,1.107164,0.000000
7,976,0,,,,,,0.0000,1.076470,0.000000
7,977,0,,,,,,0.0000,1.040246,0.000000
7,978,0,,,,,,0.0000,1.055101,0.000000
7,979,0,,,,,,0.0000,1.072647,0.000000
7,980,0,,,,,,0.0000,1.073455,0.000000
7,981,0,,,,,,0.0000,1.042685,0.000000
7,982,0,,,,,,0.0000,1.091112,0.000000
7,983,0,,,,,,0.0000,1.081650,0.000000
7,984,0,,,,,,0.0000,1.060956,0.000000
7,985,0,,,,,,0.0000,1.088164,0.000000
7,986,0,,,,,,0.0000,1.075719,0.000000
7,987,0,,,,,,0.0000,1.029298,0.000000
7,988,0,,,,,,0.0000,1.029231,0.000000
7,989,0,,,,,,0.0000,1.086754,0.000000
7,990,0,,,,,,0.0000,1.065517,0.000000
7,991,0,,,,,,0.0000,1.105685,0.000000
7,992,0,,,,,,0.0000,1.047479,0.000000
7,993,0,,,,,,0.0000,1.041301,0.000000
7,994,0,,,,,,0.0000,1.074192,0.000000
7,995,0,,,,,,0.0000,1.120752,0.000000
7,996,0,,,,,,0.0000,1.080601,0.000000
7,997,0,,,,,,0.0000,1.024749,0.000000
7,998,0,,,,,,0.0000,1.043796,0.000000
7,999,0,,,,,,0.0000,1.101353,0.000000
7,1000,0,,,,,,0.0000,1.060818,0.000000
8,1,8,0.103688,0.103155,0.551262,0.173924,0.550442,17.0000,0.787064,0.702561
8,2,9,0.100896,0.097325,0.553177,0.162873,0.616243,2.0000,0.789240,0.706319
8,3,11,0.099346,0.094953,0.553931,0.060944,0.531894,4.0000,0.772741,0.707799
8,4,10,0.086765,0.084039,0.583778,0.119155,0.537600,6.0000,0.777813,0.740026
8,5,10,0.096254,0.040814,0.615943,0.075192,0.745266,10.0000,0.738081,0.803141
8,6,9,0.097852,0.043692,0.618311,0.061247,0.728280,7.0000,0.684323,0.807787
8,7,10,0.069753,0.048895,0.626811,0.058795,0.679747,5.0000,0.754990,0.824465
8,8,11,0.053368,0.048559,0.634311,0.054871,0.629194,3.0000,0.810900,0.839182
8,9,13,0.045675,0.042598,0.643545,0.062147,0.566226,9.0000,0.755901,0.857301
8,10,2,0.314944,0.131511,0.321219,0.000000,0.417268,2.0000,0.948005,0.384931
8,11,5,0.182465,0.123289,0.439305,0.116972,0.442897,6.0000,0.842485,0.537286
8,12,7,0.173883,0.120538,0.445240,0.117556,0.679332,3.0000,0.807499,0.549354
8,13,10,0.133015,0.114070,0.471478,0.095185,0.564860,4.0000,0.805614,0.602710
8,14,11,0.133015,0.117244,0.471515,0.104949,0.642481,1.0000,0.882755,0.602785
8,15,9,0.103491,0.081285,0.532072,0.134151,0.549619,8.0000,0.850557,0.699845
8,16,10,0.095981,0.077364,0.544699,0.130612,0.612912,5.0000,0.772883,0.725523
8,17,14,0.092505,0.077383,0.558331,0.020744,0.677826,11.0000,0.752644,0.747565
8,18,16,0.092351,0.081820,0.562250,0.022693,0.693227,10.0000,0.796160,0.755534
8,19,15,0.103520,0.048083,0.594501,0.034037,0.751179,8.0000,0.815224,0.818486
8,20,1,0.768621,0.240488,0.028199,0.000000,1.000000,1.0000,0.965894,0.000000
8,21,4,0.198643,0.117723,0.348529,0.080528,0.520623,5.0000,0.837159,0.430507
8,22,7,0.198907,0.129535,0.388800,0.078466,0.901808,6.0000,0.708448,0.469529
8,23,9,0.159956,0.110380,0.480248,0.136837,0.719085,13.0000,0.734603,0.646101
8,24,8,0.152796,0.085071,0.504717,0.146410,0.756150,4.0000,0.841255,0.695251
8,25,9,0.152795,0.082563,0.504792,0.148248,0.854076,4.0000,0.860604,0.695400
8,26,11,0.151984,0.075921,0.512854,0.134263,0.956248,9.0000,0.748763,0.711595
8,27,10,0.151597,0.086085,0.522077,0.113652,0.993883,5.0000,0.760838,0.730093
8,28,11,0.136252,0.066569,0.545546,0.055223,0.855337,5.0000,0.794286,0.765267
8,29,12,0.090840,0.045394,0.575894,0.060347,0.877359,4.0000,0.816415,0.826225
8,30,2,0.313630,0.139094,0.280488,0.000000,0.557366,2.0000,0.902411,0.375662
8,31,3,0.188525,0.065873,0.435857,0.330112,0.477569,3.0000,0.785765,0.621868
8,32,6,0.098940,0.080585,0.491736,0.182636,0.489892,8.0000,0.735183,0.732414
8,33,8,0.079309,0.084182,0.512907,0.175943,0.631519,4.0000,0.796665,0.749648
8,34,10,0.074964,0.077062,0.515795,0.137112,0.727378,6.0000,0.809305,0.755546
8,35,9,0.067765,0.061894,0.521816,0.143335,0.696482,3.0000,0.764078,0.767318
8,36,11,0.060975,0.053245,0.546072,0.134123,0.741020,10.0000,0.718187,0.811261
8,37,12,0.055893,0.049805,0.569342,0.068297,0.659237,6.0000,0.774880,0.849477
8,38,13,0.047666,0.044639,0.573594,0.053599,0.671203,6.0000,0.776433,0.858160
8,39,15,0.044757,0.043215,0.574560,0.049825,0.627108,4.0000,0.768081,0.860133
8,40,2,0.467743,0.166753,0.161477,0.000000,0.766275,2.0000,0.982285,0.233090
8,41,5,0.232315,0.165782,0.294215,0.248334,0.607043,5.0000,0.828958,0.353364
8,42,7,0.107375,0.065740,0.465392,0.195587,0.555983,12.0000,0.678764,0.694461
8,43,9,0.080558,0.050552,0.512147,0.037846,0.628933,6.0000,0.760128,0.791831
8,44,9,0.078098,0.048100,0.520497,0.034618,0.608320,4.0000,0.881942,0.802347
8,45,10,0.078032,0.046562,0.522012,0.058222,0.678216,3.0000,0.806020,0.805502
8,46,11,0.077784,0.045642,0.524639,0.047185,0.736715,5.0000,0.775632,0.810972
8,47,12,0.072885,0.043857,0.535988,0.044028,0.701699,5.0000,0.766949,0.829228
8,48,13,0.072392,0.042613,0.536410,0.046396,0.744477,8.0000,0.819908,0.830106
8,49,14,0.058826,0.045193,0.539421,0.054916,0.660566,7.0000,0.824615,0.836378
8,50,0,,,,,,0.0000,0.956205,0.000000
8,51,0,,,,,,0.0000,0.948464,0.000000
8,52,0,,,,,,0.0000,0.892698,0.000000
8,53,0,,,,,,0.0000,0.892365,0.000000
8,54,0,,,,,,0.0000,0.918972,0.000000
8,55,0,,,,,,0.0000,0.918568,0.000000
8,56,0,,,,,,0.0000,0.881680,0.000000
8,57,0,,,,,,0.0000,0.880734,0.000000
8,58,0,,,,,,0.0000,0.874649,0.000000
8,59,0,,,,,,0.0000,0.890287,0.000000
8,60,0,,,,,,0.0000,0.903822,0.000000
8,61,0,,,,,,0.0000,0.909002,0.000000
8,62,0,,,,,,0.0000,0.892333,0.000000
8,63,0,,,,,,0.0000,0.906762,0.000000
8,64,0,,,,,,0.0000,0.897094,0.000000
8,65,0,,,,,,0.0000,0.878978,0.000000
8,66,0,,,,,,0.0000,0.904419,0.000000
8,67,0,,,,,,0.0000,0.889822,0.000000
8,68,0,,,,,,0.0000,0.893272,0.000000
8,69,0,,,,,,0.0000,0.878717,0.000000
8,70,0,,,,,,0.0000,0.911041,0.000000
8,71,0,,,,,,0.0000,0.920802,0.000000
8,72,0,,,,,,0.0000,0.917229,0.000000
8,73,0,,,,,,0.0000,0.895756,0.000000
8,74,0,,,,,,0.0000,0.881618,0.000000
8,75,0,,,,,,0.0000,0.893622,0.000000
8,76,0,,,,,,0.0000,0.926590,0.000000
8,77,0,,,,,,0.0000,0.902965,0.000000
8,78,0,,,,,,0.0000,0.924048,0.000000
8,79,0,,,,,,0.0000,0.901250,0.000000
8,80,0,,,,,,0.0000,0.906739,0.000000
8,81,0,,,,,,0.0000,0.895566,0.000000
8,82,0,,,,,,0.0000,0.899288,0.000000
8,83,0,,,,,,0.0000,0.909213,0.000000
8,84,0,,,,,,0.0000,0.904307,0.000000
8,85,0,,,,,,0.0000,0.869700,0.000000
8,86,0,,,,,,0.0000,0.875552,0.000000
8,87,0,,,,,,0.0000,0.934114,0.000000
8,88,0,,,,,,0.0000,0.939718,0.000000
8,89,0,,,,,,0.0000,0.873746,0.000000
8,90,0,,,,,,0.0000,0.884671,0.000000
8,91,0,,,,,,0.0000,0.906033,0.000000
8,92,0,,,,,,0.0000,0.910754,0.000000
8,93,0,,,,,,0.0000,0.890469,0.000000
8,94,0,,,,,,0.0000,0.894826,0.000000
8,95,0,,,,,,0.0000,0.895032,0.000000
8,96,0,,,,,,0.0000,0.900885,0.000000
8,97,0,,,,,,0.0000,0.901839,0.000000
8,98,0,,,,,,0.0000,0.895435,0.000000
8,99,0,,,,,,0.0000,0.906532,0.000000
8,100,0,,,,,,0.0000,0.912444,0.000000
8,101,0,,,,,,0.0000,0.902933,0.000000
8,102,0,,,,,,0.0000,0.890957,0.000000
8,103,0,,,,,,0.0000,0.881344,0.000000
8,104,0,,,,,,0.0000,0.897899,0.000000
8,105,0,,,,,,0.0000,0.915497,0.000000
8,106,0,,,,,,0.0000,0.876386,0.000000
8,107,0,,,,,,0.0000,0.867350,0.000000
8,108,0,,,,,,0.0000,0.909251,0.000000
8,109,0,,,,,,0.0000,0.926409,0.000000
8,110,0,,,,,,0.0000,0.872364,0.000000
8,111,0,,,,,,0.0000,0.861108,0.000000
8,112,0,,,,,,0.0000,0.895618,0.000000
8,113,0,,,,,,0.0000,0.916424,0.000000
8,114,0,,,,,,0.0000,0.899961,0.000000
8,115,0,,,,,,0.0000,0.868789,0.000000
8,116,0,,,,,,0.0000,0.874221,0.000000
8,117,0,,,,,,0.0000,0.908910,0.000000
8,118,0,,,,,,0.0000,0.913078,0.000000
8,119,0,,,,,,0.0000,0.884682,0.000000
8,120,0,,,,,,0.0000,0.880379,0.000000
8,121,0,,,,,,0.0000,0.869641,0.000000
8,122,0,,,,,,0.0000,0.913311,0.000000
8,123,0,,,,,,0.0000,0.907933,0.000000
8,124,0,,,,,,0.0000,0.910469,0.000000
8,125,0,,,,,,0.0000,0.892110,0.000000
8,126,0,,,,,,0.0000,0.899854,0.000000
8,127,0,,,,,,0.0000,0.911227,0.000000
8,128,0,,,,,,0.0000,0.876050,0.000000
8,129,0,,,,,,0.0000,0.879229,0.000000
8,130,0,,,,,,0.0000,0.902485,0.000000
8,131,0,,,,,,0.0000,0.894691,0.000000
8,132,0,,,,,,0.0000,0.872738,0.000000
8,133,0,,,,,,0.0000,0.898932,0.000000
8,134,0,,,,,,0.0000,0.892774,0.000000
8,135,0,,,,,,0.0000,0.881146,0.000000
8,136,0,,,,,,0.0000,0.870062,0.000000
8,137,0,,,,,,0.0000,0.898132,0.000000
8,138,0,,,,,,0.0000,0.912542,0.000000
8,139,0,,,,,,0.0000,0.890648,0.000000
8,140,0,,,,,,0.0000,0.894893,0.000000
8,141,0,,,,,,0.0000,0.899111,0.000000
8,142,0,,,,,,0.0000,0.890915,0.000000
8,143,0,,,,,,0.0000,0.885401,0.000000
8,144,0,,,,,,0.0000,0.903681,0.000000
8,145,0,,,,,,0.0000,0.920918,0.000000
8,146,0,,,,,,0.0000,0.890654,0.000000
8,147,0,,,,,,0.0000,0.868967,0.000000
8,148,0,,,,,,0.0000,0.887290,0.000000
8,149,0,,,,,,0.0000,0.910177,0.000000
8,150,0,,,,,,0.0000,0.910660,0.000000
8,151,0,,,,,,0.0000,0.858523,0.000000
8,152,0,,,,,,0.0000,0.869331,0.000000
8,153,0,,,,,,0.0000,0.890655,0.000000
8,154,0,,,,,,0.0000,0.901843,0.000000
8,155,0,,,,,,0.0000,0.895624,0.000000
8,156,0,,,,,,0.0000,0.882465,0.000000
8,157,0,,,,,,0.0000,0.891066,0.000000
8,158,0,,,,,,0.0000,0.880985,0.000000
8,159,0,,,,,,0.0000,0.908040,0.000000
8,160,0,,,,,,0.0000,0.913272,0.000000
8,161,0,,,,,,0.0000,0.884135,0.000000
8,162,0,,,,,,0.0000,0.878883,0.000000
8,163,0,,,,,,0.0000,0.892761,0.000000
8,164,0,,,,,,0.0000,0.916186,0.000000
8,165,0,,,,,,0.0000,0.902317,0.000000
8,166,0,,,,,,0.0000,0.880887,0.000000
8,167,0,,,,,,0.0000,0.885336,0.000000
8,168,0,,,,,,0.0000,0.910292,0.000000
8,169,0,,,,,,0.0000,0.909537,0.000000
8,170,0,,,,,,0.0000,0.890841,0.000000
8,171,0,,,,,,0.0000,0.872114,0.000000
8,172,0,,,,,,0.0000,0.914807,0.000000
8,173,0,,,,,,0.0000,0.916982,0.000000
8,174,0,,,,,,0.0000,0.893043,0.000000
8,175,0,,,,,,0.0000,0.885735,0.000000
8,176,0,,,,,,0.0000,0.907517,0.000000
8,177,0,,,,,,0.0000,0.923041,0.000000
8,178,0,,,,,,0.0000,0.922749,0.000000
8,179,0,,,,,,0.0000,0.899238,0.000000
8,180,0,,,,,,0.0000,0.904977,0.000000
8,181,0,,,,,,0.0000,0.869512,0.000000
8,182,0,,,,,,0.0000,0.892231,0.000000
8,183,0,,,,,,0.0000,0.948563,0.000000
8,184,0,,,,,,0.0000,0.890660,0.000000
8,185,0,,,,,,0.0000,0.847601,0.000000
8,186,0,,,,,,0.0000,0.883459,0.000000
8,187,0,,,,,,0.0000,0.950888,0.000000
8,188,0,,,,,,0.0000,0.900548,0.000000
8,189,0,,,,,,0.0000,0.851333,0.000000
8,190,0,,,,,,0.0000,0.857507,0.000000
8,191,0,,,,,,0.0000,0.881203,0.000000
8,192,0,,,,,,0.0000,0.901334,0.000000
8,193,0,,,,,,0.0000,0.903785,0.000000
8,194,0,,,,,,0.0000,0.891508,0.000000
8,195,0,,,,,,0.0000,0.891984,0.000000
8,196,0,,,,,,0.0000,0.922911,0.000000
8,197,0,,,,,,0.0000,0.900155,0.000000
8,198,0,,,,,,0.0000,0.879724,0.000000
8,199,0,,,,,,0.0000,0.893791,0.000000
8,200,0,,,,,,0.0000,0.891975,0.000000
8,201,0,,,,,,0.0000,0.899353,0.000000
8,202,0,,,,,,0.0000,0.880547,0.000000
8,203,0,,,,,,0.0000,0.902668,0.000000
8,204,0,,,,,,0.0000,0.920485,0.000000
8,205,0,,,,,,0.0000,0.901868,0.000000
8,206,0,,,,,,0.0000,0.881644,0.000000
8,207,0,,,,,,0.0000,0.919043,0.000000
8,208,0,,,,,,0.0000,0.903095,0.000000
8,209,0,,,,,,0.0000,0.899009,0.000000
8,210,0,,,,,,0.0000,0.895700,0.000000
8,211,0,,,,,,0.0000,0.873790,0.000000
8,212,0,,,,,,0.0000,0.884467,0.000000
8,213,0,,,,,,0.0000,0.900938,0.000000
8,214,0,,,,,,0.0000,0.902883,0.000000
8,215,0,,,,,,0.0000,0.885327,0.000000
8,216,0,,,,,,0.0000,0.884640,0.000000
8,217,0,,,,,,0.0000,0.903546,0.000000
8,218,0,,,,,,0.0000,0.886790,0.000000
8,219,0,,,,,,0.0000,0.889012,0.000000
8,220,0,,,,,,0.0000,0.890560,0.000000
8,221,0,,,,,,0.0000,0.885962,0.000000
8,222,0,,,,,,0.0000,0.898016,0.000000
8,223,0,,,,,,0.0000,0.891248,0.000000
8,224,0,,,,,,0.0000,0.898132,0.000000
8,225,0,,,,,,0.0000,0.900649,0.000000
8,226,0,,,,,,0.0000,0.921508,0.000000
8,227,0,,,,,,0.0000,0.897456,0.000000
8,228,0,,,,,,0.0000,0.880462,0.000000
8,229,0,,,,,,0.0000,0.890636,0.000000
8,230,0,,,,,,0.0000,0.892451,0.000000
8,231,0,,,,,,0.0000,0.907253,0.000000
8,232,0,,,,,,0.0000,0.911513,0.000000
8,233,0,,,,,,0.0000,0.939906,0.000000
8,234,0,,,,,,0.0000,0.889740,0.000000
8,235,0,,,,,,0.0000,0.881533,0.000000
8,236,0,,,,,,0.0000,0.910562,0.000000
8,237,0,,,,,,0.0000,0.905729,0.000000
8,238,0,,,,,,0.0000,0.902254,0.000000
8,239,0,,,,,,0.0000,0.882128,0.000000
8,240,0,,,,,,0.0000,0.904867,0.000000
8,241,0,,,,,,0.0000,0.901872,0.000000
8,242,0,,,,,,0.0000,0.871609,0.000000
8,243,0,,,,,,0.0000,0.889165,0.000000
8,244,0,,,,,,0.0000,0.918754,0.000000
8,245,0,,,,,,0.0000,0.913116,0.000000
8,246,0,,,,,,0.0000,0.867896,0.000000
8,247,1,0.857658,0.003969,0.253101,0.000000,1.000000,2.0000,0.877464,0.202987
8,248,4,0.224248,0.139686,0.447791,0.074720,0.562604,6.0000,0.716673,0.313091
8,249,9,0.158411,0.108607,0.567963,0.151419,0.650741,10.0000,0.729304,0.546517
8,250,3,0.462681,0.220499,0.289314,0.383138,0.828218,6.0000,0.926377,0.221617
8,251,5,0.335638,0.017511,0.560098,0.798003,1.362912,13.0000,0.940157,0.433598
8,252,8,0.243352,0.052455,0.603892,0.078697,1.151160,7.0000,0.721101,0.520661
8,253,11,0.145586,0.064592,0.701813,0.099781,0.874974,12.0000,0.650471,0.705151
8,254,13,0.100077,0.061442,0.716211,0.110077,0.845603,9.0000,0.778487,0.733775
8,255,14,0.100077,0.066897,0.717995,0.098143,0.853224,12.0000,0.847433,0.737322
8,256,14,0.099453,0.069907,0.719220,0.096000,0.816726,12.0000,0.788979,0.739756
8,257,11,0.099570,0.076298,0.730349,0.091763,0.636084,4.0000,0.758886,0.749390
8,258,9,0.084604,0.065705,0.766879,0.135201,0.599556,10.0000,0.769578,0.822012
8,259,11,0.083958,0.060774,0.769118,0.121160,0.674868,12.0000,0.789979,0.826464
8,260,2,0.336880,0.125443,0.422123,0.000000,0.161184,2.0000,0.983670,0.167122
8,261,4,0.203603,0.071392,0.677797,0.432155,0.489461,8.0000,0.857035,0.599945
8,262,6,0.126672,0.090256,0.740635,0.040908,0.263536,10.0000,0.740428,0.727884
8,263,8,0.116151,0.081111,0.746161,0.122543,0.445245,16.0000,0.741506,0.739135
8,264,9,0.097694,0.076529,0.747305,0.098176,0.306147,8.0000,0.813778,0.741465
8,265,10,0.095192,0.074017,0.749312,0.105948,0.430241,10.0000,0.819995,0.745551
8,266,12,0.093008,0.069235,0.750211,0.100874,0.566659,6.0000,0.814567,0.747382
8,267,11,0.090814,0.055347,0.770854,0.098018,0.630325,4.0000,0.793852,0.789411
8,268,13,0.083742,0.041472,0.781833,0.105723,0.769413,13.0000,0.811179,0.811765
8,269,14,0.083398,0.040592,0.792647,0.101593,0.728630,11.0000,0.765014,0.833783
8,270,2,0.648914,0.203517,0.229372,0.000000,0.772044,2.0000,0.950839,0.026723
8,271,6,0.161321,0.095679,0.650914,0.109828,0.742628,8.0000,0.851838,0.593026
8,272,8,0.100012,0.061431,0.717600,0.150812,0.682121,14.0000,0.757282,0.671435
8,273,10,0.098438,0.056207,0.730031,0.123946,0.751796,12.0000,0.740871,0.682972
8,274,13,0.097606,0.055750,0.731862,0.104156,0.898838,14.0000,0.781811,0.686723
8,275,14,0.079956,0.061264,0.771197,0.061939,0.649411,8.0000,0.791639,0.764976
8,276,14,0.073773,0.052486,0.797730,0.066324,0.712945,17.0000,0.751967,0.819341
8,277,14,0.067050,0.044168,0.818566,0.114065,0.824496,13.0000,0.713144,0.862034
8,278,16,0.066282,0.047350,0.825602,0.066802,0.762240,9.0000,0.807960,0.876451
8,279,16,0.059520,0.041407,0.830907,0.067387,0.735563,11.0000,0.829484,0.887322
8,280,3,0.298740,0.037410,0.627429,0.896793,0.780727,7.0000,0.959229,0.444942
8,281,4,0.297921,0.034661,0.629138,0.826800,1.111232,4.0000,0.827547,0.448479
8,282,6,0.139309,0.055219,0.739278,0.119463,0.607167,15.0000,0.691957,0.676472
8,283,7,0.130094,0.051237,0.746928,0.091733,0.735371,6.0000,0.795855,0.692307
8,284,7,0.130094,0.051237,0.746928,0.091733,0.735371,5.0000,0.831504,0.692307
8,285,7,0.143799,0.026662,0.776157,0.092292,0.808157,17.0000,0.819751,0.752811
8,286,8,0.129250,0.041575,0.789651,0.035535,0.718667,13.0000,0.800368,0.780745
8,287,8,0.129250,0.041575,0.789651,0.035535,0.718667,6.0000,0.797585,0.780745
8,288,9,0.121814,0.061860,0.791424,0.051416,0.588002,10.0000,0.806954,0.784416
8,289,11,0.087112,0.051890,0.805750,0.100047,0.680646,17.0000,0.777130,0.814070
8,290,2,0.356647,0.013677,0.591835,0.000000,0.018793,3.0000,0.982461,0.347150
8,291,2,0.356647,0.013677,0.591835,0.000000,0.018793,5.0000,0.909119,0.347150
8,292,7,0.104437,0.072948,0.779583,0.098285,0.443345,9.0000,0.724357,0.742594
8,293,7,0.104334,0.072883,0.780338,0.098715,0.443699,8.0000,0.728811,0.744185
8,294,7,0.095792,0.067125,0.786452,0.058510,0.187131,14.0000,0.813332,0.757063
8,295,10,0.074434,0.055306,0.812409,0.069356,0.423151,13.0000,0.830211,0.811734
8,296,11,0.074218,0.066296,0.814827,0.048878,0.439378,7.0000,0.750884,0.816827
8,297,13,0.059783,0.047358,0.822155,0.066179,0.565932,10.0000,0.717641,0.832262
8,298,14,0.057633,0.047157,0.824210,0.060710,0.593015,11.0000,0.725555,0.836589
8,299,15,0.055275,0.042600,0.833271,0.058504,0.630446,8.0000,0.802932,0.855675
8,300,2,0.656003,0.132596,0.350763,0.000000,0.939918,3.0000,1.017186,0.222545
8,301,4,0.149593,0.099328,0.625729,0.222482,0.644362,8.0000,0.783980,0.543069
8,302,8,0.106701,0.080525,0.733523,0.053498,0.529267,8.0000,0.664250,0.730509
8,303,10,0.092036,0.083697,0.791163,0.047227,0.348298,16.0000,0.739738,0.765597
8,304,13,0.081975,0.076043,0.802179,0.052082,0.341088,8.0000,0.837922,0.788667
8,305,14,0.072554,0.057505,0.814700,0.062286,0.536930,14.0000,0.783361,0.811949
8,306,14,0.072211,0.055427,0.817220,0.071252,0.573196,7.0000,0.769831,0.817229
8,307,14,0.069333,0.052533,0.819845,0.070777,0.596374,12.0000,0.750761,0.822727
8,308,14,0.069317,0.052528,0.820006,0.070696,0.596436,16.0000,0.776282,0.823063
8,309,16,0.068240,0.050150,0.821011,0.064161,0.713558,12.0000,0.813479,0.825167
8,310,2,0.332954,0.092657,0.468791,0.000000,0.135163,3.0000,0.985277,0.152914
8,311,4,0.210248,0.083670,0.626536,0.106617,0.604566,6.0000,0.833007,0.420240
8,312,7,0.153277,0.033415,0.783872,0.139377,0.777989,13.0000,0.728442,0.751627
8,313,9,0.133188,0.044326,0.794231,0.098757,0.829091,10.0000,0.790395,0.773447
8,314,10,0.102266,0.060320,0.794405,0.112204,0.713543,10.0000,0.828601,0.773814
8,315,12,0.073539,0.048818,0.825765,0.144873,0.806371,16.0000,0.819793,0.839866
8,316,12,0.068721,0.037231,0.836091,0.142435,0.811475,10.0000,0.734981,0.861613
8,317,13,0.066651,0.035718,0.837558,0.136807,0.852484,16.0000,0.779614,0.864704
8,318,14,0.066651,0.038477,0.837662,0.134281,0.888805,16.0000,0.798239,0.864924
8,319,15,0.066341,0.038180,0.837975,0.131923,0.921341,13.0000,0.790081,0.865583
8,320,3,0.325961,0.081186,0.518141,1.058509,0.983986,6.0000,0.930278,0.272717
8,321,2,0.353011,0.009659,0.587780,0.000000,0.013297,2.0000,0.844975,0.364947
8,322,4,0.160285,0.011794,0.774378,0.254694,0.411444,7.0000,0.784216,0.751210
8,323,6,0.159118,0.067752,0.779605,0.066708,0.574302,13.0000,0.797536,0.762029
8,324,7,0.157275,0.055021,0.790054,0.087807,0.703286,12.0000,0.838145,0.781578
8,325,9,0.073203,0.049019,0.825049,0.081643,0.408800,12.0000,0.793696,0.854020
8,326,10,0.067065,0.043987,0.830355,0.098427,0.451048,16.0000,0.811563,0.865003
8,327,11,0.066876,0.044060,0.831635,0.105393,0.546026,13.0000,0.791793,0.867652
8,328,11,0.066876,0.044060,0.831635,0.105393,0.546026,16.0000,0.789557,0.867652
8,329,11,0.065813,0.041552,0.832233,0.104926,0.568704,14.0000,0.790066,0.868889
8,330,2,0.363044,0.021693,0.562021,0.000000,0.022459,8.0000,0.928392,0.336375
8,331,4,0.267362,0.027200,0.659638,0.021427,0.946813,7.0000,0.783357,0.536392
8,332,4,0.267268,0.023447,0.667054,0.020203,0.949636,12.0000,0.780159,0.551588
8,333,6,0.159677,0.111434,0.684024,0.125463,0.526904,11.0000,0.781035,0.586359
8,334,9,0.110635,0.082758,0.744321,0.071993,0.654816,15.0000,0.777439,0.709908
8,335,8,0.080106,0.047991,0.777345,0.177378,0.781152,16.0000,0.817822,0.777573
8,336,9,0.072360,0.051337,0.786667,0.091718,0.774459,10.0000,0.781555,0.796674
8,337,8,0.070846,0.025001,0.808543,0.164676,0.768769,7.0000,0.797967,0.841498
8,338,9,0.064929,0.023618,0.816570,0.119487,0.719702,6.0000,0.796825,0.857944
8,339,9,0.064929,0.023618,0.816570,0.119487,0.719702,7.0000,0.777997,0.857944
8,340,3,0.262321,0.075098,0.547755,0.781248,0.750519,4.0000,0.976060,0.398449
8,341,6,0.093604,0.061707,0.757258,0.100822,0.223137,7.0000,0.796691,0.774729
8,342,7,0.089073,0.051891,0.778174,0.155264,0.392479,10.0000,0.705806,0.804315
8,343,7,0.089053,0.051555,0.778877,0.161425,0.389591,12.0000,0.724112,0.805745
8,344,7,0.085850,0.044133,0.785465,0.162432,0.396950,9.0000,0.850983,0.819160
8,345,9,0.078625,0.047828,0.788461,0.139886,0.563396,4.0000,0.881959,0.825260
8,346,9,0.078625,0.047828,0.788461,0.139886,0.563396,7.0000,0.787851,0.825260
8,347,9,0.070522,0.033785,0.799150,0.116742,0.636720,9.0000,0.776824,0.847023
8,348,9,0.070430,0.033525,0.800231,0.117442,0.636059,14.0000,0.798198,0.849225
8,349,11,0.060927,0.032413,0.813526,0.039435,0.623037,10.0000,0.794465,0.876293
8,350,2,0.844648,0.006936,0.276720,0.000000,0.991734,3.0000,0.931950,0.215344
8,351,6,0.136779,0.085748,0.650978,0.188915,0.609191,4.0000,0.793266,0.639952
8,352,7,0.125990,0.079779,0.700742,0.173746,0.643749,12.0000,0.697312,0.690530
8,353,8,0.105412,0.082423,0.734035,0.135036,0.461579,5.0000,0.778878,0.756718
8,354,9,0.098132,0.072051,0.752694,0.095800,0.551436,8.0000,0.868453,0.793812
8,355,9,0.098198,0.071499,0.753267,0.096176,0.568687,10.0000,0.770561,0.794951
8,356,10,0.095599,0.045103,0.776049,0.107169,0.635486,13.0000,0.738777,0.840242
8,357,11,0.073335,0.053197,0.781403,0.088396,0.542697,9.0000,0.756515,0.850886
8,358,11,0.069653,0.051570,0.791651,0.087848,0.548132,8.0000,0.807570,0.871259
8,359,12,0.065637,0.049381,0.794183,0.059077,0.562640,10.0000,0.790134,0.876293
8,360,1,0.745317,0.017706,0.309742,0.000000,1.000000,1.0000,0.936444,0.313726
8,361,4,0.174016,0.086254,0.569597,0.487243,0.689836,4.0000,0.789497,0.542834
8,362,8,0.118531,0.113465,0.625641,0.111448,0.675157,5.0000,0.745430,0.651697
8,363,10,0.076318,0.060320,0.735345,0.094957,0.573359,15.0000,0.700368,0.806626
8,364,11,0.078435,0.059560,0.745676,0.112129,0.620229,10.0000,0.826825,0.826692
8,365,11,0.078435,0.059560,0.745676,0.112129,0.620229,4.0000,0.839406,0.826692
8,366,12,0.058560,0.051686,0.763559,0.114928,0.677231,7.0000,0.772944,0.861429
8,367,13,0.058451,0.049771,0.767402,0.115852,0.724266,7.0000,0.820116,0.865017
8,368,13,0.058434,0.049659,0.769825,0.114851,0.712780,7.0000,0.870696,0.867386
8,369,13,0.058434,0.049659,0.769825,0.114851,0.712780,4.0000,0.801247,0.867386
8,370,1,0.705297,0.152803,0.197952,0.000000,1.000000,1.0000,0.896117,0.173523
8,371,2,0.302173,0.006503,0.564019,0.000000,0.167524,5.0000,0.811643,0.575961
8,372,6,0.158951,0.045327,0.641215,0.033155,0.856402,12.0000,0.695000,0.711143
8,373,8,0.083138,0.057293,0.674042,0.115150,0.760771,6.0000,0.783944,0.768528
8,374,11,0.073561,0.063418,0.681421,0.073810,0.633971,11.0000,0.786868,0.782745
8,375,10,0.082018,0.052837,0.694572,0.109353,0.810208,8.0000,0.828241,0.808086
8,376,9,0.081342,0.045177,0.711274,0.170145,0.837486,6.0000,0.773297,0.840267
8,377,11,0.076320,0.049620,0.712351,0.108224,0.919000,9.0000,0.801471,0.842342
8,378,11,0.076320,0.049620,0.712351,0.108224,0.919000,2.0000,0.768763,0.842342
8,379,13,0.076008,0.047975,0.717352,0.101956,0.936165,8.0000,0.730653,0.849489
8,380,1,0.736062,0.089321,0.220188,0.000000,1.000000,1.0000,0.953585,0.224653
8,381,3,0.275278,0.240389,0.357944,0.305113,0.423750,3.0000,0.881183,0.280667
8,382,5,0.192950,0.085214,0.530945,0.077715,0.845814,6.0000,0.741779,0.609608
8,383,8,0.093424,0.071122,0.625399,0.148166,0.604302,9.0000,0.714479,0.737109
8,384,10,0.083407,0.078889,0.630150,0.050411,0.540835,10.0000,0.767488,0.746255
8,385,10,0.083407,0.078889,0.630150,0.050411,0.540835,6.0000,0.811559,0.746255
8,386,12,0.079593,0.077176,0.637087,0.044021,0.649313,5.0000,0.800630,0.756405
8,387,10,0.073517,0.064459,0.665988,0.035194,0.654271,5.0000,0.813715,0.812042
8,388,10,0.073517,0.064459,0.665988,0.035194,0.654271,2.0000,0.760369,0.812042
8,389,12,0.062614,0.060101,0.671271,0.035270,0.677410,8.0000,0.795443,0.822212
8,390,1,0.759980,0.220387,0.083529,0.000000,1.000000,1.0000,0.962691,0.019817
8,391,2,0.289569,0.063149,0.462256,0.000000,0.238595,3.0000,0.807256,0.498770
8,392,5,0.181211,0.063683,0.548121,0.316791,0.841221,12.0000,0.701336,0.664826
8,393,7,0.150445,0.062796,0.575387,0.148828,0.835681,9.0000,0.698169,0.718550
8,394,8,0.080011,0.069910,0.614686,0.054067,0.380726,8.0000,0.788977,0.766746
8,395,9,0.080011,0.071027,0.616275,0.073567,0.419202,6.0000,0.811723,0.769876
8,396,12,0.052548,0.044378,0.669940,0.087592,0.590144,10.0000,0.794264,0.855109
8,397,12,0.052344,0.043374,0.677509,0.087903,0.558972,11.0000,0.792772,0.860787
8,398,12,0.049664,0.041533,0.679692,0.089708,0.546682,6.0000,0.753463,0.865089
8,399,13,0.049151,0.041522,0.679878,0.090446,0.615040,9.0000,0.746445,0.865455
8,400,1,0.592593,0.188886,0.125055,0.000000,1.000000,1.0000,0.952173,0.134400
8,401,3,0.426986,0.201087,0.251724,0.054586,0.765030,3.0000,0.881708,0.314194
8,402,7,0.153720,0.128672,0.495928,0.124882,0.550306,12.0000,0.675086,0.602344
8,403,5,0.162780,0.037602,0.581720,0.352985,0.669456,4.0000,0.729592,0.766298
8,404,5,0.162780,0.037602,0.581720,0.352985,0.669456,2.0000,0.825618,0.766298
8,405,8,0.121139,0.068180,0.607848,0.111612,0.596263,6.0000,0.824552,0.786902
8,406,9,0.098374,0.056493,0.619262,0.120305,0.635967,5.0000,0.778583,0.806460
8,407,10,0.095614,0.056572,0.624375,0.111016,0.580595,6.0000,0.758954,0.816491
8,408,12,0.074576,0.057887,0.629780,0.042473,0.556590,6.0000,0.815787,0.827097
8,409,13,0.074312,0.051387,0.639124,0.046201,0.704998,10.0000,0.833010,0.845433
8,410,2,0.704182,0.054895,0.239859,0.000000,0.935454,2.0000,0.925963,0.321449
8,411,5,0.209228,0.087960,0.451101,0.076051,0.746938,4.0000,0.791984,0.526702
8,412,6,0.183394,0.069003,0.522147,0.137718,0.706921,5.0000,0.774184,0.667448
8,413,7,0.115506,0.074138,0.540222,0.177074,0.530746,4.0000,0.773648,0.704204
8,414,8,0.108840,0.076731,0.542200,0.116620,0.552357,6.0000,0.778714,0.708227
8,415,7,0.093044,0.051222,0.565748,0.217946,0.700485,11.0000,0.781257,0.752047
8,416,10,0.082387,0.044673,0.587502,0.039954,0.684997,9.0000,0.767893,0.796283
8,417,10,0.080731,0.041870,0.600814,0.039137,0.702043,7.0000,0.773181,0.823354
8,418,11,0.080005,0.041019,0.608035,0.038387,0.698842,7.0000,0.761045,0.838038
8,419,11,0.080005,0.041019,0.608035,0.038387,0.698842,8.0000,0.767764,0.838038
8,420,1,0.663431,0.134634,0.188781,0.000000,1.000000,1.0000,0.999637,0.264263
8,421,3,0.264016,0.116911,0.336804,0.637386,0.785475,3.0000,0.892067,0.413030
8,422,6,0.150225,0.108516,0.471474,0.136965,0.570728,10.0000,0.720601,0.625849
8,423,7,0.142507,0.095060,0.495972,0.136150,0.687955,10.0000,0.757644,0.668527
8,424,8,0.124348,0.057569,0.527729,0.083271,0.832119,5.0000,0.794927,0.731917
8,425,12,0.082035,0.061330,0.549427,0.091527,0.601916,7.0000,0.762629,0.775500
8,426,11,0.109033,0.035257,0.560148,0.076859,0.777201,6.0000,0.795481,0.797035
8,427,13,0.069146,0.028333,0.594175,0.065905,0.710904,6.0000,0.787312,0.854274
8,428,15,0.043136,0.023641,0.607853,0.061691,0.702511,12.0000,0.803589,0.880855
8,429,15,0.043136,0.023641,0.607853,0.061691,0.702511,5.0000,0.768064,0.880855
8,430,1,0.712121,0.197686,0.079400,0.000000,1.000000,1.0000,0.940335,0.000000
8,431,2,0.435493,0.160956,0.247796,0.000000,0.511047,4.0000,0.798943,0.257906
8,432,4,0.195916,0.140973,0.395527,0.141567,0.335569,8.0000,0.631586,0.514507
8,433,6,0.104521,0.062595,0.487857,0.247606,0.654445,11.0000,0.715134,0.692750
8,434,7,0.091780,0.065609,0.504352,0.134610,0.467741,5.0000,0.813599,0.726435
8,435,7,0.090754,0.061015,0.509589,0.140502,0.464357,4.0000,0.824797,0.737131
8,436,8,0.072599,0.059141,0.527493,0.117590,0.390996,5.0000,0.848606,0.770889
8,437,12,0.051558,0.047126,0.556387,0.069448,0.672796,10.0000,0.767988,0.822791
8,438,12,0.055992,0.059186,0.563605,0.086544,0.543444,7.0000,0.760011,0.831954
8,439,14,0.051338,0.067184,0.567198,0.069075,0.527432,11.0000,0.783909,0.839292
8,440,1,0.580781,0.058497,0.134828,0.000000,1.000000,1.0000,0.989402,0.203023
8,441,2,0.287821,0.045612,0.340845,0.000000,0.371349,2.0000,0.850015,0.461802
8,442,5,0.132931,0.063891,0.450080,0.176522,0.504858,8.0000,0.718302,0.669040
8,443,7,0.087628,0.044723,0.481211,0.155559,0.669410,4.0000,0.743666,0.733493
8,444,10,0.076301,0.051812,0.495054,0.082870,0.514886,6.0000,0.833519,0.761857
8,445,10,0.072230,0.048954,0.505143,0.079526,0.458671,5.0000,0.846517,0.779480
8,446,12,0.068710,0.044901,0.512150,0.074471,0.568627,3.0000,0.768031,0.793242
8,447,11,0.062740,0.035343,0.524091,0.092052,0.595327,7.0000,0.764934,0.810166
8,448,12,0.062568,0.033890,0.526727,0.090925,0.643823,11.0000,0.797859,0.814363
8,449,12,0.062568,0.033890,0.526727,0.090925,0.643823,8.0000,0.785474,0.814363
8,450,0,,,,,,0.0000,0.902642,0.000000
8,451,0,,,,,,0.0000,0.948167,0.000000
8,452,0,,,,,,0.0000,0.931794,0.000000
8,453,0,,,,,,0.0000,0.887658,0.000000
8,454,0,,,,,,0.0000,0.913331,0.000000
8,455,0,,,,,,0.0000,0.916696,0.000000
8,456,0,,,,,,0.0000,0.896702,0.000000
8,457,0,,,,,,0.0000,0.895481,0.000000
8,458,0,,,,,,0.0000,0.886167,0.000000
8,459,0,,,,,,0.0000,0.939022,0.000000
8,460,0,,,,,,0.0000,0.931298,0.000000
8,461,0,,,,,,0.0000,0.886235,0.000000
8,462,0,,,,,,0.0000,0.869752,0.000000
8,463,0,,,,,,0.0000,0.891507,0.000000
8,464,0,,,,,,0.0000,0.911430,0.000000
8,465,0,,,,,,0.0000,0.920512,0.000000
8,466,0,,,,,,0.0000,0.911111,0.000000
8,467,0,,,,,,0.0000,0.878566,0.000000
8,468,0,,,,,,0.0000,0.877488,0.000000
8,469,0,,,,,,0.0000,0.895258,0.000000
8,470,0,,,,,,0.0000,0.888099,0.000000
8,471,0,,,,,,0.0000,0.912150,0.000000
8,472,0,,,,,,0.0000,0.902924,0.000000
8,473,0,,,,,,0.0000,0.888754,0.000000
8,474,0,,,,,,0.0000,0.879906,0.000000
8,475,0,,,,,,0.0000,0.912288,0.000000
8,476,0,,,,,,0.0000,0.897732,0.000000
8,477,0,,,,,,0.0000,0.888765,0.000000
8,478,0,,,,,,0.0000,0.877029,0.000000
8,479,0,,,,,,0.0000,0.878630,0.000000
8,480,0,,,,,,0.0000,0.915474,0.000000
8,481,0,,,,,,0.0000,0.895327,0.000000
8,482,0,,,,,,0.0000,0.868159,0.000000
8,483,0,,,,,,0.0000,0.900665,0.000000
8,484,0,,,,,,0.0000,0.912324,0.000000
8,485,0,,,,,,0.0000,0.903421,0.000000
8,486,0,,,,,,0.0000,0.895834,0.000000
8,487,0,,,,,,0.0000,0.886770,0.000000
8,488,0,,,,,,0.0000,0.907469,0.000000
8,489,0,,,,,,0.0000,0.917237,0.000000
8,490,0,,,,,,0.0000,0.904050,0.000000
8,491,0,,,,,,0.0000,0.886511,0.000000
8,492,0,,,,,,0.0000,0.888234,0.000000
8,493,0,,,,,,0.0000,0.867793,0.000000
8,494,0,,,,,,0.0000,0.909774,0.000000
8,495,0,,,,,,0.0000,0.944946,0.000000
8,496,0,,,,,,0.0000,0.897248,0.000000
8,497,0,,,,,,0.0000,0.850631,0.000000
8,498,0,,,,,,0.0000,0.867309,0.000000
8,499,0,,,,,,0.0000,0.897175,0.000000
8,500,0,,,,,,0.0000,0.936269,0.000000
8,501,0,,,,,,0.0000,0.904649,0.000000
8,502,0,,,,,,0.0000,0.863052,0.000000
8,503,0,,,,,,0.0000,0.908251,0.000000
8,504,0,,,,,,0.0000,0.909987,0.000000
8,505,0,,,,,,0.0000,0.888348,0.000000
8,506,0,,,,,,0.0000,0.883555,0.000000
8,507,0,,,,,,0.0000,0.908947,0.000000
8,508,0,,,,,,0.0000,0.887260,0.000000
8,509,0,,,,,,0.0000,0.876189,0.000000
8,510,0,,,,,,0.0000,0.918340,0.000000
8,511,0,,,,,,0.0000,0.909377,0.000000
8,512,0,,,,,,0.0000,0.895626,0.000000
8,513,0,,,,,,0.0000,0.889243,0.000000
8,514,0,,,,,,0.0000,0.907732,0.000000
8,515,0,,,,,,0.0000,0.901388,0.000000
8,516,0,,,,,,0.0000,0.877916,0.000000
8,517,0,,,,,,0.0000,0.896363,0.000000
8,518,0,,,,,,0.0000,0.890555,0.000000
8,519,0,,,,,,0.0000,0.908234,0.000000
8,520,0,,,,,,0.0000,0.919877,0.000000
8,521,0,,,,,,0.0000,0.877308,0.000000
8,522,0,,,,,,0.0000,0.879254,0.000000
8,523,0,,,,,,0.0000,0.909417,0.000000
8,524,0,,,,,,0.0000,0.896504,0.000000
8,525,0,,,,,,0.0000,0.894732,0.000000
8,526,0,,,,,,0.0000,0.876744,0.000000
8,527,0,,,,,,0.0000,0.891179,0.000000
8,528,0,,,,,,0.0000,0.905644,0.000000
8,529,0,,,,,,0.0000,0.900624,0.000000
8,530,0,,,,,,0.0000,0.894313,0.000000
8,531,0,,,,,,0.0000,0.896224,0.000000
8,532,0,,,,,,0.0000,0.905691,0.000000
8,533,0,,,,,,0.0000,0.909757,0.000000
8,534,0,,,,,,0.0000,0.905482,0.000000
8,535,0,,,,,,0.0000,0.888688,0.000000
8,536,0,,,,,,0.0000,0.898205,0.000000
8,537,0,,,,,,0.0000,0.888302,0.000000
8,538,0,,,,,,0.0000,0.910116,0.000000
8,539,0,,,,,,0.0000,0.895750,0.000000
8,540,0,,,,,,0.0000,0.876987,0.000000
8,541,0,,,,,,0.0000,0.891556,0.000000
8,542,0,,,,,,0.0000,0.897344,0.000000
8,543,0,,,,,,0.0000,0.902859,0.000000
8,544,0,,,,,,0.0000,0.900841,0.000000
8,545,0,,,,,,0.0000,0.903836,0.000000
8,546,0,,,,,,0.0000,0.857344,0.000000
8,547,0,,,,,,0.0000,0.879344,0.000000
8,548,0,,,,,,0.0000,0.918987,0.000000
8,549,0,,,,,,0.0000,0.895810,0.000000
8,550,0,,,,,,0.0000,0.880673,0.000000
8,551,0,,,,,,0.0000,0.899237,0.000000
8,552,0,,,,,,0.0000,0.910788,0.000000
8,553,0,,,,,,0.0000,0.889730,0.000000
8,554,0,,,,,,0.0000,0.862074,0.000000
8,555,0,,,,,,0.0000,0.890527,0.000000
8,556,0,,,,,,0.0000,0.915280,0.000000
8,557,0,,,,,,0.0000,0.891780,0.000000
8,558,0,,,,,,0.0000,0.878072,0.000000
8,559,0,,,,,,0.0000,0.886215,0.000000
8,560,0,,,,,,0.0000,0.905663,0.000000
8,561,0,,,,,,0.0000,0.912993,0.000000
8,562,0,,,,,,0.0000,0.887844,0.000000
8,563,0,,,,,,0.0000,0.888183,0.000000
8,564,0,,,,,,0.0000,0.894379,0.000000
8,565,0,,,,,,0.0000,0.889941,0.000000
8,566,0,,,,,,0.0000,0.877529,0.000000
8,567,0,,,,,,0.0000,0.882977,0.000000
8,568,0,,,,,,0.0000,0.900329,0.000000
8,569,0,,,,,,0.0000,0.881334,0.000000
8,570,0,,,,,,0.0000,0.875950,0.000000
8,571,0,,,,,,0.0000,0.885785,0.000000
8,572,0,,,,,,0.0000,0.888888,0.000000
8,573,0,,,,,,0.0000,0.893247,0.000000
8,574,0,,,,,,0.0000,0.898525,0.000000
8,575,0,,,,,,0.0000,0.897419,0.000000
8,576,0,,,,,,0.0000,0.888262,0.000000
8,577,0,,,,,,0.0000,0.903506,0.000000
8,578,0,,,,,,0.0000,0.888277,0.000000
8,579,0,,,,,,0.0000,0.887785,0.000000
8,580,0,,,,,,0.0000,0.909076,0.000000
8,581,0,,,,,,0.0000,0.904771,0.000000
8,582,0,,,,,,0.0000,0.879253,0.000000
8,583,0,,,,,,0.0000,0.883759,0.000000
8,584,0,,,,,,0.0000,0.893157,0.000000
8,585,0,,,,,,0.0000,0.878240,0.000000
8,586,0,,,,,,0.0000,0.889232,0.000000
8,587,0,,,,,,0.0000,0.909141,0.000000
8,588,0,,,,,,0.0000,0.909865,0.000000
8,589,0,,,,,,0.0000,0.892642,0.000000
8,590,0,,,,,,0.0000,0.874386,0.000000
8,591,0,,,,,,0.0000,0.868837,0.000000
8,592,0,,,,,,0.0000,0.916738,0.000000
8,593,0,,,,,,0.0000,0.924799,0.000000
8,594,0,,,,,,0.0000,0.885707,0.000000
8,595,0,,,,,,0.0000,0.857703,0.000000
8,596,0,,,,,,0.0000,0.875328,0.000000
8,597,0,,,,,,0.0000,0.914895,0.000000
8,598,0,,,,,,0.0000,0.885480,0.000000
8,599,0,,,,,,0.0000,0.896662,0.000000
8,600,0,,,,,,0.0000,0.884637,0.000000
8,601,0,,,,,,0.0000,0.891369,0.000000
8,602,0,,,,,,0.0000,0.899482,0.000000
8,603,0,,,,,,0.0000,0.908449,0.000000
8,604,0,,,,,,0.0000,0.893573,0.000000
8,605,0,,,,,,0.0000,0.876409,0.000000
8,606,0,,,,,,0.0000,0.864451,0.000000
8,607,0,,,,,,0.0000,0.871010,0.000000
8,608,0,,,,,,0.0000,0.907598,0.000000
8,609,0,,,,,,0.0000,0.884424,0.000000
8,610,0,,,,,,0.0000,0.878490,0.000000
8,611,0,,,,,,0.0000,0.890019,0.000000
8,612,0,,,,,,0.0000,0.914962,0.000000
8,613,0,,,,,,0.0000,0.891724,0.000000
8,614,0,,,,,,0.0000,0.881927,0.000000
8,615,0,,,,,,0.0000,0.891845,0.000000
8,616,0,,,,,,0.0000,0.900247,0.000000
8,617,0,,,,,,0.0000,0.881043,0.000000
8,618,0,,,,,,0.0000,0.900885,0.000000
8,619,0,,,,,,0.0000,0.902970,0.000000
8,620,0,,,,,,0.0000,0.887153,0.000000
8,621,0,,,,,,0.0000,0.893870,0.000000
8,622,0,,,,,,0.0000,0.926066,0.000000
8,623,0,,,,,,0.0000,0.902958,0.000000
8,624,0,,,,,,0.0000,0.869149,0.000000
8,625,0,,,,,,0.0000,0.883368,0.000000
8,626,0,,,,,,0.0000,0.878274,0.000000
8,627,0,,,,,,0.0000,0.915519,0.000000
8,628,0,,,,,,0.0000,0.911163,0.000000
8,629,0,,,,,,0.0000,0.873262,0.000000
8,630,0,,,,,,0.0000,0.882274,0.000000
8,631,0,,,,,,0.0000,0.923116,0.000000
8,632,0,,,,,,0.0000,0.922468,0.000000
8,633,0,,,,,,0.0000,0.890284,0.000000
8,634,0,,,,,,0.0000,0.878405,0.000000
8,635,0,,,,,,0.0000,0.909208,0.000000
8,636,0,,,,,,0.0000,0.894853,0.000000
8,637,0,,,,,,0.0000,0.875268,0.000000
8,638,0,,,,,,0.0000,0.898985,0.000000
8,639,0,,,,,,0.0000,0.916212,0.000000
8,640,1,0.855071,0.001195,0.330173,0.000000,1.000000,1.0000,0.884977,0.213963
8,641,5,0.148627,0.086171,0.663927,0.117603,0.368065,8.0000,0.653871,0.675121
8,642,10,0.069115,0.048493,0.752993,0.076562,0.466877,15.0000,0.616336,0.834691
8,643,13,0.068185,0.057695,0.757371,0.052133,0.444961,11.0000,0.806573,0.843195
8,644,13,0.068321,0.054212,0.757932,0.075499,0.518839,6.0000,0.880263,0.844285
8,645,15,0.063518,0.053936,0.764252,0.067507,0.551003,5.0000,0.761595,0.856562
8,646,14,0.057843,0.038404,0.780498,0.061805,0.669525,11.0000,0.721868,0.888118
8,647,16,0.052846,0.036883,0.781851,0.033928,0.656037,14.0000,0.743631,0.890745
8,648,16,0.052694,0.033825,0.792469,0.035861,0.640242,12.0000,0.812482,0.911371
8,649,16,0.052694,0.033825,0.792469,0.035861,0.640242,3.0000,0.803632,0.911371
8,650,2,0.358705,0.192072,0.346651,0.000000,0.228019,3.0000,0.904962,0.208289
8,651,6,0.170796,0.039496,0.657098,0.172627,1.009377,9.0000,0.776084,0.669932
8,652,11,0.120351,0.058961,0.695837,0.115368,0.866717,15.0000,0.741016,0.716565
8,653,11,0.086028,0.054540,0.712275,0.140485,0.826684,9.0000,0.731712,0.749244
8,654,12,0.085972,0.052287,0.717894,0.137191,0.851429,4.0000,0.828136,0.754049
8,655,15,0.083072,0.050479,0.741723,0.118350,0.870314,6.0000,0.825474,0.779653
8,656,15,0.066870,0.051932,0.764137,0.055975,0.794152,5.0000,0.729960,0.824211
8,657,15,0.066576,0.050838,0.771419,0.055829,0.780439,9.0000,0.760655,0.831037
8,658,16,0.057120,0.050670,0.779377,0.053973,0.741851,8.0000,0.801513,0.846858
8,659,16,0.056912,0.050070,0.779802,0.052426,0.751091,11.0000,0.830903,0.847704
8,660,2,0.376487,0.025623,0.540347,0.000000,0.028265,4.0000,0.899383,0.321765
8,661,5,0.124662,0.070775,0.691146,0.165511,0.297092,7.0000,0.791810,0.628794
8,662,7,0.110457,0.050311,0.725105,0.262699,0.693069,12.0000,0.720436,0.697934
8,663,7,0.086034,0.041029,0.772742,0.123049,0.526897,7.0000,0.766967,0.793256
8,664,9,0.057336,0.032019,0.796828,0.107397,0.551544,13.0000,0.822436,0.842296
8,665,11,0.045112,0.036271,0.812334,0.069007,0.503303,13.0000,0.828999,0.873865
8,666,12,0.045020,0.036455,0.812464,0.079768,0.603691,7.0000,0.785711,0.874130
8,667,12,0.044574,0.036053,0.813466,0.078381,0.609060,6.0000,0.752680,0.876170
8,668,13,0.044315,0.036036,0.817671,0.070189,0.624090,7.0000,0.801666,0.884731
8,669,13,0.044315,0.036036,0.817671,0.070189,0.624090,11.0000,0.819718,0.884731
8,670,1,0.833685,0.002953,0.301836,0.000000,1.000000,5.0000,0.963192,0.215541
8,671,4,0.228026,0.193378,0.501913,0.207488,0.476241,8.0000,0.818385,0.320870
8,672,8,0.116021,0.083477,0.709147,0.161672,0.507049,11.0000,0.714093,0.651007
8,673,9,0.089028,0.076807,0.749182,0.064001,0.388413,11.0000,0.806225,0.719867
8,674,12,0.076392,0.077135,0.798822,0.064224,0.530461,9.0000,0.789919,0.821580
8,675,14,0.053093,0.054656,0.822361,0.060261,0.586682,17.0000,0.778760,0.869812
8,676,14,0.053093,0.054656,0.822361,0.060261,0.586682,9.0000,0.822545,0.869812
8,677,15,0.048570,0.055399,0.825188,0.058265,0.532059,8.0000,0.783072,0.875603
8,678,16,0.046384,0.053783,0.826201,0.055422,0.562313,5.0000,0.749970,0.877678
8,679,16,0.046384,0.053783,0.826201,0.055422,0.562313,9.0000,0.845511,0.877678
8,680,1,0.827166,0.001836,0.308409,0.000000,1.000000,3.0000,1.003400,0.212524
8,681,5,0.156119,0.079116,0.672758,0.129565,0.626810,6.0000,0.827942,0.579456
8,682,7,0.131485,0.077959,0.716217,0.054621,0.576018,9.0000,0.666405,0.628735
8,683,10,0.082962,0.083180,0.770227,0.061512,0.450686,19.0000,0.710955,0.740537
8,684,11,0.077851,0.083888,0.771975,0.060525,0.454635,13.0000,0.867009,0.744154
8,685,11,0.077851,0.083888,0.771975,0.060525,0.454635,8.0000,0.888610,0.744154
8,686,12,0.067848,0.079858,0.782475,0.066188,0.383323,9.0000,0.786139,0.765891
8,687,15,0.065429,0.080536,0.787702,0.061430,0.419250,11.0000,0.734208,0.776710
8,688,16,0.065430,0.079233,0.787888,0.054016,0.432802,10.0000,0.765510,0.777095
8,689,17,0.062410,0.073439,0.790469,0.048180,0.436550,14.0000,0.786430,0.782438
8,690,3,0.443301,0.125016,0.437186,0.296810,0.748089,3.0000,0.952865,0.275912
8,691,4,0.163016,0.069879,0.684808,0.409966,0.549814,7.0000,0.791282,0.579381
8,692,8,0.144930,0.047395,0.771165,0.152318,0.907246,12.0000,0.704943,0.730061
8,693,9,0.142931,0.041080,0.782788,0.048039,0.952126,8.0000,0.758254,0.749346
8,694,10,0.140235,0.038915,0.787744,0.043951,0.988944,17.0000,0.794184,0.759783
8,695,13,0.077335,0.051603,0.806819,0.064021,0.810744,8.0000,0.801899,0.799959
8,696,14,0.077321,0.049722,0.807005,0.065998,0.861659,17.0000,0.805489,0.800353
8,697,16,0.076862,0.055630,0.810624,0.060442,0.894621,11.0000,0.813622,0.807975
8,698,15,0.069629,0.042317,0.834343,0.063398,0.869398,16.0000,0.767300,0.857932
8,699,17,0.058693,0.031247,0.856103,0.039574,0.835189,10.0000,0.757928,0.903765
8,700,3,0.277591,0.073648,0.614489,0.800786,0.776040,4.0000,0.948915,0.430563
8,701,6,0.129938,0.053247,0.762673,0.046601,0.304749,7.0000,0.849959,0.702987
8,702,6,0.129938,0.053247,0.762673,0.046601,0.304749,6.0000,0.671069,0.702987
8,703,12,0.093937,0.064777,0.785034,0.087359,0.635878,19.0000,0.676394,0.749820
8,704,15,0.075038,0.065940,0.801411,0.064250,0.619553,18.0000,0.823003,0.784119
8,705,13,0.077308,0.063877,0.802002,0.069311,0.565441,9.0000,0.849113,0.785356
8,706,11,0.067977,0.049546,0.812130,0.083189,0.499175,11.0000,0.742078,0.806568
8,707,11,0.067977,0.049546,0.812130,0.083189,0.499175,8.0000,0.711754,0.806568
8,708,11,0.045582,0.029548,0.848924,0.086971,0.641641,14.0000,0.779405,0.883627
8,709,11,0.045582,0.029548,0.848924,0.086971,0.641641,12.0000,0.819740,0.883627
8,710,2,0.249090,0.117779,0.512755,0.000000,0.361950,3.0000,0.939137,0.377936
8,711,3,0.248109,0.023532,0.689244,0.733297,0.785546,12.0000,0.816075,0.621351
8,712,10,0.089749,0.062534,0.810363,0.093497,0.792538,19.0000,0.662505,0.807425
8,713,11,0.089633,0.060219,0.811343,0.096080,0.852948,12.0000,0.775820,0.809490
8,714,10,0.089653,0.062827,0.811707,0.092886,0.788651,14.0000,0.867608,0.810256
8,715,10,0.089097,0.062138,0.812969,0.082358,0.789204,9.0000,0.806610,0.812913
8,716,12,0.088293,0.070516,0.819102,0.078100,0.674195,16.0000,0.753412,0.825831
8,717,12,0.085842,0.055940,0.844724,0.076947,0.780291,10.0000,0.758284,0.879798
8,718,12,0.085842,0.055940,0.844724,0.076947,0.780291,11.0000,0.800411,0.879798
8,719,12,0.085842,0.055940,0.844724,0.076947,0.780291,10.0000,0.850682,0.879798
8,720,2,0.343436,0.122421,0.453288,0.000000,0.131669,6.0000,0.958423,0.191124
8,721,4,0.216557,0.082369,0.632665,0.580690,0.661801,9.0000,0.742354,0.455781
8,722,11,0.079843,0.061381,0.797249,0.139884,0.607325,13.0000,0.700128,0.796473
8,723,9,0.086327,0.057441,0.805929,0.147797,0.639065,13.0000,0.799407,0.814441
8,724,9,0.086327,0.057441,0.805929,0.147797,0.639065,10.0000,0.883020,0.814441
8,725,10,0.074237,0.060478,0.807586,0.138475,0.538734,6.0000,0.874111,0.817871
8,726,13,0.071564,0.061482,0.821368,0.120183,0.686006,11.0000,0.742831,0.846400
8,727,13,0.064128,0.040167,0.838798,0.092906,0.717943,16.0000,0.653211,0.882480
8,728,13,0.064104,0.037561,0.839975,0.098092,0.744818,3.0000,0.805118,0.884916
8,729,14,0.047690,0.038088,0.841604,0.062440,0.671508,13.0000,0.806210,0.888288
8,730,3,0.308206,0.152662,0.436458,0.857717,0.837225,5.0000,0.952539,0.235703
8,731,5,0.138139,0.045832,0.722351,0.233735,0.524035,8.0000,0.816633,0.664891
8,732,6,0.137442,0.055662,0.723723,0.245643,0.703755,12.0000,0.721494,0.667702
8,733,10,0.080683,0.037153,0.797730,0.076456,0.704420,13.0000,0.747999,0.819341
8,734,11,0.079304,0.042298,0.817964,0.072707,0.646485,13.0000,0.764619,0.860801
8,735,11,0.077390,0.039154,0.819594,0.075657,0.658385,7.0000,0.808834,0.864141
8,736,11,0.077290,0.039004,0.820927,0.075460,0.659955,10.0000,0.816509,0.866873
8,737,11,0.076376,0.036763,0.822433,0.078675,0.656755,11.0000,0.807431,0.869958
8,738,15,0.072445,0.032459,0.824134,0.035897,0.748813,9.0000,0.795512,0.873444
8,739,16,0.045521,0.036329,0.832096,0.037904,0.660413,5.0000,0.786763,0.889757
8,740,4,0.236870,0.111998,0.547434,0.005723,0.890302,5.0000,0.983239,0.422013
8,741,5,0.173595,0.048526,0.680244,0.108387,0.605844,6.0000,0.803116,0.608491
8,742,8,0.092499,0.061887,0.736340,0.153522,0.590789,14.0000,0.680224,0.722705
8,743,12,0.076781,0.055210,0.770935,0.070234,0.717543,17.0000,0.734031,0.789575
8,744,12,0.073775,0.050925,0.774925,0.062261,0.717504,10.0000,0.823206,0.797700
8,745,14,0.066700,0.048514,0.784628,0.079148,0.679603,14.0000,0.777603,0.817455
8,746,15,0.062932,0.051933,0.789481,0.059505,0.627163,8.0000,0.729193,0.827336
8,747,16,0.059835,0.047760,0.795644,0.056154,0.637357,13.0000,0.735698,0.839884
8,748,16,0.059666,0.047452,0.797378,0.056373,0.636920,14.0000,0.755250,0.843414
8,749,15,0.060091,0.042340,0.812606,0.048603,0.720288,12.0000,0.771803,0.874419
8,750,2,0.389259,0.016916,0.522497,0.000000,0.023354,3.0000,0.942604,0.336176
8,751,4,0.290967,0.042077,0.614341,0.747875,0.969118,4.0000,0.765913,0.518763
8,752,6,0.142212,0.077249,0.695723,0.154672,0.531498,8.0000,0.761952,0.680552
8,753,7,0.139886,0.071744,0.707826,0.146372,0.653924,10.0000,0.807911,0.704614
8,754,8,0.111960,0.069026,0.723179,0.105091,0.521540,6.0000,0.839084,0.735136
8,755,9,0.104799,0.055098,0.747224,0.088827,0.598141,12.0000,0.750013,0.782938
8,756,9,0.104799,0.055098,0.747224,0.088827,0.598141,7.0000,0.795629,0.782938
8,757,9,0.094875,0.042749,0.767101,0.073976,0.577824,9.0000,0.753254,0.822453
8,758,11,0.061474,0.041727,0.786618,0.079553,0.527898,11.0000,0.753435,0.861253
8,759,12,0.057622,0.040140,0.793042,0.065616,0.527749,10.0000,0.767415,0.874025
8,760,0,,,,,,0.0000,0.958506,0.000000
8,761,2,0.388158,0.001333,0.532196,0.000000,0.001715,2.0000,0.954362,0.405811
8,762,5,0.176986,0.105814,0.654289,0.075195,0.419522,9.0000,0.684927,0.642966
8,763,4,0.238804,0.035802,0.677327,0.030503,0.699181,4.0000,0.672507,0.687715
8,764,5,0.238071,0.040962,0.680282,0.169063,0.859783,5.0000,0.832576,0.693455
8,765,5,0.238071,0.040962,0.680282,0.169063,0.859783,4.0000,0.902071,0.693455
8,766,7,0.164565,0.039804,0.689190,0.116437,0.726244,3.0000,0.787585,0.710759
8,767,8,0.172544,0.027314,0.716817,0.083164,0.836713,4.0000,0.705480,0.764423
8,768,8,0.172544,0.027314,0.716817,0.083164,0.836713,2.0000,0.751389,0.764423
8,769,10,0.100243,0.027757,0.730669,0.111942,0.756867,12.0000,0.844720,0.791329
8,770,2,0.482589,0.088727,0.338764,0.000000,0.636664,2.0000,1.021818,0.358219
8,771,6,0.142791,0.108096,0.569843,0.273663,0.721550,5.0000,0.852902,0.581801
8,772,10,0.109270,0.110546,0.596635,0.115480,0.639491,12.0000,0.685553,0.629519
8,773,11,0.092178,0.073467,0.667693,0.070172,0.574984,18.0000,0.701667,0.742102
8,774,12,0.092178,0.076270,0.667939,0.078632,0.626402,10.0000,0.783998,0.742576
8,775,13,0.091917,0.075623,0.677809,0.079041,0.630550,7.0000,0.824400,0.761594
8,776,11,0.089808,0.059232,0.687655,0.103437,0.638881,10.0000,0.769455,0.780565
8,777,12,0.089711,0.060386,0.688057,0.102357,0.690130,9.0000,0.776894,0.781340
8,778,11,0.088279,0.057900,0.691587,0.103508,0.631059,12.0000,0.767647,0.788141
8,779,13,0.088190,0.056187,0.692898,0.103405,0.721747,7.0000,0.833011,0.789997
8,780,0,,,,,,0.0000,0.966822,0.000000
8,781,0,,,,,,0.0000,0.992794,0.000000
8,782,0,,,,,,0.0000,0.923146,0.000000
8,783,0,,,,,,0.0000,0.863691,0.000000
8,784,0,,,,,,0.0000,0.940785,0.000000
8,785,0,,,,,,0.0000,0.938567,0.000000
8,786,0,,,,,,0.0000,0.882652,0.000000
8,787,0,,,,,,0.0000,0.859923,0.000000
8,788,0,,,,,,0.0000,0.907787,0.000000
8,789,0,,,,,,0.0000,0.932829,0.000000
8,790,0,,,,,,0.0000,0.922900,0.000000
8,791,0,,,,,,0.0000,0.901212,0.000000
8,792,0,,,,,,0.0000,0.883799,0.000000
8,793,0,,,,,,0.0000,0.895310,0.000000
8,794,0,,,,,,0.0000,0.908406,0.000000
8,795,0,,,,,,0.0000,0.917560,0.000000
8,796,0,,,,,,0.0000,0.875189,0.000000
8,797,0,,,,,,0.0000,0.875459,0.000000
8,798,0,,,,,,0.0000,0.919067,0.000000
8,799,0,,,,,,0.0000,0.916525,0.000000
8,800,0,,,,,,0.0000,0.872491,0.000000
8,801,0,,,,,,0.0000,0.886710,0.000000
8,802,0,,,,,,0.0000,0.915985,0.000000
8,803,0,,,,,,0.0000,0.918331,0.000000
8,804,0,,,,,,0.0000,0.904293,0.000000
8,805,0,,,,,,0.0000,0.891451,0.000000
8,806,0,,,,,,0.0000,0.885916,0.000000
8,807,0,,,,,,0.0000,0.898603,0.000000
8,808,0,,,,,,0.0000,0.917628,0.000000
8,809,0,,,,,,0.0000,0.886864,0.000000
8,810,0,,,,,,0.0000,0.876256,0.000000
8,811,0,,,,,,0.0000,0.880368,0.000000
8,812,0,,,,,,0.0000,0.887966,0.000000
8,813,0,,,,,,0.0000,0.912358,0.000000
8,814,0,,,,,,0.0000,0.908762,0.000000
8,815,0,,,,,,0.0000,0.884442,0.000000
8,816,0,,,,,,0.0000,0.861309,0.000000
8,817,0,,,,,,0.0000,0.914406,0.000000
8,818,0,,,,,,0.0000,0.889231,0.000000
8,819,0,,,,,,0.0000,0.893757,0.000000
8,820,0,,,,,,0.0000,0.873074,0.000000
8,821,0,,,,,,0.0000,0.875096,0.000000
8,822,0,,,,,,0.0000,0.912881,0.000000
8,823,0,,,,,,0.0000,0.893069,0.000000
8,824,0,,,,,,0.0000,0.883513,0.000000
8,825,0,,,,,,0.0000,0.881993,0.000000
8,826,0,,,,,,0.0000,0.899036,0.000000
8,827,0,,,,,,0.0000,0.916136,0.000000
8,828,0,,,,,,0.0000,0.886236,0.000000
8,829,0,,,,,,0.0000,0.883635,0.000000
8,830,0,,,,,,0.0000,0.869525,0.000000
8,831,0,,,,,,0.0000,0.903980,0.000000
8,832,0,,,,,,0.0000,0.907044,0.000000
8,833,0,,,,,,0.0000,0.866372,0.000000
8,834,0,,,,,,0.0000,0.876722,0.000000
8,835,0,,,,,,0.0000,0.886102,0.000000
8,836,0,,,,,,0.0000,0.918001,0.000000
8,837,0,,,,,,0.0000,0.913722,0.000000
8,838,0,,,,,,0.0000,0.884703,0.000000
8,839,0,,,,,,0.0000,0.881773,0.000000
8,840,0,,,,,,0.0000,0.906151,0.000000
8,841,0,,,,,,0.0000,0.911273,0.000000
8,842,0,,,,,,0.0000,0.900485,0.000000
8,843,0,,,,,,0.0000,0.875492,0.000000
8,844,0,,,,,,0.0000,0.898118,0.000000
8,845,0,,,,,,0.0000,0.915940,0.000000
8,846,0,,,,,,0.0000,0.906753,0.000000
8,847,0,,,,,,0.0000,0.879091,0.000000
8,848,0,,,,,,0.0000,0.889188,0.000000
8,849,0,,,,,,0.0000,0.877239,0.000000
8,850,0,,,,,,0.0000,0.885391,0.000000
8,851,0,,,,,,0.0000,0.900970,0.000000
8,852,0,,,,,,0.0000,0.911948,0.000000
8,853,0,,,,,,0.0000,0.863745,0.000000
8,854,0,,,,,,0.0000,0.874736,0.000000
8,855,0,,,,,,0.0000,0.901587,0.000000
8,856,0,,,,,,0.0000,0.900287,0.000000
8,857,0,,,,,,0.0000,0.883939,0.000000
8,858,0,,,,,,0.0000,0.871195,0.000000
8,859,0,,,,,,0.0000,0.900224,0.000000
8,860,0,,,,,,0.0000,0.924395,0.000000
8,861,0,,,,,,0.0000,0.923765,0.000000
8,862,0,,,,,,0.0000,0.878769,0.000000
8,863,0,,,,,,0.0000,0.873532,0.000000
8,864,0,,,,,,0.0000,0.876636,0.000000
8,865,0,,,,,,0.0000,0.903447,0.000000
8,866,0,,,,,,0.0000,0.892194,0.000000
8,867,0,,,,,,0.0000,0.883211,0.000000
8,868,0,,,,,,0.0000,0.885830,0.000000
8,869,0,,,,,,0.0000,0.893043,0.000000
8,870,0,,,,,,0.0000,0.905455,0.000000
8,871,0,,,,,,0.0000,0.903419,0.000000
8,872,0,,,,,,0.0000,0.892025,0.000000
8,873,0,,,,,,0.0000,0.875959,0.000000
8,874,0,,,,,,0.0000,0.908828,0.000000
8,875,0,,,,,,0.0000,0.916997,0.000000
8,876,0,,,,,,0.0000,0.902273,0.000000
8,877,0,,,,,,0.0000,0.856019,0.000000
8,878,0,,,,,,0.0000,0.865599,0.000000
8,879,0,,,,,,0.0000,0.898667,0.000000
8,880,0,,,,,,0.0000,0.926028,0.000000
8,881,0,,,,,,0.0000,0.869296,0.000000
8,882,0,,,,,,0.0000,0.892672,0.000000
8,883,0,,,,,,0.0000,0.913495,0.000000
8,884,0,,,,,,0.0000,0.902143,0.000000
8,885,0,,,,,,0.0000,0.859972,0.000000
8,886,0,,,,,,0.0000,0.869122,0.000000
8,887,0,,,,,,0.0000,0.914374,0.000000
8,888,0,,,,,,0.0000,0.922919,0.000000
8,889,0,,,,,,0.0000,0.895554,0.000000
8,890,0,,,,,,0.0000,0.883353,0.000000
8,891,0,,,,,,0.0000,0.894499,0.000000
8,892,0,,,,,,0.0000,0.911768,0.000000
8,893,0,,,,,,0.0000,0.895854,0.000000
8,894,0,,,,,,0.0000,0.905853,0.000000
8,895,0,,,,,,0.0000,0.859573,0.000000
8,896,0,,,,,,0.0000,0.885557,0.000000
8,897,0,,,,,,0.0000,0.909099,0.000000
8,898,0,,,,,,0.0000,0.888952,0.000000
8,899,0,,,,,,0.0000,0.892818,0.000000
8,900,0,,,,,,0.0000,0.910815,0.000000
8,901,0,,,,,,0.0000,0.890820,0.000000
8,902,0,,,,,,0.0000,0.871263,0.000000
8,903,0,,,,,,0.0000,0.887490,0.000000
8,904,0,,,,,,0.0000,0.907200,0.000000
8,905,0,,,,,,0.0000,0.899556,0.000000
8,906,0,,,,,,0.0000,0.887174,0.000000
8,907,0,,,,,,0.0000,0.897686,0.000000
8,908,0,,,,,,0.0000,0.890535,0.000000
8,909,0,,,,,,0.0000,0.878233,0.000000
8,910,0,,,,,,0.0000,0.891852,0.000000
8,911,0,,,,,,0.0000,0.895740,0.000000
8,912,0,,,,,,0.0000,0.898826,0.000000
8,913,0,,,,,,0.0000,0.903696,0.000000
8,914,0,,,,,,0.0000,0.891549,0.000000
8,915,0,,,,,,0.0000,0.860639,0.000000
8,916,0,,,,,,0.0000,0.887605,0.000000
8,917,0,,,,,,0.0000,0.922042,0.000000
8,918,0,,,,,,0.0000,0.906000,0.000000
8,919,0,,,,,,0.0000,0.878267,0.000000
8,920,0,,,,,,0.0000,0.900703,0.000000
8,921,0,,,,,,0.0000,0.899737,0.000000
8,922,0,,,,,,0.0000,0.899199,0.000000
8,923,0,,,,,,0.0000,0.873745,0.000000
8,924,0,,,,,,0.0000,0.879294,0.000000
8,925,0,,,,,,0.0000,0.928521,0.000000
8,926,0,,,,,,0.0000,0.899273,0.000000
8,927,0,,,,,,0.0000,0.868410,0.000000
8,928,0,,,,,,0.0000,0.889461,0.000000
8,929,0,,,,,,0.0000,0.934711,0.000000
8,930,0,,,,,,0.0000,0.930078,0.000000
8,931,0,,,,,,0.0000,0.891421,0.000000
8,932,0,,,,,,0.0000,0.875830,0.000000
8,933,0,,,,,,0.0000,0.868625,0.000000
8,934,0,,,,,,0.0000,0.897137,0.000000
8,935,0,,,,,,0.0000,0.902749,0.000000
8,936,0,,,,,,0.0000,0.925381,0.000000
8,937,0,,,,,,0.0000,0.885190,0.000000
8,938,0,,,,,,0.0000,0.859336,0.000000
8,939,0,,,,,,0.0000,0.897542,0.000000
8,940,0,,,,,,0.0000,0.895128,0.000000
8,941,0,,,,,,0.0000,0.873935,0.000000
8,942,0,,,,,,0.0000,0.881801,0.000000
8,943,0,,,,,,0.0000,0.895578,0.000000
8,944,0,,,,,,0.0000,0.883376,0.000000
8,945,0,,,,,,0.0000,0.893864,0.000000
8,946,0,,,,,,0.0000,0.893321,0.000000
8,947,0,,,,,,0.0000,0.887331,0.000000
8,948,0,,,,,,0.0000,0.867708,0.000000
8,949,0,,,,,,0.0000,0.890006,0.000000
8,950,0,,,,,,0.0000,0.909167,0.000000
8,951,0,,,,,,0.0000,0.902054,0.000000
8,952,0,,,,,,0.0000,0.900624,0.000000
8,953,0,,,,,,0.0000,0.879493,0.000000
8,954,0,,,,,,0.0000,0.870911,0.000000
8,955,0,,,,,,0.0000,0.896191,0.000000
8,956,0,,,,,,0.0000,0.932060,0.000000
8,957,0,,,,,,0.0000,0.904873,0.000000
8,958,0,,,,,,0.0000,0.875499,0.000000
8,959,0,,,,,,0.0000,0.901827,0.000000
8,960,0,,,,,,0.0000,0.929432,0.000000
8,961,0,,,,,,0.0000,0.898786,0.000000
8,962,0,,,,,,0.0000,0.897413,0.000000
8,963,0,,,,,,0.0000,0.899752,0.000000
8,964,0,,,,,,0.0000,0.908914,0.000000
8,965,0,,,,,,0.0000,0.879269,0.000000
8,966,0,,,,,,0.0000,0.888309,0.000000
8,967,0,,,,,,0.0000,0.917297,0.000000
8,968,0,,,,,,0.0000,0.913475,0.000000
8,969,0,,,,,,0.0000,0.907705,0.000000
8,970,0,,,,,,0.0000,0.870911,0.000000
8,971,0,,,,,,0.0000,0.890895,0.000000
8,972,0,,,,,,0.0000,0.936203,0.000000
8,973,0,,,,,,0.0000,0.886771,0.000000
8,974,0,,,,,,0.0000,0.891188,0.000000
8,975,0,,,,,,0.0000,0.921880,0.000000
8,976,0,,,,,,0.0000,0.900809,0.000000
8,977,0,,,,,,0.0000,0.889703,0.000000
8,978,0,,,,,,0.0000,0.918631,0.000000
8,979,0,,,,,,0.0000,0.919234,0.000000
8,980,0,,,,,,0.0000,0.908843,0.000000
8,981,0,,,,,,0.0000,0.884345,0.000000
8,982,0,,,,,,0.0000,0.880328,0.000000
8,983,0,,,,,,0.0000,0.894075,0.000000
8,984,0,,,,,,0.0000,0.904188,0.000000
8,985,0,,,,,,0.0000,0.881298,0.000000
8,986,0,,,,,,0.0000,0.899267,0.000000
8,987,0,,,,,,0.0000,0.898779,0.000000
8,988,0,,,,,,0.0000,0.898738,0.000000
8,989,0,,,,,,0.0000,0.907315,0.000000
8,990,0,,,,,,0.0000,0.900833,0.000000
8,991,0,,,,,,0.0000,0.888511,0.000000
8,992,0,,,,,,0.0000,0.894140,0.000000
8,993,0,,,,,,0.0000,0.908427,0.000000
8,994,0,,,,,,0.0000,0.900535,0.000000
8,995,0,,,,,,0.0000,0.883106,0.000000
8,996,0,,,,,,0.0000,0.887665,0.000000
8,997,0,,,,,,0.0000,0.876672,0.000000
8,998,0,,,,,,0.0000,0.910034,0.000000
8,999,0,,,,,,0.0000,0.882573,0.000000
8,1000,0,,,,,,0.0000,0.861991,0.000000
9,1,7,0.268467,0.115970,0.458708,0.145988,0.769546,11.0000,0.928987,0.447131
9,2,10,0.132698,0.089772,0.653596,0.097528,0.686582,15.0000,1.011897,0.679254
9,3,9,0.135749,0.077317,0.673464,0.104562,0.692808,4.0000,1.061745,0.718239
9,4,9,0.134780,0.074900,0.675572,0.103990,0.716424,4.0000,1.006925,0.722377
9,5,11,0.081489,0.065515,0.718498,0.065792,0.506903,7.0000,0.986981,0.771718
9,6,12,0.074670,0.058393,0.747398,0.056502,0.523149,10.0000,1.030978,0.804937
9,7,17,0.065268,0.049551,0.780281,0.040782,0.574607,12.0000,1.081767,0.854391
9,8,18,0.063985,0.048290,0.781596,0.030740,0.570074,5.0000,0.962274,0.856971
9,9,18,0.063985,0.048290,0.781596,0.030740,0.570074,7.0000,1.030548,0.856971
9,10,1,0.508589,0.094994,0.273287,0.000000,1.000000,1.0000,1.262471,0.280917
9,11,3,0.234442,0.067565,0.530160,0.084282,0.484223,4.0000,1.114343,0.557144
9,12,5,0.121888,0.097712,0.614043,0.268557,0.532827,5.0000,0.863530,0.635790
9,13,5,0.099458,0.035894,0.697152,0.284049,0.542560,9.0000,0.930941,0.777047
9,14,5,0.099458,0.035894,0.697152,0.284049,0.542560,0.0000,1.067247,0.777047
9,15,5,0.099458,0.035894,0.697152,0.284049,0.542560,2.0000,1.116824,0.777047
9,16,7,0.062268,0.027849,0.715334,0.142650,0.622048,6.0000,1.025832,0.809935
9,17,9,0.052358,0.026178,0.735058,0.111691,0.631304,5.0000,1.022690,0.826616
9,18,11,0.050902,0.041095,0.740489,0.074978,0.600378,14.0000,1.012160,0.837662
9,19,11,0.049510,0.039093,0.752250,0.066366,0.550384,5.0000,1.106110,0.847250
9,20,1,0.571785,0.193049,0.172792,0.000000,1.000000,1.0000,1.311186,0.150321
9,21,5,0.109566,0.058665,0.614323,0.173556,0.393634,6.0000,1.040260,0.675742
9,22,10,0.090337,0.057964,0.667451,0.098871,0.766745,11.0000,0.929009,0.764143
9,23,10,0.074771,0.052409,0.674399,0.126502,0.663489,9.0000,0.963540,0.776430
9,24,11,0.073528,0.061955,0.679816,0.092901,0.587063,3.0000,1.109597,0.782947
9,25,11,0.073528,0.061955,0.679816,0.092901,0.587063,3.0000,1.112574,0.782947
9,26,13,0.057932,0.053726,0.696092,0.060783,0.586451,7.0000,1.068877,0.815640
9,27,14,0.056503,0.052206,0.699063,0.054425,0.621677,5.0000,1.034621,0.821609
9,28,16,0.056392,0.050941,0.701046,0.060065,0.733818,6.0000,0.964356,0.825590
9,29,19,0.049036,0.041872,0.724208,0.048046,0.680423,11.0000,0.964674,0.853453
9,30,0,,,,,,0.0000,1.264573,0.000000
9,31,0,,,,,,0.0000,1.334694,0.000000
9,32,0,,,,,,0.0000,1.222461,0.000000
9,33,0,,,,,,0.0000,1.145709,0.000000
9,34,0,,,,,,0.0000,1.216340,0.000000
9,35,0,,,,,,0.0000,1.260453,0.000000
9,36,0,,,,,,0.0000,1.193758,0.000000
9,37,0,,,,,,0.0000,1.164776,0.000000
9,38,0,,,,,,0.0000,1.204772,0.000000
9,39,0,,,,,,0.0000,1.214028,0.000000
9,40,0,,,,,,0.0000,1.232708,0.000000
9,41,0,,,,,,0.0000,1.214805,0.000000
9,42,0,,,,,,0.0000,1.204715,0.000000
9,43,0,,,,,,0.0000,1.181562,0.000000
9,44,0,,,,,,0.0000,1.210581,0.000000
9,45,0,,,,,,0.0000,1.187422,0.000000
9,46,0,,,,,,0.0000,1.218573,0.000000
9,47,0,,,,,,0.0000,1.211708,0.000000
9,48,0,,,,,,0.0000,1.193226,0.000000
9,49,0,,,,,,0.0000,1.207684,0.000000
9,50,0,,,,,,0.0000,1.188836,0.000000
9,51,0,,,,,,0.0000,1.221552,0.000000
9,52,0,,,,,,0.0000,1.197358,0.000000
9,53,0,,,,,,0.0000,1.170223,0.000000
9,54,0,,,,,,0.0000,1.198222,0.000000
9,55,0,,,,,,0.0000,1.239313,0.000000
9,56,0,,,,,,0.0000,1.238589,0.000000
9,57,0,,,,,,0.0000,1.173260,0.000000
9,58,0,,,,,,0.0000,1.161152,0.000000
9,59,0,,,,,,0.0000,1.194422,0.000000
9,60,0,,,,,,0.0000,1.201833,0.000000
9,61,0,,,,,,0.0000,1.251758,0.000000
9,62,0,,,,,,0.0000,1.221171,0.000000
9,63,0,,,,,,0.0000,1.165472,0.000000
9,64,0,,,,,,0.0000,1.191646,0.000000
9,65,0,,,,,,0.0000,1.218062,0.000000
9,66,0,,,,,,0.0000,1.243182,0.000000
9,67,0,,,,,,0.0000,1.189512,0.000000
9,68,0,,,,,,0.0000,1.168873,0.000000
9,69,0,,,,,,0.0000,1.185659,0.000000
9,70,0,,,,,,0.0000,1.245430,0.000000
9,71,0,,,,,,0.0000,1.238071,0.000000
9,72,0,,,,,,0.0000,1.194159,0.000000
9,73,0,,,,,,0.0000,1.188890,0.000000
9,74,0,,,,,,0.0000,1.216336,0.000000
9,75,0,,,,,,0.0000,1.212831,0.000000
9,76,0,,,,,,0.0000,1.167755,0.000000
9,77,0,,,,,,0.0000,1.205557,0.000000
9,78,0,,,,,,0.0000,1.218822,0.000000
9,79,0,,,,,,0.0000,1.188726,0.000000
9,80,0,,,,,,0.0000,1.213906,0.000000
9,81,0,,,,,,0.0000,1.202941,0.000000
9,82,0,,,,,,0.0000,1.188744,0.000000
9,83,0,,,,,,0.0000,1.169576,0.000000
9,84,0,,,,,,0.0000,1.231850,0.000000
9,85,0,,,,,,0.0000,1.212846,0.000000
9,86,0,,,,,,0.0000,1.153857,0.000000
9,87,0,,,,,,0.0000,1.169024,0.000000
9,88,0,,,,,,0.0000,1.220338,0.000000
9,89,0,,,,,,0.0000,1.194996,0.000000
9,90,0,,,,,,0.0000,1.182114,0.000000
9,91,0,,,,,,0.0000,1.210678,0.000000
9,92,0,,,,,,0.0000,1.243918,0.000000
9,93,0,,,,,,0.0000,1.210327,0.000000
9,94,0,,,,,,0.0000,1.144840,0.000000
9,95,0,,,,,,0.0000,1.178524,0.000000
9,96,0,,,,,,0.0000,1.229764,0.000000
9,97,0,,,,,,0.0000,1.209110,0.000000
9,98,0,,,,,,0.0000,1.214069,0.000000
9,99,0,,,,,,0.0000,1.194233,0.000000
9,100,0,,,,,,0.0000,1.188398,0.000000
9,101,0,,,,,,0.0000,1.192553,0.000000
9,102,0,,,,,,0.0000,1.217680,0.000000
9,103,0,,,,,,0.0000,1.189168,0.000000
9,104,0,,,,,,0.0000,1.187420,0.000000
9,105,0,,,,,,0.0000,1.179744,0.000000
9,106,0,,,,,,0.0000,1.197591,0.000000
9,107,0,,,,,,0.0000,1.198877,0.000000
9,108,0,,,,,,0.0000,1.187331,0.000000
9,109,0,,,,,,0.0000,1.205809,0.000000
9,110,0,,,,,,0.0000,1.185552,0.000000
9,111,0,,,,,,0.0000,1.211983,0.000000
9,112,0,,,,,,0.0000,1.221441,0.000000
9,113,0,,,,,,0.0000,1.196120,0.000000
9,114,0,,,,,,0.0000,1.169643,0.000000
9,115,0,,,,,,0.0000,1.198544,0.000000
9,116,0,,,,,,0.0000,1.208048,0.000000
9,117,0,,,,,,0.0000,1.229956,0.000000
9,118,0,,,,,,0.0000,1.204581,0.000000
9,119,0,,,,,,0.0000,1.200112,0.000000
9,120,0,,,,,,0.0000,1.207158,0.000000
9,121,0,,,,,,0.0000,1.227523,0.000000
9,122,0,,,,,,0.0000,1.187730,0.000000
9,123,0,,,,,,0.0000,1.203586,0.000000
9,124,0,,,,,,0.0000,1.179702,0.000000
9,125,0,,,,,,0.0000,1.199658,0.000000
9,126,0,,,,,,0.0000,1.219361,0.000000
9,127,0,,,,,,0.0000,1.188374,0.000000
9,128,0,,,,,,0.0000,1.163024,0.000000
9,129,0,,,,,,0.0000,1.208849,0.000000
9,130,0,,,,,,0.0000,1.182100,0.000000
9,131,0,,,,,,0.0000,1.245247,0.000000
9,132,0,,,,,,0.0000,1.223350,0.000000
9,133,0,,,,,,0.0000,1.206922,0.000000
9,134,0,,,,,,0.0000,1.167796,0.000000
9,135,0,,,,,,0.0000,1.190445,0.000000
9,136,0,,,,,,0.0000,1.221120,0.000000
9,137,0,,,,,,0.0000,1.202092,0.000000
9,138,0,,,,,,0.0000,1.234059,0.000000
9,139,0,,,,,,0.0000,1.185217,0.000000
9,140,0,,,,,,0.0000,1.194115,0.000000
9,141,0,,,,,,0.0000,1.189216,0.000000
9,142,0,,,,,,0.0000,1.204178,0.000000
9,143,0,,,,,,0.0000,1.186537,0.000000
9,144,0,,,,,,0.0000,1.195049,0.000000
9,145,0,,,,,,0.0000,1.212165,0.000000
9,146,0,,,,,,0.0000,1.215204,0.000000
9,147,0,,,,,,0.0000,1.195978,0.000000
9,148,0,,,,,,0.0000,1.171546,0.000000
9,149,0,,,,,,0.0000,1.186282,0.000000
9,150,0,,,,,,0.0000,1.184515,0.000000
9,151,0,,,,,,0.0000,1.211350,0.000000
9,152,0,,,,,,0.0000,1.194346,0.000000
9,153,0,,,,,,0.0000,1.205785,0.000000
9,154,0,,,,,,0.0000,1.196189,0.000000
9,155,0,,,,,,0.0000,1.173605,0.000000
9,156,0,,,,,,0.0000,1.183660,0.000000
9,157,0,,,,,,0.0000,1.218895,0.000000
9,158,0,,,,,,0.0000,1.208183,0.000000
9,159,0,,,,,,0.0000,1.187381,0.000000
9,160,0,,,,,,0.0000,1.207142,0.000000
9,161,0,,,,,,0.0000,1.225149,0.000000
9,162,0,,,,,,0.0000,1.186188,0.000000
9,163,0,,,,,,0.0000,1.169660,0.000000
9,164,0,,,,,,0.0000,1.218635,0.000000
9,165,0,,,,,,0.0000,1.220179,0.000000
9,166,0,,,,,,0.0000,1.198308,0.000000
9,167,0,,,,,,0.0000,1.204315,0.000000
9,168,0,,,,,,0.0000,1.194313,0.000000
9,169,0,,,,,,0.0000,1.221803,0.000000
9,170,0,,,,,,0.0000,1.214291,0.000000
9,171,0,,,,,,0.0000,1.201554,0.000000
9,172,0,,,,,,0.0000,1.190006,0.000000
9,173,0,,,,,,0.0000,1.192460,0.000000
9,174,0,,,,,,0.0000,1.203886,0.000000
9,175,0,,,,,,0.0000,1.194819,0.000000
9,176,0,,,,,,0.0000,1.182140,0.000000
9,177,0,,,,,,0.0000,1.185530,0.000000
9,178,0,,,,,,0.0000,1.183773,0.000000
9,179,0,,,,,,0.0000,1.178628,0.000000
9,180,0,,,,,,0.0000,1.196856,0.000000
9,181,0,,,,,,0.0000,1.194205,0.000000
9,182,0,,,,,,0.0000,1.212576,0.000000
9,183,0,,,,,,0.0000,1.202674,0.000000
9,184,0,,,,,,0.0000,1.200898,0.000000
9,185,0,,,,,,0.0000,1.186300,0.000000
9,186,0,,,,,,0.0000,1.201925,0.000000
9,187,0,,,,,,0.0000,1.225993,0.000000
9,188,0,,,,,,0.0000,1.182499,0.000000
9,189,0,,,,,,0.0000,1.171556,0.000000
9,190,0,,,,,,0.0000,1.167937,0.000000
9,191,0,,,,,,0.0000,1.199580,0.000000
9,192,0,,,,,,0.0000,1.221370,0.000000
9,193,0,,,,,,0.0000,1.219193,0.000000
9,194,0,,,,,,0.0000,1.168264,0.000000
9,195,0,,,,,,0.0000,1.167289,0.000000
9,196,0,,,,,,0.0000,1.192010,0.000000
9,197,0,,,,,,0.0000,1.218028,0.000000
9,198,0,,,,,,0.0000,1.200796,0.000000
9,199,0,,,,,,0.0000,1.195243,0.000000
9,200,0,,,,,,0.0000,1.202774,0.000000
9,201,0,,,,,,0.0000,1.209682,0.000000
9,202,0,,,,,,0.0000,1.186982,0.000000
9,203,0,,,,,,0.0000,1.184705,0.000000
9,204,0,,,,,,0.0000,1.221955,0.000000
9,205,0,,,,,,0.0000,1.194421,0.000000
9,206,0,,,,,,0.0000,1.178536,0.000000
9,207,0,,,,,,0.0000,1.186566,0.000000
9,208,0,,,,,,0.0000,1.185142,0.000000
9,209,0,,,,,,0.0000,1.192162,0.000000
9,210,0,,,,,,0.0000,1.187942,0.000000
9,211,0,,,,,,0.0000,1.156329,0.000000
9,212,0,,,,,,0.0000,1.172000,0.000000
9,213,0,,,,,,0.0000,1.191363,0.000000
9,214,0,,,,,,0.0000,1.237912,0.000000
9,215,0,,,,,,0.0000,1.223198,0.000000
9,216,0,,,,,,0.0000,1.189060,0.000000
9,217,0,,,,,,0.0000,1.151387,0.000000
9,218,0,,,,,,0.0000,1.200062,0.000000
9,219,0,,,,,,0.0000,1.235482,0.000000
9,220,0,,,,,,0.0000,1.216535,0.000000
9,221,0,,,,,,0.0000,1.157350,0.000000
9,222,0,,,,,,0.0000,1.159539,0.000000
9,223,0,,,,,,0.0000,1.227287,0.000000
9,224,0,,,,,,0.0000,1.216738,0.000000
9,225,0,,,,,,0.0000,1.157764,0.000000
9,226,0,,,,,,0.0000,1.160360,0.000000
9,227,0,,,,,,0.0000,1.204240,0.000000
9,228,0,,,,,,0.0000,1.215020,0.000000
9,229,0,,,,,,0.0000,1.194036,0.000000
9,230,0,,,,,,0.0000,1.204946,0.000000
9,231,0,,,,,,0.0000,1.175392,0.000000
9,232,0,,,,,,0.0000,1.205698,0.000000
9,233,0,,,,,,0.0000,1.214142,0.000000
9,234,0,,,,,,0.0000,1.237556,0.000000
9,235,0,,,,,,0.0000,1.185258,0.000000
9,236,0,,,,,,0.0000,1.189823,0.000000
9,237,0,,,,,,0.0000,1.240323,0.000000
9,238,0,,,,,,0.0000,1.221152,0.000000
9,239,0,,,,,,0.0000,1.178136,0.000000
9,240,0,,,,,,0.0000,1.203315,0.000000
9,241,0,,,,,,0.0000,1.243430,0.000000
9,242,1,0.855343,0.000651,0.381439,0.000000,1.000000,1.0000,1.203791,0.212805
9,243,4,0.278258,0.190884,0.569016,0.063142,0.433919,6.0000,0.909854,0.395679
9,244,7,0.248233,0.154888,0.648277,0.170491,0.603045,9.0000,0.884264,0.534412
9,245,6,0.210603,0.058563,0.683066,0.080283,0.497020,7.0000,1.034445,0.588495
9,246,6,0.220280,0.058291,0.704883,0.076157,0.660900,9.0000,1.152837,0.630873
9,247,8,0.112234,0.059247,0.810898,0.043085,0.403173,5.0000,1.029741,0.762854
9,248,9,0.082945,0.057049,0.843096,0.043481,0.404078,6.0000,0.955673,0.792316
9,249,9,0.082945,0.057049,0.843096,0.043481,0.404078,4.0000,0.949789,0.792316
9,250,1,0.846478,0.001297,0.395155,0.000000,1.000000,2.0000,1.332405,0.208156
9,251,4,0.184519,0.127987,0.722557,0.238843,0.400713,5.0000,1.195625,0.515598
9,252,6,0.184217,0.144879,0.730037,0.223459,0.700859,2.0000,0.932939,0.519480
9,253,7,0.127819,0.081178,0.816116,0.052797,0.435508,13.0000,0.969184,0.690607
9,254,10,0.074145,0.064453,0.863694,0.062509,0.456397,7.0000,1.160102,0.785193
9,255,10,0.068842,0.060403,0.872499,0.070079,0.445756,8.0000,1.094476,0.802698
9,256,11,0.058975,0.053011,0.887274,0.066217,0.512618,9.0000,0.974131,0.816145
9,257,13,0.055215,0.049696,0.914007,0.054422,0.537481,12.0000,0.948626,0.832771
9,258,15,0.054923,0.048356,0.914327,0.046412,0.586365,7.0000,1.055361,0.833407
9,259,16,0.054518,0.047142,0.914745,0.042934,0.633282,7.0000,1.111423,0.834237
9,260,0,,,,,,0.0000,1.252853,0.000000
9,261,1,0.843390,0.018363,0.389390,0.000000,1.000000,1.0000,1.264817,0.170658
9,262,4,0.172959,0.065323,0.742853,0.499859,0.627104,5.0000,0.976215,0.487783
9,263,6,0.116024,0.048894,0.836468,0.285811,0.591199,7.0000,0.941733,0.669101
9,264,8,0.099082,0.055309,0.859680,0.077105,0.576683,6.0000,1.104385,0.716360
9,265,8,0.093346,0.044271,0.871173,0.088657,0.646257,5.0000,1.166806,0.739761
9,266,11,0.075368,0.072656,0.885026,0.052822,0.358736,11.0000,1.118581,0.767967
9,267,13,0.069738,0.060147,0.893303,0.038994,0.532319,10.0000,0.996503,0.784818
9,268,14,0.068937,0.058081,0.916878,0.033367,0.496771,7.0000,1.012374,0.797864
9,269,15,0.068655,0.056179,0.917306,0.040228,0.546048,9.0000,0.989598,0.798734
9,270,1,0.841247,0.011900,0.405831,0.000000,1.000000,2.0000,1.262363,0.183294
9,271,2,0.355702,0.089940,0.604139,0.000000,0.098381,2.0000,1.175160,0.183294
9,272,9,0.115383,0.088740,0.819396,0.116230,0.610128,9.0000,1.006002,0.618607
9,273,10,0.094088,0.072201,0.866267,0.105161,0.547359,11.0000,0.964402,0.694780
9,274,8,0.075229,0.049734,0.892745,0.119687,0.413891,7.0000,1.039697,0.749036
9,275,10,0.072479,0.049096,0.893946,0.116115,0.628722,5.0000,1.106357,0.751494
9,276,11,0.072867,0.054146,0.916945,0.081535,0.551685,8.0000,1.078685,0.772916
9,277,12,0.072033,0.052575,0.917110,0.081329,0.639970,9.0000,1.050286,0.773254
9,278,12,0.068889,0.053762,0.925014,0.084359,0.680655,8.0000,1.083167,0.789449
9,279,16,0.067977,0.061202,0.938313,0.038852,0.662643,15.0000,1.051529,0.816699
9,280,2,0.382496,0.241612,0.469845,0.000000,0.253865,4.0000,1.256137,0.143257
9,281,5,0.165574,0.031753,0.907000,0.073470,0.584605,9.0000,1.053749,0.729980
9,282,6,0.095632,0.041493,0.928641,0.096134,0.365838,8.0000,0.892165,0.774777
9,283,9,0.088873,0.047651,0.936040,0.141993,0.622288,10.0000,0.952605,0.790093
9,284,9,0.088788,0.047549,0.936931,0.142189,0.623140,9.0000,1.043654,0.791937
9,285,9,0.088757,0.047407,0.938440,0.141714,0.621685,11.0000,1.089815,0.795062
9,286,13,0.051917,0.048860,0.958976,0.050171,0.665338,11.0000,1.036328,0.837571
9,287,15,0.046129,0.045475,0.973302,0.049051,0.681243,8.0000,0.968546,0.867226
9,288,15,0.046129,0.045475,0.973302,0.049051,0.681243,10.0000,1.023158,0.867226
9,289,15,0.046129,0.045475,0.973302,0.049051,0.681243,8.0000,1.068283,0.867226
9,290,1,0.828880,0.009935,0.424588,0.000000,1.000000,3.0000,1.290275,0.187506
9,291,4,0.241359,0.119262,0.681445,0.297257,0.640769,9.0000,1.070546,0.263645
9,292,7,0.119441,0.065795,0.853254,0.297649,0.886643,7.0000,0.939030,0.623666
9,293,10,0.111835,0.068334,0.870578,0.210760,0.872208,5.0000,0.985405,0.660156
9,294,11,0.095135,0.065946,0.879197,0.042930,0.817324,9.0000,1.122907,0.678309
9,295,12,0.095004,0.066699,0.887652,0.051128,0.706267,9.0000,1.065885,0.696117
9,296,15,0.087391,0.074619,0.908559,0.051497,0.677500,12.0000,1.029457,0.740152
9,297,16,0.075419,0.063507,0.935992,0.037921,0.634019,13.0000,0.956929,0.797933
9,298,17,0.074588,0.061788,0.936987,0.030185,0.643420,13.0000,1.012908,0.800030
9,299,17,0.074588,0.061788,0.936987,0.030185,0.643420,12.0000,1.040849,0.800030
9,300,1,0.823471,0.000564,0.436665,0.000000,1.000000,3.0000,1.280978,0.206973
9,301,2,0.279426,0.084597,0.713689,0.000000,0.183156,7.0000,1.121627,0.429561
9,302,4,0.150262,0.105549,0.836654,0.153071,0.357640,7.0000,0.939338,0.633768
9,303,6,0.162622,0.057231,0.934182,0.152509,0.671770,6.0000,0.956410,0.765056
9,304,6,0.143643,0.040036,0.961744,0.128308,0.629502,7.0000,1.036451,0.822780
9,305,8,0.137381,0.036132,0.964573,0.144926,0.805096,8.0000,1.108794,0.828705
9,306,9,0.136957,0.034072,0.966316,0.139424,0.872480,5.0000,1.011748,0.832355
9,307,9,0.135534,0.027549,0.967741,0.139927,0.896761,5.0000,1.007725,0.835340
9,308,10,0.135514,0.026149,0.967829,0.139343,0.950083,7.0000,1.063914,0.835526
9,309,11,0.135322,0.025145,0.968193,0.137935,0.992684,8.0000,1.089852,0.836286
9,310,2,0.309739,0.105534,0.601854,0.000000,0.270933,6.0000,1.247861,0.271998
9,311,2,0.281619,0.035205,0.760311,0.000000,0.175400,3.0000,1.071766,0.506495
9,312,5,0.120963,0.073160,0.850228,0.261356,0.533143,7.0000,0.903736,0.695882
9,313,10,0.102953,0.069407,0.879409,0.141108,0.626406,14.0000,0.950356,0.743901
9,314,12,0.098369,0.071227,0.908458,0.125690,0.590575,9.0000,1.118017,0.755105
9,315,12,0.084769,0.071059,0.930675,0.087445,0.469507,6.0000,1.132411,0.801899
9,316,13,0.070059,0.062369,0.967451,0.066652,0.422598,12.0000,0.968640,0.839471
9,317,13,0.067136,0.061143,0.974222,0.061709,0.404806,7.0000,0.920510,0.853732
9,318,13,0.067136,0.061143,0.974222,0.061709,0.404806,7.0000,0.996867,0.853732
9,319,12,0.075366,0.060990,0.980832,0.058833,0.523321,6.0000,1.090968,0.867655
9,320,3,0.263541,0.126990,0.622917,0.462344,0.652352,4.0000,1.305918,0.355908
9,321,7,0.115536,0.084478,0.864659,0.080982,0.329152,9.0000,1.072298,0.685831
9,322,9,0.107768,0.079099,0.894935,0.082708,0.446761,6.0000,0.917879,0.709289
9,323,10,0.089522,0.074908,0.932552,0.074485,0.407796,12.0000,1.005609,0.782873
9,324,12,0.078780,0.077355,0.937782,0.053650,0.409909,6.0000,1.162741,0.793698
9,325,9,0.082825,0.043851,0.962055,0.099477,0.605947,12.0000,1.054036,0.843946
9,326,9,0.054563,0.033092,0.969561,0.100233,0.525322,7.0000,0.993346,0.859482
9,327,9,0.054268,0.032499,0.970261,0.101301,0.526550,10.0000,0.921392,0.860932
9,328,10,0.054239,0.034741,0.982311,0.085068,0.532130,11.0000,0.958744,0.885876
9,329,11,0.047462,0.033454,0.986133,0.080729,0.513630,8.0000,1.069505,0.893787
9,330,1,0.841261,0.011928,0.405795,0.000000,1.000000,2.0000,1.302913,0.183234
9,331,3,0.467051,0.042985,0.611035,0.254932,0.820396,7.0000,1.127651,0.488536
9,332,5,0.126524,0.074519,0.833974,0.152879,0.543646,7.0000,0.928374,0.664259
9,333,7,0.118277,0.090423,0.837139,0.089551,0.423915,9.0000,0.948258,0.670743
9,334,7,0.124204,0.073986,0.907271,0.107266,0.371856,11.0000,1.110225,0.753094
9,335,8,0.108180,0.093711,0.908144,0.088729,0.397063,6.0000,1.073852,0.754883
9,336,12,0.088755,0.080335,0.926352,0.045947,0.535379,12.0000,1.014815,0.792192
9,337,12,0.088755,0.080335,0.926352,0.045947,0.535379,9.0000,1.001848,0.792192
9,338,11,0.079381,0.078292,0.939068,0.049493,0.450723,10.0000,1.064546,0.818246
9,339,11,0.079381,0.078292,0.939068,0.049493,0.450723,4.0000,1.000395,0.818246
9,340,1,0.848036,0.027262,0.377922,0.000000,1.000000,2.0000,1.210956,0.151332
9,341,3,0.271463,0.113838,0.623959,0.479196,0.634733,5.0000,1.107086,0.387373
9,342,4,0.212224,0.100139,0.727957,0.415375,0.588582,6.0000,0.968059,0.468331
9,343,9,0.119301,0.079966,0.834993,0.081589,0.616794,6.0000,0.999273,0.631143
9,344,10,0.117560,0.078241,0.841069,0.072004,0.701961,5.0000,1.085555,0.643514
9,345,11,0.087925,0.075653,0.877668,0.072733,0.544330,6.0000,1.108997,0.718030
9,346,11,0.083808,0.072417,0.907359,0.086919,0.515706,10.0000,1.016172,0.778482
9,347,11,0.097480,0.038523,0.941743,0.059977,0.557028,7.0000,1.064940,0.848488
9,348,12,0.079220,0.056283,0.943105,0.057307,0.539410,9.0000,1.061746,0.851262
9,349,14,0.078578,0.059647,0.944206,0.035968,0.506911,7.0000,1.016244,0.853503
9,350,2,0.726425,0.019551,0.473763,0.000000,0.890663,2.0000,1.354565,0.336196
9,351,6,0.251629,0.189817,0.586417,0.151549,0.674906,7.0000,1.087373,0.358644
9,352,9,0.209695,0.159363,0.679414,0.117762,0.678201,7.0000,0.875224,0.539162
9,353,7,0.086772,0.032865,0.873047,0.217909,0.710726,15.0000,1.004263,0.817769
9,354,8,0.082160,0.036787,0.873326,0.199981,0.783181,6.0000,1.141476,0.818322
9,355,8,0.082160,0.036787,0.873326,0.199981,0.783181,4.0000,1.158285,0.818322
9,356,8,0.078424,0.030257,0.889298,0.191910,0.780978,4.0000,1.058091,0.847002
9,357,10,0.051693,0.030397,0.925823,0.078247,0.608510,8.0000,0.993459,0.867898
9,358,11,0.052175,0.030803,0.936698,0.064619,0.582335,5.0000,0.990262,0.877571
9,359,13,0.050342,0.031822,0.937070,0.073793,0.686444,9.0000,1.037395,0.878310
9,360,3,0.698817,0.021975,0.494931,0.040874,0.897640,5.0000,1.318104,0.395437
9,361,5,0.178927,0.081882,0.731234,0.303569,0.744810,5.0000,1.016274,0.565749
9,362,8,0.143612,0.075365,0.813691,0.099086,0.734951,8.0000,0.906096,0.708554
9,363,10,0.141031,0.070307,0.818450,0.081227,0.713060,4.0000,0.975546,0.717798
9,364,11,0.139265,0.078761,0.819651,0.079280,0.617813,10.0000,1.101889,0.720131
9,365,12,0.137134,0.076899,0.821959,0.073550,0.676430,7.0000,1.101451,0.724615
9,366,13,0.129474,0.071203,0.842479,0.046300,0.644494,10.0000,1.000200,0.755187
9,367,14,0.069604,0.067123,0.859901,0.064707,0.570577,6.0000,0.996795,0.789028
9,368,14,0.068768,0.065551,0.865732,0.074189,0.611070,3.0000,1.019891,0.800355
9,369,14,0.058476,0.055080,0.877094,0.079937,0.578562,6.0000,1.062937,0.822425
9,370,0,,,,,,0.0000,1.280351,0.000000
9,371,0,,,,,,0.0000,1.308875,0.000000
9,372,0,,,,,,0.0000,1.152950,0.000000
9,373,0,,,,,,0.0000,1.143347,0.000000
9,374,0,,,,,,0.0000,1.275444,0.000000
9,375,0,,,,,,0.0000,1.288387,0.000000
9,376,0,,,,,,0.0000,1.188835,0.000000
9,377,0,,,,,,0.0000,1.118431,0.000000
9,378,0,,,,,,0.0000,1.219384,0.000000
9,379,0,,,,,,0.0000,1.279656,0.000000
9,380,0,,,,,,0.0000,1.279005,0.000000
9,381,0,,,,,,0.0000,1.191450,0.000000
9,382,0,,,,,,0.0000,1.194733,0.000000
9,383,0,,,,,,0.0000,1.253807,0.000000
9,384,0,,,,,,0.0000,1.218047,0.000000
9,385,0,,,,,,0.0000,1.152083,0.000000
9,386,0,,,,,,0.0000,1.169632,0.000000
9,387,0,,,,,,0.0000,1.195372,0.000000
9,388,0,,,,,,0.0000,1.203776,0.000000
9,389,0,,,,,,0.0000,1.190963,0.000000
9,390,0,,,,,,0.0000,1.185167,0.000000
9,391,0,,,,,,0.0000,1.189766,0.000000
9,392,0,,,,,,0.0000,1.198089,0.000000
9,393,0,,,,,,0.0000,1.203537,0.000000
9,394,0,,,,,,0.0000,1.180671,0.000000
9,395,0,,,,,,0.0000,1.175984,0.000000
9,396,0,,,,,,0.0000,1.178003,0.000000
9,397,0,,,,,,0.0000,1.198663,0.000000
9,398,0,,,,,,0.0000,1.190820,0.000000
9,399,0,,,,,,0.0000,1.184894,0.000000
9,400,0,,,,,,0.0000,1.204674,0.000000
9,401,0,,,,,,0.0000,1.212084,0.000000
9,402,0,,,,,,0.0000,1.186512,0.000000
9,403,0,,,,,,0.0000,1.199525,0.000000
9,404,0,,,,,,0.0000,1.168906,0.000000
9,405,0,,,,,,0.0000,1.195946,0.000000
9,406,0,,,,,,0.0000,1.202213,0.000000
9,407,0,,,,,,0.0000,1.199675,0.000000
9,408,0,,,,,,0.0000,1.201409,0.000000
9,409,0,,,,,,0.0000,1.163123,0.000000
9,410,0,,,,,,0.0000,1.153276,0.000000
9,411,0,,,,,,0.0000,1.215976,0.000000
9,412,0,,,,,,0.0000,1.224022,0.000000
9,413,0,,,,,,0.0000,1.207933,0.000000
9,414,0,,,,,,0.0000,1.199985,0.000000
9,415,0,,,,,,0.0000,1.195874,0.000000
9,416,0,,,,,,0.0000,1.182597,0.000000
9,417,0,,,,,,0.0000,1.161564,0.000000
9,418,0,,,,,,0.0000,1.182862,0.000000
9,419,0,,,,,,0.0000,1.239245,0.000000
9,420,0,,,,,,0.0000,1.199556,0.000000
9,421,0,,,,,,0.0000,1.161412,0.000000
9,422,0,,,,,,0.0000,1.172204,0.000000
9,423,0,,,,,,0.0000,1.180193,0.000000
9,424,0,,,,,,0.0000,1.193124,0.000000
9,425,0,,,,,,0.0000,1.180922,0.000000
9,426,0,,,,,,0.0000,1.189604,0.000000
9,427,0,,,,,,0.0000,1.211369,0.000000
9,428,0,,,,,,0.0000,1.190160,0.000000
9,429,0,,,,,,0.0000,1.205631,0.000000
9,430,0,,,,,,0.0000,1.200623,0.000000
9,431,0,,,,,,0.0000,1.213893,0.000000
9,432,0,,,,,,0.0000,1.193575,0.000000
9,433,0,,,,,,0.0000,1.188588,0.000000
9,434,0,,,,,,0.0000,1.237079,0.000000
9,435,0,,,,,,0.0000,1.165574,0.000000
9,436,0,,,,,,0.0000,1.170365,0.000000
9,437,0,,,,,,0.0000,1.205360,0.000000
9,438,0,,,,,,0.0000,1.204072,0.000000
9,439,0,,,,,,0.0000,1.202994,0.000000
9,440,0,,,,,,0.0000,1.181382,0.000000
9,441,0,,,,,,0.0000,1.174696,0.000000
9,442,0,,,,,,0.0000,1.224237,0.000000
9,443,0,,,,,,0.0000,1.192176,0.000000
9,444,0,,,,,,0.0000,1.177120,0.000000
9,445,0,,,,,,0.0000,1.191014,0.000000
9,446,0,,,,,,0.0000,1.220079,0.000000
9,447,0,,,,,,0.0000,1.209769,0.000000
9,448,0,,,,,,0.0000,1.169861,0.000000
9,449,0,,,,,,0.0000,1.195122,0.000000
9,450,0,,,,,,0.0000,1.227412,0.000000
9,451,0,,,,,,0.0000,1.218205,0.000000
9,452,0,,,,,,0.0000,1.191074,0.000000
9,453,0,,,,,,0.0000,1.186230,0.000000
9,454,0,,,,,,0.0000,1.202614,0.000000
9,455,0,,,,,,0.0000,1.217510,0.000000
9,456,0,,,,,,0.0000,1.199208,0.000000
9,457,0,,,,,,0.0000,1.197024,0.000000
9,458,0,,,,,,0.0000,1.203626,0.000000
9,459,0,,,,,,0.0000,1.208292,0.000000
9,460,0,,,,,,0.0000,1.230500,0.000000
9,461,0,,,,,,0.0000,1.174694,0.000000
9,462,0,,,,,,0.0000,1.152255,0.000000
9,463,0,,,,,,0.0000,1.207546,0.000000
9,464,0,,,,,,0.0000,1.224081,0.000000
9,465,0,,,,,,0.0000,1.218871,0.000000
9,466,0,,,,,,0.0000,1.167785,0.000000
9,467,0,,,,,,0.0000,1.187035,0.000000
9,468,0,,,,,,0.0000,1.205093,0.000000
9,469,0,,,,,,0.0000,1.201904,0.000000
9,470,0,,,,,,0.0000,1.200044,0.000000
9,471,0,,,,,,0.0000,1.163427,0.000000
9,472,0,,,,,,0.0000,1.173023,0.000000
9,473,0,,,,,,0.0000,1.197473,0.000000
9,474,0,,,,,,0.0000,1.232759,0.000000
9,475,0,,,,,,0.0000,1.194703,0.000000
9,476,0,,,,,,0.0000,1.197316,0.000000
9,477,0,,,,,,0.0000,1.214992,0.000000
9,478,0,,,,,,0.0000,1.206994,0.000000
9,479,0,,,,,,0.0000,1.188999,0.000000
9,480,0,,,,,,0.0000,1.190184,0.000000
9,481,0,,,,,,0.0000,1.232205,0.000000
9,482,0,,,,,,0.0000,1.226782,0.000000
9,483,0,,,,,,0.0000,1.144216,0.000000
9,484,0,,,,,,0.0000,1.167152,0.000000
9,485,0,,,,,,0.0000,1.218278,0.000000
9,486,0,,,,,,0.0000,1.228980,0.000000
9,487,0,,,,,,0.0000,1.187049,0.000000
9,488,0,,,,,,0.0000,1.199675,0.000000
9,489,0,,,,,,0.0000,1.213486,0.000000
9,490,0,,,,,,0.0000,1.236842,0.000000
9,491,0,,,,,,0.0000,1.202190,0.000000
9,492,0,,,,,,0.0000,1.206242,0.000000
9,493,0,,,,,,0.0000,1.203564,0.000000
9,494,0,,,,,,0.0000,1.179063,0.000000
9,495,0,,,,,,0.0000,1.209487,0.000000
9,496,0,,,,,,0.0000,1.216129,0.000000
9,497,0,,,,,,0.0000,1.198932,0.000000
9,498,0,,,,,,0.0000,1.189786,0.000000
9,499,0,,,,,,0.0000,1.225440,0.000000
9,500,0,,,,,,0.0000,1.232987,0.000000
9,501,0,,,,,,0.0000,1.199673,0.000000
9,502,0,,,,,,0.0000,1.168613,0.000000
9,503,0,,,,,,0.0000,1.175868,0.000000
9,504,0,,,,,,0.0000,1.216133,0.000000
9,505,0,,,,,,0.0000,1.235860,0.000000
9,506,0,,,,,,0.0000,1.154475,0.000000
9,507,0,,,,,,0.0000,1.171776,0.000000
9,508,0,,,,,,0.0000,1.222650,0.000000
9,509,0,,,,,,0.0000,1.212144,0.000000
9,510,0,,,,,,0.0000,1.185872,0.000000
9,511,0,,,,,,0.0000,1.168405,0.000000
9,512,0,,,,,,0.0000,1.221364,0.000000
9,513,0,,,,,,0.0000,1.226955,0.000000
9,514,0,,,,,,0.0000,1.213976,0.000000
9,515,0,,,,,,0.0000,1.173975,0.000000
9,516,0,,,,,,0.0000,1.187795,0.000000
9,517,0,,,,,,0.0000,1.156618,0.000000
9,518,0,,,,,,0.0000,1.196056,0.000000
9,519,0,,,,,,0.0000,1.236960,0.000000
9,520,0,,,,,,0.0000,1.237064,0.000000
9,521,0,,,,,,0.0000,1.172459,0.000000
9,522,0,,,,,,0.0000,1.175531,0.000000
9,523,0,,,,,,0.0000,1.190020,0.000000
9,524,0,,,,,,0.0000,1.179510,0.000000
9,525,0,,,,,,0.0000,1.209287,0.000000
9,526,0,,,,,,0.0000,1.210297,0.000000
9,527,0,,,,,,0.0000,1.200720,0.000000
9,528,0,,,,,,0.0000,1.190716,0.000000
9,529,0,,,,,,0.0000,1.186297,0.000000
9,530,0,,,,,,0.0000,1.203514,0.000000
9,531,0,,,,,,0.0000,1.203764,0.000000
9,532,0,,,,,,0.0000,1.193783,0.000000
9,533,0,,,,,,0.0000,1.192390,0.000000
9,534,0,,,,,,0.0000,1.218630,0.000000
9,535,0,,,,,,0.0000,1.216073,0.000000
9,536,0,,,,,,0.0000,1.198197,0.000000
9,537,0,,,,,,0.0000,1.213306,0.000000
9,538,0,,,,,,0.0000,1.208406,0.000000
9,539,0,,,,,,0.0000,1.161334,0.000000
9,540,0,,,,,,0.0000,1.183581,0.000000
9,541,0,,,,,,0.0000,1.238067,0.000000
9,542,0,,,,,,0.0000,1.230185,0.000000
9,543,0,,,,,,0.0000,1.187771,0.000000
9,544,0,,,,,,0.0000,1.170951,0.000000
9,545,0,,,,,,0.0000,1.164392,0.000000
9,546,0,,,,,,0.0000,1.205847,0.000000
9,547,0,,,,,,0.0000,1.217521,0.000000
9,548,0,,,,,,0.0000,1.206143,0.000000
9,549,0,,,,,,0.0000,1.169688,0.000000
9,550,0,,,,,,0.0000,1.215285,0.000000
9,551,0,,,,,,0.0000,1.210968,0.000000
9,552,0,,,,,,0.0000,1.185593,0.000000
9,553,0,,,,,,0.0000,1.178529,0.000000
9,554,0,,,,,,0.0000,1.168428,0.000000
9,555,0,,,,,,0.0000,1.188930,0.000000
9,556,0,,,,,,0.0000,1.173185,0.000000
9,557,0,,,,,,0.0000,1.173862,0.000000
9,558,0,,,,,,0.0000,1.199208,0.000000
9,559,0,,,,,,0.0000,1.209013,0.000000
9,560,0,,,,,,0.0000,1.212185,0.000000
9,561,0,,,,,,0.0000,1.180473,0.000000
9,562,0,,,,,,0.0000,1.182961,0.000000
9,563,0,,,,,,0.0000,1.185431,0.000000
9,564,0,,,,,,0.0000,1.184027,0.000000
9,565,0,,,,,,0.0000,1.212531,0.000000
9,566,0,,,,,,0.0000,1.204258,0.000000
9,567,0,,,,,,0.0000,1.196368,0.000000
9,568,0,,,,,,0.0000,1.229769,0.000000
9,569,0,,,,,,0.0000,1.236058,0.000000
9,570,0,,,,,,0.0000,1.206687,0.000000
9,571,0,,,,,,0.0000,1.161721,0.000000
9,572,0,,,,,,0.0000,1.221920,0.000000
9,573,0,,,,,,0.0000,1.218638,0.000000
9,574,0,,,,,,0.0000,1.212358,0.000000
9,575,0,,,,,,0.0000,1.151607,0.000000
9,576,0,,,,,,0.0000,1.166044,0.000000
9,577,0,,,,,,0.0000,1.204221,0.000000
9,578,0,,,,,,0.0000,1.232389,0.000000
9,579,0,,,,,,0.0000,1.188709,0.000000
9,580,0,,,,,,0.0000,1.167753,0.000000
9,581,0,,,,,,0.0000,1.174386,0.000000
9,582,0,,,,,,0.0000,1.200400,0.000000
9,583,0,,,,,,0.0000,1.221924,0.000000
9,584,0,,,,,,0.0000,1.235784,0.000000
9,585,0,,,,,,0.0000,1.173015,0.000000
9,586,0,,,,,,0.0000,1.189529,0.000000
9,587,0,,,,,,0.0000,1.212029,0.000000
9,588,0,,,,,,0.0000,1.209378,0.000000
9,589,0,,,,,,0.0000,1.171501,0.000000
9,590,0,,,,,,0.0000,1.176587,0.000000
9,591,0,,,,,,0.0000,1.200329,0.000000
9,592,0,,,,,,0.0000,1.219282,0.000000
9,593,0,,,,,,0.0000,1.197551,0.000000
9,594,0,,,,,,0.0000,1.181976,0.000000
9,595,0,,,,,,0.0000,1.209972,0.000000
9,596,0,,,,,,0.0000,1.218076,0.000000
9,597,0,,,,,,0.0000,1.198926,0.000000
9,598,0,,,,,,0.0000,1.196514,0.000000
9,599,0,,,,,,0.0000,1.206786,0.000000
9,600,0,,,,,,0.0000,1.186489,0.000000
9,601,0,,,,,,0.0000,1.199625,0.000000
9,602,0,,,,,,0.0000,1.225326,0.000000
9,603,0,,,,,,0.0000,1.189549,0.000000
9,604,0,,,,,,0.0000,1.187347,0.000000
9,605,0,,,,,,0.0000,1.166095,0.000000
9,606,0,,,,,,0.0000,1.197109,0.000000
9,607,0,,,,,,0.0000,1.219643,0.000000
9,608,0,,,,,,0.0000,1.196344,0.000000
9,609,0,,,,,,0.0000,1.177646,0.000000
9,610,0,,,,,,0.0000,1.189944,0.000000
9,611,0,,,,,,0.0000,1.201060,0.000000
9,612,0,,,,,,0.0000,1.229497,0.000000
9,613,0,,,,,,0.0000,1.201667,0.000000
9,614,0,,,,,,0.0000,1.191250,0.000000
9,615,0,,,,,,0.0000,1.187478,0.000000
9,616,0,,,,,,0.0000,1.150647,0.000000
9,617,0,,,,,,0.0000,1.194078,0.000000
9,618,0,,,,,,0.0000,1.227843,0.000000
9,619,0,,,,,,0.0000,1.215702,0.000000
9,620,0,,,,,,0.0000,1.204805,0.000000
9,621,0,,,,,,0.0000,1.175790,0.000000
9,622,0,,,,,,0.0000,1.192888,0.000000
9,623,0,,,,,,0.0000,1.200388,0.000000
9,624,0,,,,,,0.0000,1.230977,0.000000
9,625,0,,,,,,0.0000,1.205864,0.000000
9,626,0,,,,,,0.0000,1.161600,0.000000
9,627,0,,,,,,0.0000,1.215132,0.000000
9,628,0,,,,,,0.0000,1.209765,0.000000
9,629,0,,,,,,0.0000,1.201150,0.000000
9,630,0,,,,,,0.0000,1.204906,0.000000
9,631,0,,,,,,0.0000,1.200549,0.000000
9,632,0,,,,,,0.0000,1.191473,0.000000
9,633,0,,,,,,0.0000,1.201656,0.000000
9,634,0,,,,,,0.0000,1.221430,0.000000
9,635,0,,,,,,0.0000,1.191555,0.000000
9,636,0,,,,,,0.0000,1.174947,0.000000
9,637,0,,,,,,0.0000,1.208717,0.000000
9,638,0,,,,,,0.0000,1.199527,0.000000
9,639,0,,,,,,0.0000,1.175910,0.000000
9,640,0,,,,,,0.0000,1.190612,0.000000
9,641,0,,,,,,0.0000,1.162058,0.000000
9,642,0,,,,,,0.0000,1.183723,0.000000
9,643,1,0.854866,0.001607,0.382671,0.000000,1.000000,2.0000,1.228399,0.214837
9,644,5,0.205527,0.134775,0.692767,0.159227,0.621984,8.0000,0.990356,0.509580
9,645,7,0.140983,0.122419,0.757090,0.085385,0.455111,10.0000,0.912012,0.634522
9,646,9,0.129136,0.120338,0.772811,0.115044,0.539368,8.0000,0.964350,0.665060
9,647,9,0.097577,0.089039,0.816558,0.104412,0.510051,10.0000,1.087574,0.750035
9,648,7,0.079901,0.046860,0.853900,0.089627,0.448532,5.0000,1.120023,0.814185
9,649,8,0.073314,0.043835,0.899751,0.083917,0.390527,5.0000,1.004410,0.844180
9,650,2,0.346644,0.011966,0.698402,0.000000,0.078715,2.0000,1.206677,0.438456
9,651,5,0.129371,0.088735,0.786804,0.274602,0.398381,5.0000,1.158177,0.603434
9,652,6,0.111822,0.079714,0.810419,0.293681,0.612565,10.0000,0.969727,0.650380
9,653,9,0.109502,0.090843,0.849327,0.156890,0.557923,13.0000,0.940202,0.703875
9,654,10,0.108194,0.093403,0.851340,0.134882,0.657832,5.0000,0.954785,0.707876
9,655,13,0.083324,0.091786,0.865647,0.071429,0.489345,4.0000,1.065726,0.736319
9,656,14,0.081739,0.090173,0.868097,0.057738,0.476143,4.0000,1.127667,0.741190
9,657,15,0.081672,0.091574,0.868216,0.062852,0.550033,7.0000,1.009936,0.741426
9,658,17,0.078455,0.089304,0.874504,0.060793,0.570570,12.0000,0.923626,0.753927
9,659,18,0.077984,0.084609,0.877055,0.052752,0.659107,9.0000,1.027389,0.758999
9,660,2,0.374271,0.013370,0.704456,0.000000,0.013738,5.0000,1.261678,0.365367
9,661,4,0.170989,0.047265,0.817876,0.350982,0.467364,6.0000,1.060859,0.596292
9,662,4,0.166522,0.033088,0.869293,0.314533,0.444506,6.0000,0.884537,0.700980
9,663,7,0.097984,0.075981,0.900156,0.101211,0.348264,4.0000,1.015887,0.763818
9,664,7,0.097984,0.075981,0.900156,0.101211,0.348264,6.0000,1.111592,0.763818
9,665,8,0.093789,0.070804,0.906375,0.116053,0.501718,4.0000,1.048599,0.776479
9,666,9,0.081227,0.064951,0.919001,0.123128,0.550208,12.0000,1.056181,0.802185
9,667,9,0.081227,0.064951,0.919001,0.123128,0.550208,7.0000,1.031723,0.802185
9,668,11,0.079762,0.059583,0.929446,0.111131,0.688850,6.0000,1.086525,0.823452
9,669,12,0.079745,0.057075,0.929507,0.113160,0.760360,9.0000,1.031717,0.823576
9,670,1,0.838418,0.099986,0.297217,0.000000,1.000000,2.0000,1.270099,0.027325
9,671,2,0.368714,0.030148,0.675622,0.000000,0.041132,5.0000,1.082069,0.278447
9,672,6,0.162274,0.096417,0.813895,0.079403,0.529159,6.0000,0.991002,0.561767
9,673,10,0.105610,0.090125,0.871781,0.086425,0.603477,7.0000,0.995319,0.680376
9,674,12,0.105610,0.089199,0.873648,0.073927,0.585481,8.0000,1.102104,0.684200
9,675,12,0.099406,0.085527,0.884888,0.072944,0.523567,4.0000,1.112604,0.707231
9,676,12,0.099406,0.085259,0.884921,0.075459,0.529864,7.0000,1.016679,0.707300
9,677,12,0.087476,0.042430,0.921427,0.028834,0.808654,12.0000,1.042108,0.782099
9,678,14,0.084049,0.051362,0.939052,0.056940,0.722283,10.0000,1.044216,0.818214
9,679,14,0.062792,0.050409,0.945109,0.107079,0.699527,11.0000,1.039071,0.830623
9,680,2,0.361572,0.025963,0.697009,0.000000,0.035553,4.0000,1.193195,0.295294
9,681,5,0.176662,0.055767,0.837716,0.461277,0.652292,8.0000,1.040634,0.586561
9,682,7,0.153136,0.053186,0.843993,0.381566,0.851078,6.0000,0.941714,0.599554
9,683,11,0.086301,0.078247,0.909398,0.089425,0.543900,13.0000,1.034387,0.734943
9,684,13,0.085999,0.084573,0.910199,0.073276,0.613182,10.0000,1.079643,0.736602
9,685,15,0.077690,0.078410,0.925723,0.069988,0.584462,11.0000,1.033999,0.768736
9,686,15,0.076109,0.071793,0.926584,0.072768,0.652621,9.0000,1.045817,0.770519
9,687,17,0.066072,0.074175,0.940089,0.058463,0.614768,13.0000,1.042814,0.798475
9,688,16,0.053957,0.041141,0.962883,0.057219,0.824076,12.0000,1.022945,0.845659
9,689,17,0.051867,0.040431,0.966167,0.046626,0.822394,6.0000,0.964561,0.852457
9,690,1,0.846400,0.043113,0.381834,0.000000,1.000000,1.0000,1.241663,0.114430
9,691,4,0.315425,0.166205,0.614208,0.408264,0.693628,5.0000,1.107017,0.387383
9,692,8,0.105853,0.072001,0.855049,0.083309,0.598985,10.0000,0.939040,0.639700
9,693,9,0.105050,0.069998,0.914702,0.074832,0.642770,12.0000,0.948025,0.765345
9,694,12,0.101308,0.067447,0.943864,0.074570,0.719130,12.0000,1.053153,0.789791
9,695,12,0.101070,0.065727,0.944384,0.074704,0.726818,10.0000,1.013483,0.790887
9,696,12,0.101070,0.065727,0.944384,0.074704,0.726818,9.0000,1.016746,0.790887
9,697,14,0.052338,0.061259,0.970845,0.044410,0.577963,10.0000,0.988093,0.846621
9,698,13,0.043037,0.048073,0.983404,0.040399,0.549118,6.0000,1.034294,0.873073
9,699,13,0.043037,0.048073,0.983404,0.040399,0.549118,7.0000,1.017896,0.873073
9,700,3,0.164886,0.025634,0.847969,0.168452,0.212925,4.0000,1.222813,0.639096
9,701,3,0.164886,0.025634,0.847969,0.168452,0.212925,3.0000,1.116137,0.639096
9,702,5,0.076991,0.039518,0.907717,0.127968,0.261014,7.0000,0.975457,0.764231
9,703,7,0.069674,0.041102,0.933493,0.138880,0.568665,10.0000,0.878305,0.818215
9,704,8,0.069463,0.040480,0.933563,0.147593,0.697546,12.0000,1.089750,0.818263
9,705,8,0.069463,0.040480,0.933563,0.147593,0.697546,6.0000,1.119617,0.818263
9,706,9,0.067018,0.038212,0.969166,0.138136,0.678954,5.0000,1.033644,0.838324
9,707,9,0.067018,0.038212,0.969166,0.138136,0.678954,7.0000,0.930718,0.838324
9,708,9,0.067021,0.038150,0.970765,0.138285,0.676921,9.0000,0.992615,0.841674
9,709,11,0.062664,0.041458,0.975651,0.111965,0.757820,11.0000,1.116424,0.851906
9,710,1,0.824627,0.001596,0.435335,0.000000,1.000000,3.0000,1.352484,0.205874
9,711,3,0.214521,0.072624,0.754507,0.490777,0.535393,8.0000,1.123922,0.477836
9,712,6,0.122963,0.072514,0.865317,0.241220,0.667492,9.0000,0.923287,0.711228
9,713,7,0.149148,0.077347,0.917321,0.135084,0.745076,7.0000,1.043920,0.779865
9,714,6,0.143739,0.058760,0.924182,0.117188,0.621311,4.0000,1.147922,0.793806
9,715,8,0.081551,0.051490,0.960345,0.169029,0.571203,8.0000,1.115393,0.869974
9,716,8,0.077482,0.029806,0.990869,0.169331,0.543247,11.0000,1.044142,0.888796
9,717,8,0.077273,0.029184,0.991586,0.169209,0.544209,7.0000,0.996553,0.890307
9,718,8,0.077273,0.029184,0.991586,0.169209,0.544209,12.0000,1.036470,0.890307
9,719,9,0.053448,0.026208,0.996149,0.096947,0.437310,13.0000,1.029518,0.899916
9,720,2,0.357671,0.037812,0.604987,0.000000,0.458396,2.0000,1.228851,0.417385
9,721,5,0.143022,0.065189,0.855277,0.234540,0.627745,8.0000,1.066270,0.687437
9,722,6,0.138225,0.066699,0.858514,0.222711,0.804751,3.0000,0.943075,0.694139
9,723,9,0.074006,0.050446,0.947504,0.104727,0.592135,7.0000,1.089084,0.813825
9,724,10,0.073619,0.048525,0.962300,0.100191,0.594560,7.0000,1.166380,0.844453
9,725,11,0.073619,0.062602,0.962568,0.100152,0.668376,11.0000,1.016149,0.845007
9,726,11,0.073619,0.062602,0.962568,0.100152,0.668376,13.0000,0.976480,0.845007
9,727,11,0.073619,0.062602,0.962568,0.100152,0.668376,8.0000,1.052076,0.845007
9,728,14,0.069011,0.057391,0.968420,0.044085,0.647551,11.0000,1.023321,0.857120
9,729,14,0.062519,0.056118,0.977944,0.028418,0.682435,13.0000,0.940445,0.876836
9,730,1,0.845286,0.019681,0.395804,0.000000,1.000000,3.0000,1.262155,0.166400
9,731,3,0.165792,0.035988,0.811043,0.283802,0.349833,6.0000,1.066867,0.626912
9,732,4,0.117212,0.049343,0.852036,0.186469,0.368979,1.0000,0.922193,0.710907
9,733,9,0.070400,0.050552,0.916560,0.085961,0.646300,11.0000,0.950900,0.772128
9,734,10,0.070305,0.066942,0.928743,0.083209,0.553659,11.0000,1.073877,0.797090
9,735,11,0.067076,0.063968,0.931299,0.063720,0.553292,12.0000,1.097794,0.802327
9,736,11,0.056229,0.061298,0.941486,0.069474,0.550779,8.0000,0.993540,0.823201
9,737,11,0.056229,0.061298,0.941486,0.069474,0.550779,3.0000,0.973013,0.823201
9,738,11,0.056229,0.061298,0.941486,0.069474,0.550779,6.0000,0.992053,0.823201
9,739,12,0.052711,0.059068,0.945595,0.068254,0.550312,11.0000,1.066962,0.831620
9,740,0,,,,,,0.0000,1.286547,0.000000
9,741,0,,,,,,0.0000,1.327241,0.000000
9,742,0,,,,,,0.0000,1.235881,0.000000
9,743,1,0.841576,0.014852,0.393914,0.000000,1.000000,1.0000,1.145428,0.178280
9,744,6,0.190395,0.160319,0.681996,0.167041,0.468497,7.0000,0.967124,0.422913
9,745,6,0.155502,0.121986,0.791784,0.222308,0.565810,15.0000,0.993640,0.553983
9,746,7,0.094738,0.063428,0.866652,0.089267,0.452255,6.0000,1.101686,0.706415
9,747,6,0.083543,0.038019,0.912599,0.144040,0.347309,8.0000,1.039757,0.799965
9,748,6,0.075094,0.029823,0.927678,0.154205,0.410167,6.0000,0.963334,0.830667
9,749,7,0.053762,0.022712,0.942781,0.082140,0.425547,7.0000,1.004887,0.850603
9,750,2,0.323403,0.117664,0.553409,0.000000,0.252413,2.0000,1.313985,0.273592
9,751,5,0.222330,0.125251,0.634439,0.267082,0.772000,6.0000,1.205866,0.434681
9,752,9,0.156452,0.128928,0.752007,0.156155,0.828659,14.0000,0.965801,0.587050
9,753,7,0.125580,0.101987,0.785985,0.129726,0.528496,7.0000,0.990638,0.654578
9,754,8,0.111915,0.097142,0.818745,0.120722,0.483130,5.0000,0.987473,0.719706
9,755,7,0.101825,0.088905,0.836231,0.099145,0.438435,6.0000,1.117211,0.754468
9,756,7,0.087724,0.047608,0.893549,0.096101,0.320994,5.0000,1.107751,0.791789
9,757,8,0.087010,0.045967,0.895646,0.131975,0.461829,5.0000,0.973677,0.795957
9,758,10,0.083437,0.042164,0.903055,0.095848,0.664952,9.0000,1.028425,0.810687
9,759,10,0.072548,0.029937,0.920021,0.086123,0.665554,5.0000,1.076328,0.844416
9,760,2,0.534325,0.050760,0.470677,0.000000,0.662296,2.0000,1.298924,0.343248
9,761,4,0.125339,0.070166,0.740156,0.020154,0.149554,5.0000,1.058849,0.589638
9,762,6,0.112377,0.084496,0.776833,0.126216,0.427758,10.0000,0.854465,0.660881
9,763,7,0.090103,0.064371,0.826009,0.101575,0.554345,9.0000,1.031829,0.748084
9,764,12,0.080823,0.058578,0.855552,0.043489,0.695389,12.0000,1.116120,0.775245
9,765,12,0.080458,0.053742,0.857223,0.039363,0.773054,6.0000,1.099145,0.778492
9,766,12,0.080458,0.053742,0.857223,0.039363,0.773054,3.0000,0.965465,0.778492
9,767,12,0.076012,0.038800,0.866060,0.027794,0.907193,7.0000,1.030789,0.795656
9,768,13,0.075960,0.041749,0.866930,0.029021,0.925840,8.0000,1.071020,0.797347
9,769,15,0.071017,0.045120,0.876965,0.036706,0.852305,11.0000,1.136945,0.816839
9,770,3,0.313590,0.111918,0.545698,0.930259,0.923209,3.0000,1.256171,0.322051
9,771,5,0.189669,0.168004,0.615624,0.243819,0.520455,4.0000,1.070944,0.456787
9,772,7,0.119908,0.075932,0.790082,0.112776,0.658930,7.0000,0.936300,0.776699
9,773,7,0.117822,0.073626,0.792628,0.114303,0.651300,11.0000,0.984402,0.781605
9,774,10,0.105423,0.066900,0.805476,0.087569,0.707492,6.0000,1.079174,0.806361
9,775,11,0.105007,0.067008,0.815067,0.083305,0.710432,8.0000,1.071649,0.810290
9,776,12,0.075312,0.060302,0.837787,0.079464,0.598480,10.0000,0.977410,0.854068
9,777,12,0.075312,0.060302,0.837787,0.079464,0.598480,6.0000,0.994614,0.854068
9,778,12,0.048559,0.035983,0.858986,0.051049,0.583855,5.0000,1.055782,0.878010
9,779,12,0.045723,0.030197,0.872744,0.051346,0.558806,3.0000,1.036512,0.890163
9,780,1,0.694575,0.195701,0.165980,0.000000,1.000000,1.0000,1.289921,0.039669
9,781,3,0.246376,0.190141,0.548034,0.321656,0.536208,6.0000,1.046516,0.470425
9,782,6,0.151886,0.129712,0.663529,0.225012,0.589876,14.0000,0.829275,0.592639
9,783,9,0.108223,0.073440,0.714512,0.145526,0.639754,12.0000,0.944698,0.690785
9,784,11,0.108004,0.086758,0.721873,0.075371,0.622730,6.0000,1.119237,0.704957
9,785,11,0.108004,0.086758,0.721873,0.075371,0.622730,6.0000,1.045700,0.704957
9,786,11,0.096020,0.081499,0.753092,0.073502,0.642028,6.0000,1.016248,0.755117
9,787,12,0.094033,0.078542,0.755959,0.060849,0.647021,5.0000,1.035067,0.760635
9,788,13,0.093229,0.074188,0.765538,0.065174,0.687478,5.0000,1.064352,0.779076
9,789,16,0.088767,0.077893,0.772547,0.039391,0.676188,12.0000,0.977704,0.792569
9,790,1,0.678245,0.109574,0.314654,0.000000,1.000000,1.0000,1.249959,0.245584
9,791,4,0.211345,0.128359,0.547517,0.251821,0.691546,4.0000,1.102716,0.508226
9,792,6,0.155101,0.050005,0.726298,0.074931,0.904772,7.0000,0.958845,0.744939
9,793,9,0.097272,0.056168,0.751782,0.055754,0.797337,5.0000,0.981023,0.795152
9,794,12,0.095378,0.048937,0.768588,0.043814,0.893423,11.0000,1.034025,0.810078
9,795,13,0.090777,0.051618,0.783862,0.055852,0.822659,10.0000,1.001387,0.817143
9,796,14,0.089958,0.049820,0.784805,0.054403,0.841993,7.0000,1.004781,0.819001
9,797,14,0.089958,0.049820,0.784805,0.054403,0.841993,7.0000,0.995339,0.819001
9,798,15,0.089437,0.048340,0.785898,0.053396,0.848129,6.0000,1.005125,0.821157
9,799,16,0.089125,0.048819,0.787440,0.050262,0.886853,4.0000,1.050016,0.824194
9,800,0,,,,,,0.0000,1.292607,0.000000
9,801,0,,,,,,0.0000,1.319633,0.000000
9,802,0,,,,,,0.0000,1.213211,0.000000
9,803,0,,,,,,0.0000,1.164442,0.000000
9,804,0,,,,,,0.0000,1.198144,0.000000
9,805,0,,,,,,0.0000,1.235335,0.000000
9,806,0,,,,,,0.0000,1.270567,0.000000
9,807,0,,,,,,0.0000,1.183087,0.000000
9,808,0,,,,,,0.0000,1.149654,0.000000
9,809,0,,,,,,0.0000,1.214145,0.000000
9,810,0,,,,,,0.0000,1.239356,0.000000
9,811,0,,,,,,0.0000,1.217347,0.000000
9,812,0,,,,,,0.0000,1.229922,0.000000
9,813,0,,,,,,0.0000,1.209958,0.000000
9,814,0,,,,,,0.0000,1.225302,0.000000
9,815,0,,,,,,0.0000,1.180315,0.000000
9,816,0,,,,,,0.0000,1.166877,0.000000
9,817,0,,,,,,0.0000,1.201263,0.000000
9,818,0,,,,,,0.0000,1.212992,0.000000
9,819,0,,,,,,0.0000,1.214501,0.000000
9,820,0,,,,,,0.0000,1.191898,0.000000
9,821,0,,,,,,0.0000,1.163291,0.000000
9,822,0,,,,,,0.0000,1.142427,0.000000
9,823,0,,,,,,0.0000,1.176021,0.000000
9,824,0,,,,,,0.0000,1.246539,0.000000
9,825,0,,,,,,0.0000,1.217828,0.000000
9,826,0,,,,,,0.0000,1.138386,0.000000
9,827,0,,,,,,0.0000,1.147575,0.000000
9,828,0,,,,,,0.0000,1.227684,0.000000
9,829,0,,,,,,0.0000,1.259843,0.000000
9,830,0,,,,,,0.0000,1.218267,0.000000
9,831,0,,,,,,0.0000,1.183245,0.000000
9,832,0,,,,,,0.0000,1.216302,0.000000
9,833,0,,,,,,0.0000,1.185306,0.000000
9,834,0,,,,,,0.0000,1.181033,0.000000
9,835,0,,,,,,0.0000,1.184523,0.000000
9,836,0,,,,,,0.0000,1.213581,0.000000
9,837,0,,,,,,0.0000,1.190196,0.000000
9,838,0,,,,,,0.0000,1.171800,0.000000
9,839,0,,,,,,0.0000,1.188386,0.000000
9,840,0,,,,,,0.0000,1.200461,0.000000
9,841,0,,,,,,0.0000,1.188153,0.000000
9,842,0,,,,,,0.0000,1.177783,0.000000
9,843,0,,,,,,0.0000,1.197862,0.000000
9,844,0,,,,,,0.0000,1.214839,0.000000
9,845,0,,,,,,0.0000,1.224223,0.000000
9,846,0,,,,,,0.0000,1.184169,0.000000
9,847,0,,,,,,0.0000,1.191637,0.000000
9,848,0,,,,,,0.0000,1.213379,0.000000
9,849,0,,,,,,0.0000,1.187763,0.000000
9,850,0,,,,,,0.0000,1.199202,0.000000
9,851,0,,,,,,0.0000,1.183116,0.000000
9,852,0,,,,,,0.0000,1.199812,0.000000
9,853,0,,,,,,0.0000,1.161322,0.000000
9,854,0,,,,,,0.0000,1.219237,0.000000
9,855,0,,,,,,0.0000,1.247701,0.000000
9,856,0,,,,,,0.0000,1.218700,0.000000
9,857,0,,,,,,0.0000,1.178051,0.000000
9,858,0,,,,,,0.0000,1.172050,0.000000
9,859,0,,,,,,0.0000,1.185692,0.000000
9,860,0,,,,,,0.0000,1.217544,0.000000
9,861,0,,,,,,0.0000,1.207540,0.000000
9,862,0,,,,,,0.0000,1.203431,0.000000
9,863,0,,,,,,0.0000,1.173390,0.000000
9,864,0,,,,,,0.0000,1.177976,0.000000
9,865,0,,,,,,0.0000,1.180695,0.000000
9,866,0,,,,,,0.0000,1.182223,0.000000
9,867,0,,,,,,0.0000,1.189033,0.000000
9,868,0,,,,,,0.0000,1.196286,0.000000
9,869,0,,,,,,0.0000,1.195048,0.000000
9,870,0,,,,,,0.0000,1.162538,0.000000
9,871,0,,,,,,0.0000,1.178577,0.000000
9,872,0,,,,,,0.0000,1.196161,0.000000
9,873,0,,,,,,0.0000,1.180715,0.000000
9,874,0,,,,,,0.0000,1.179806,0.000000
9,875,0,,,,,,0.0000,1.199283,0.000000
9,876,0,,,,,,0.0000,1.202402,0.000000
9,877,0,,,,,,0.0000,1.182169,0.000000
9,878,0,,,,,,0.0000,1.199554,0.000000
9,879,0,,,,,,0.0000,1.221608,0.000000
9,880,0,,,,,,0.0000,1.195212,0.000000
9,881,0,,,,,,0.0000,1.200146,0.000000
9,882,0,,,,,,0.0000,1.194521,0.000000
9,883,0,,,,,,0.0000,1.206818,0.000000
9,884,0,,,,,,0.0000,1.200836,0.000000
9,885,0,,,,,,0.0000,1.155702,0.000000
9,886,0,,,,,,0.0000,1.180697,0.000000
9,887,0,,,,,,0.0000,1.226323,0.000000
9,888,0,,,,,,0.0000,1.190657,0.000000
9,889,0,,,,,,0.0000,1.179451,0.000000
9,890,0,,,,,,0.0000,1.195856,0.000000
9,891,0,,,,,,0.0000,1.185568,0.000000
9,892,0,,,,,,0.0000,1.193405,0.000000
9,893,0,,,,,,0.0000,1.194011,0.000000
9,894,0,,,,,,0.0000,1.230654,0.000000
9,895,0,,,,,,0.0000,1.201553,0.000000
9,896,0,,,,,,0.0000,1.206899,0.000000
9,897,0,,,,,,0.0000,1.202907,0.000000
9,898,0,,,,,,0.0000,1.147206,0.000000
9,899,0,,,,,,0.0000,1.150942,0.000000
9,900,0,,,,,,0.0000,1.216564,0.000000
9,901,0,,,,,,0.0000,1.204446,0.000000
9,902,0,,,,,,0.0000,1.201252,0.000000
9,903,0,,,,,,0.0000,1.169292,0.000000
9,904,0,,,,,,0.0000,1.187941,0.000000
9,905,0,,,,,,0.0000,1.208800,0.000000
9,906,0,,,,,,0.0000,1.237635,0.000000
9,907,0,,,,,,0.0000,1.175542,0.000000
9,908,0,,,,,,0.0000,1.137348,0.000000
9,909,0,,,,,,0.0000,1.183779,0.000000
9,910,0,,,,,,0.0000,1.220762,0.000000
9,911,0,,,,,,0.0000,1.231059,0.000000
9,912,0,,,,,,0.0000,1.204783,0.000000
9,913,0,,,,,,0.0000,1.155493,0.000000
9,914,0,,,,,,0.0000,1.164632,0.000000
9,915,0,,,,,,0.0000,1.227035,0.000000
9,916,0,,,,,,0.0000,1.204836,0.000000
9,917,0,,,,,,0.0000,1.174388,0.000000
9,918,0,,,,,,0.0000,1.171945,0.000000
9,919,0,,,,,,0.0000,1.212654,0.000000
9,920,0,,,,,,0.0000,1.197310,0.000000
9,921,0,,,,,,0.0000,1.221944,0.000000
9,922,0,,,,,,0.0000,1.166358,0.000000
9,923,0,,,,,,0.0000,1.211914,0.000000
9,924,0,,,,,,0.0000,1.219747,0.000000
9,925,0,,,,,,0.0000,1.179214,0.000000
9,926,0,,,,,,0.0000,1.179818,0.000000
9,927,0,,,,,,0.0000,1.218290,0.000000
9,928,0,,,,,,0.0000,1.193502,0.000000
9,929,0,,,,,,0.0000,1.200478,0.000000
9,930,0,,,,,,0.0000,1.175486,0.000000
9,931,0,,,,,,0.0000,1.190135,0.000000
9,932,0,,,,,,0.0000,1.200130,0.000000
9,933,0,,,,,,0.0000,1.222947,0.000000
9,934,0,,,,,,0.0000,1.209800,0.000000
9,935,0,,,,,,0.0000,1.165912,0.000000
9,936,0,,,,,,0.0000,1.179178,0.000000
9,937,0,,,,,,0.0000,1.219615,0.000000
9,938,0,,,,,,0.0000,1.232271,0.000000
9,939,0,,,,,,0.0000,1.182370,0.000000
9,940,0,,,,,,0.0000,1.163369,0.000000
9,941,0,,,,,,0.0000,1.209389,0.000000
9,942,0,,,,,,0.0000,1.212434,0.000000
9,943,0,,,,,,0.0000,1.194577,0.000000
9,944,0,,,,,,0.0000,1.186537,0.000000
9,945,0,,,,,,0.0000,1.185673,0.000000
9,946,0,,,,,,0.0000,1.219005,0.000000
9,947,0,,,,,,0.0000,1.219550,0.000000
9,948,0,,,,,,0.0000,1.201837,0.000000
9,949,0,,,,,,0.0000,1.177738,0.000000
9,950,0,,,,,,0.0000,1.188680,0.000000
9,951,0,,,,,,0.0000,1.204014,0.000000
9,952,0,,,,,,0.0000,1.186316,0.000000
9,953,0,,,,,,0.0000,1.166568,0.000000
9,954,0,,,,,,0.0000,1.191561,0.000000
9,955,0,,,,,,0.0000,1.221414,0.000000
9,956,0,,,,,,0.0000,1.211928,0.000000
9,957,0,,,,,,0.0000,1.183453,0.000000
9,958,0,,,,,,0.0000,1.206211,0.000000
9,959,0,,,,,,0.0000,1.174413,0.000000
9,960,0,,,,,,0.0000,1.188595,0.000000
9,961,0,,,,,,0.0000,1.189812,0.000000
9,962,0,,,,,,0.0000,1.191845,0.000000
9,963,0,,,,,,0.0000,1.213416,0.000000
9,964,0,,,,,,0.0000,1.228545,0.000000
9,965,0,,,,,,0.0000,1.209314,0.000000
9,966,0,,,,,,0.0000,1.181131,0.000000
9,967,0,,,,,,0.0000,1.198874,0.000000
9,968,0,,,,,,0.0000,1.212400,0.000000
9,969,0,,,,,,0.0000,1.201747,0.000000
9,970,0,,,,,,0.0000,1.219992,0.000000
9,971,0,,,,,,0.0000,1.200747,0.000000
9,972,0,,,,,,0.0000,1.201062,0.000000
9,973,0,,,,,,0.0000,1.171645,0.000000
9,974,0,,,,,,0.0000,1.177816,0.000000
9,975,0,,,,,,0.0000,1.187535,0.000000
9,976,0,,,,,,0.0000,1.232827,0.000000
9,977,0,,,,,,0.0000,1.226246,0.000000
9,978,0,,,,,,0.0000,1.167883,0.000000
9,979,0,,,,,,0.0000,1.174488,0.000000
9,980,0,,,,,,0.0000,1.193229,0.000000
9,981,0,,,,,,0.0000,1.180212,0.000000
9,982,0,,,,,,0.0000,1.202354,0.000000
9,983,0,,,,,,0.0000,1.214803,0.000000
9,984,0,,,,,,0.0000,1.179691,0.000000
9,985,0,,,,,,0.0000,1.193755,0.000000
9,986,0,,,,,,0.0000,1.214319,0.000000
9,987,0,,,,,,0.0000,1.183177,0.000000
9,988,0,,,,,,0.0000,1.195880,0.000000
9,989,0,,,,,,0.0000,1.201663,0.000000
9,990,0,,,,,,0.0000,1.213870,0.000000
9,991,0,,,,,,0.0000,1.173993,0.000000
9,992,0,,,,,,0.0000,1.189308,0.000000
9,993,0,,,,,,0.0000,1.194948,0.000000
9,994,0,,,,,,0.0000,1.195379,0.000000
9,995,0,,,,,,0.0000,1.162771,0.000000
9,996,0,,,,,,0.0000,1.183834,0.000000
9,997,0,,,,,,0.0000,1.195631,0.000000
9,998,0,,,,,,0.0000,1.194333,0.000000
9,999,0,,,,,,0.0000,1.193019,0.000000
9,1000,0,,,,,,0.0000,1.208235,0.000000
10,1,5,0.160960,0.099391,0.379588,0.075110,0.599740,13.0000,0.889116,0.565794
10,2,8,0.141735,0.107288,0.410289,0.074000,0.588414,6.0000,0.938981,0.626035
10,3,9,0.141484,0.109012,0.411592,0.075841,0.630047,3.0000,0.999534,0.627266
10,4,9,0.141484,0.109012,0.411592,0.075841,0.630047,2.0000,0.887251,0.627266
10,5,10,0.111493,0.103582,0.439235,0.066991,0.548390,3.0000,0.962164,0.673882
10,6,12,0.109839,0.105076,0.440954,0.073809,0.627521,7.0000,0.988470,0.676635
10,7,11,0.087649,0.089304,0.466308,0.063437,0.477556,9.0000,0.911457,0.716965
10,8,13,0.082793,0.073684,0.493427,0.060804,0.517253,12.0000,0.895061,0.762221
10,9,16,0.079827,0.071068,0.504973,0.053150,0.550585,11.0000,0.933735,0.781724
10,10,0,,,,,,0.0000,1.165213,0.000000
10,11,0,,,,,,0.0000,1.212093,0.000000
10,12,0,,,,,,0.0000,1.130276,0.000000
10,13,0,,,,,,0.0000,1.022582,0.000000
10,14,0,,,,,,0.0000,1.080857,0.000000
10,15,0,,,,,,0.0000,1.158642,0.000000
10,16,0,,,,,,0.0000,1.149059,0.000000
10,17,0,,,,,,0.0000,1.083079,0.000000
10,18,0,,,,,,0.0000,1.107581,0.000000
10,19,0,,,,,,0.0000,1.076936,0.000000
10,20,0,,,,,,0.0000,1.101123,0.000000
10,21,0,,,,,,0.0000,1.125578,0.000000
10,22,0,,,,,,0.0000,1.107039,0.000000
10,23,0,,,,,,0.0000,1.110114,0.000000
10,24,0,,,,,,0.0000,1.098884,0.000000
10,25,0,,,,,,0.0000,1.059185,0.000000
10,26,0,,,,,,0.0000,1.131950,0.000000
10,27,0,,,,,,0.0000,1.137512,0.000000
10,28,0,,,,,,0.0000,1.078392,0.000000
10,29,0,,,,,,0.0000,1.047953,0.000000
10,30,0,,,,,,0.0000,1.109620,0.000000
10,31,0,,,,,,0.0000,1.155653,0.000000
10,32,0,,,,,,0.0000,1.100876,0.000000
10,33,0,,,,,,0.0000,1.069002,0.000000
10,34,0,,,,,,0.0000,1.056894,0.000000
10,35,0,,,,,,0.0000,1.109987,0.000000
10,36,0,,,,,,0.0000,1.137472,0.000000
10,37,0,,,,,,0.0000,1.102705,0.000000
10,38,0,,,,,,0.0000,1.081198,0.000000
10,39,0,,,,,,0.0000,1.056844,0.000000
10,40,0,,,,,,0.0000,1.091044,0.000000
10,41,0,,,,,,0.0000,1.133812,0.000000
10,42,0,,,,,,0.0000,1.106049,0.000000
10,43,0,,,,,,0.0000,1.078291,0.000000
10,44,0,,,,,,0.0000,1.115152,0.000000
10,45,0,,,,,,0.0000,1.109074,0.000000
10,46,0,,,,,,0.0000,1.087021,0.000000
10,47,0,,,,,,0.0000,1.076715,0.000000
10,48,0,,,,,,0.0000,1.124016,0.000000
10,49,0,,,,,,0.0000,1.101721,0.000000
10,50,0,,,,,,0.0000,1.087374,0.000000
10,51,0,,,,,,0.0000,1.119680,0.000000
10,52,0,,,,,,0.0000,1.131390,0.000000
10,53,0,,,,,,0.0000,1.084884,0.000000
10,54,0,,,,,,0.0000,1.079748,0.000000
10,55,0,,,,,,0.0000,1.112854,0.000000
10,56,0,,,,,,0.0000,1.118719,0.000000
10,57,0,,,,,,0.0000,1.105452,0.000000
10,58,0,,,,,,0.0000,1.083837,0.000000
10,59,0,,,,,,0.0000,1.067803,0.000000
10,60,0,,,,,,0.0000,1.139779,0.000000
10,61,0,,,,,,0.0000,1.122902,0.000000
10,62,0,,,,,,0.0000,1.052530,0.000000
10,63,0,,,,,,0.0000,1.070751,0.000000
10,64,0,,,,,,0.0000,1.121226,0.000000
10,65,0,,,,,,0.0000,1.093792,0.000000
10,66,0,,,,,,0.0000,1.088620,0.000000
10,67,0,,,,,,0.0000,1.122759,0.000000
10,68,0,,,,,,0.0000,1.094357,0.000000
10,69,0,,,,,,0.0000,1.079859,0.000000
10,70,0,,,,,,0.0000,1.058529,0.000000
10,71,0,,,,,,0.0000,1.094358,0.000000
10,72,0,,,,,,0.0000,1.129945,0.000000
10,73,0,,,,,,0.0000,1.073876,0.000000
10,74,0,,,,,,0.0000,1.065131,0.000000
10,75,0,,,,,,0.0000,1.132343,0.000000
10,76,0,,,,,,0.0000,1.117853,0.000000
10,77,0,,,,,,0.0000,1.081079,0.000000
10,78,0,,,,,,0.0000,1.090136,0.000000
10,79,0,,,,,,0.0000,1.138765,0.000000
10,80,0,,,,,,0.0000,1.116573,0.000000
10,81,0,,,,,,0.0000,1.062654,0.000000
10,82,0,,,,,,0.0000,1.073330,0.000000
10,83,0,,,,,,0.0000,1.104128,0.000000
10,84,0,,,,,,0.0000,1.105755,0.000000
10,85,0,,,,,,0.0000,1.101158,0.000000
10,86,0,,,,,,0.0000,1.107183,0.000000
10,87,0,,,,,,0.0000,1.109982,0.000000
10,88,0,,,,,,0.0000,1.104927,0.000000
10,89,0,,,,,,0.0000,1.063802,0.000000
10,90,0,,,,,,0.0000,1.044739,0.000000
10,91,0,,,,,,0.0000,1.099309,0.000000
10,92,0,,,,,,0.0000,1.130693,0.000000
10,93,0,,,,,,0.0000,1.092916,0.000000
10,94,0,,,,,,0.0000,1.064869,0.000000
10,95,0,,,,,,0.0000,1.096398,0.000000
10,96,0,,,,,,0.0000,1.133551,0.000000
10,97,0,,,,,,0.0000,1.126045,0.000000
10,98,0,,,,,,0.0000,1.088077,0.000000
10,99,0,,,,,,0.0000,1.083727,0.000000
10,100,0,,,,,,0.0000,1.079807,0.000000
10,101,0,,,,,,0.0000,1.107073,0.000000
10,102,0,,,,,,0.0000,1.094018,0.000000
10,103,0,,,,,,0.0000,1.109345,0.000000
10,104,0,,,,,,0.0000,1.079657,0.000000
10,105,0,,,,,,0.0000,1.096556,0.000000
10,106,0,,,,,,0.0000,1.080127,0.000000
10,107,0,,,,,,0.0000,1.112011,0.000000
10,108,0,,,,,,0.0000,1.106313,0.000000
10,109,0,,,,,,0.0000,1.093365,0.000000
10,110,0,,,,,,0.0000,1.064904,0.000000
10,111,0,,,,,,0.0000,1.122911,0.000000
10,112,0,,,,,,0.0000,1.142178,0.000000
10,113,0,,,,,,0.0000,1.097650,0.000000
10,114,0,,,,,,0.0000,1.093020,0.000000
10,115,0,,,,,,0.0000,1.099128,0.000000
10,116,0,,,,,,0.0000,1.097066,0.000000
10,117,0,,,,,,0.0000,1.102167,0.000000
10,118,0,,,,,,0.0000,1.103245,0.000000
10,119,0,,,,,,0.0000,1.077259,0.000000
10,120,0,,,,,,0.0000,1.104499,0.000000
10,121,0,,,,,,0.0000,1.125207,0.000000
10,122,0,,,,,,0.0000,1.092369,0.000000
10,123,0,,,,,,0.0000,1.095029,0.000000
10,124,0,,,,,,0.0000,1.079002,0.000000
10,125,0,,,,,,0.0000,1.084690,0.000000
10,126,0,,,,,,0.0000,1.113374,0.000000
10,127,0,,,,,,0.0000,1.096108,0.000000
10,128,0,,,,,,0.0000,1.090257,0.000000
10,129,0,,,,,,0.0000,1.089954,0.000000
10,130,0,,,,,,0.0000,1.101777,0.000000
10,131,0,,,,,,0.0000,1.117782,0.000000
10,132,0,,,,,,0.0000,1.070253,0.000000
10,133,0,,,,,,0.0000,1.054040,0.000000
10,134,0,,,,,,0.0000,1.051992,0.000000
10,135,0,,,,,,0.0000,1.146629,0.000000
10,136,0,,,,,,0.0000,1.162510,0.000000
10,137,0,,,,,,0.0000,1.085225,0.000000
10,138,0,,,,,,0.0000,1.068894,0.000000
10,139,0,,,,,,0.0000,1.076518,0.000000
10,140,0,,,,,,0.0000,1.103155,0.000000
10,141,0,,,,,,0.0000,1.119033,0.000000
10,142,0,,,,,,0.0000,1.108859,0.000000
10,143,0,,,,,,0.0000,1.099389,0.000000
10,144,0,,,,,,0.0000,1.124211,0.000000
10,145,0,,,,,,0.0000,1.118707,0.000000
10,146,0,,,,,,0.0000,1.085236,0.000000
10,147,0,,,,,,0.0000,1.111614,0.000000
10,148,0,,,,,,0.0000,1.126084,0.000000
10,149,0,,,,,,0.0000,1.087313,0.000000
10,150,0,,,,,,0.0000,1.087747,0.000000
10,151,0,,,,,,0.0000,1.096851,0.000000
10,152,0,,,,,,0.0000,1.113605,0.000000
10,153,0,,,,,,0.0000,1.099789,0.000000
10,154,0,,,,,,0.0000,1.089586,0.000000
10,155,0,,,,,,0.0000,1.080303,0.000000
10,156,0,,,,,,0.0000,1.058443,0.000000
10,157,0,,,,,,0.0000,1.072737,0.000000
10,158,0,,,,,,0.0000,1.115664,0.000000
10,159,0,,,,,,0.0000,1.117207,0.000000
10,160,0,,,,,,0.0000,1.095959,0.000000
10,161,0,,,,,,0.0000,1.053024,0.000000
10,162,0,,,,,,0.0000,1.085575,0.000000
10,163,0,,,,,,0.0000,1.132920,0.000000
10,164,0,,,,,,0.0000,1.110827,0.000000
10,165,0,,,,,,0.0000,1.080883,0.000000
10,166,0,,,,,,0.0000,1.098893,0.000000
10,167,0,,,,,,0.0000,1.097207,0.000000
10,168,0,,,,,,0.0000,1.124459,0.000000
10,169,0,,,,,,0.0000,1.120633,0.000000
10,170,0,,,,,,0.0000,1.106206,0.000000
10,171,0,,,,,,0.0000,1.098846,0.000000
10,172,0,,,,,,0.0000,1.131277,0.000000
10,173,0,,,,,,0.0000,1.098245,0.000000
10,174,0,,,,,,0.0000,1.087657,0.000000
10,175,0,,,,,,0.0000,1.076202,0.000000
10,176,0,,,,,,0.0000,1.113571,0.000000
10,177,0,,,,,,0.0000,1.112343,0.000000
10,178,0,,,,,,0.0000,1.100990,0.000000
10,179,0,,,,,,0.0000,1.097358,0.000000
10,180,0,,,,,,0.0000,1.106360,0.000000
10,181,0,,,,,,0.0000,1.096989,0.000000
10,182,0,,,,,,0.0000,1.114926,0.000000
10,183,0,,,,,,0.0000,1.091317,0.000000
10,184,0,,,,,,0.0000,1.055676,0.000000
10,185,0,,,,,,0.0000,1.114799,0.000000
10,186,0,,,,,,0.0000,1.142487,0.000000
10,187,0,,,,,,0.0000,1.134660,0.000000
10,188,0,,,,,,0.0000,1.118324,0.000000
10,189,0,,,,,,0.0000,1.087013,0.000000
10,190,0,,,,,,0.0000,1.094461,0.000000
10,191,0,,,,,,0.0000,1.158985,0.000000
10,192,0,,,,,,0.0000,1.101266,0.000000
10,193,0,,,,,,0.0000,1.081847,0.000000
10,194,0,,,,,,0.0000,1.108790,0.000000
10,195,0,,,,,,0.0000,1.126093,0.000000
10,196,0,,,,,,0.0000,1.088007,0.000000
10,197,0,,,,,,0.0000,1.124643,0.000000
10,198,0,,,,,,0.0000,1.095332,0.000000
10,199,0,,,,,,0.0000,1.128667,0.000000
10,200,0,,,,,,0.0000,1.121734,0.000000
10,201,0,,,,,,0.0000,1.102178,0.000000
10,202,0,,,,,,0.0000,1.061004,0.000000
10,203,0,,,,,,0.0000,1.085910,0.000000
10,204,0,,,,,,0.0000,1.119470,0.000000
10,205,0,,,,,,0.0000,1.117715,0.000000
10,206,0,,,,,,0.0000,1.085977,0.000000
10,207,0,,,,,,0.0000,1.035584,0.000000
10,208,0,,,,,,0.0000,1.115977,0.000000
10,209,0,,,,,,0.0000,1.175990,0.000000
10,210,0,,,,,,0.0000,1.107105,0.000000
10,211,0,,,,,,0.0000,1.035411,0.000000
10,212,0,,,,,,0.0000,1.086104,0.000000
10,213,0,,,,,,0.0000,1.153390,0.000000
10,214,0,,,,,,0.0000,1.131156,0.000000
10,215,0,,,,,,0.0000,1.080636,0.000000
10,216,0,,,,,,0.0000,1.094550,0.000000
10,217,0,,,,,,0.0000,1.122735,0.000000
10,218,0,,,,,,0.0000,1.120478,0.000000
10,219,0,,,,,,0.0000,1.102557,0.000000
10,220,0,,,,,,0.0000,1.084577,0.000000
10,221,0,,,,,,0.0000,1.122392,0.000000
10,222,0,,,,,,0.0000,1.130331,0.000000
10,223,0,,,,,,0.0000,1.107496,0.000000
10,224,0,,,,,,0.0000,1.077035,0.000000
10,225,0,,,,,,0.0000,1.093919,0.000000
10,226,0,,,,,,0.0000,1.116420,0.000000
10,227,0,,,,,,0.0000,1.115695,0.000000
10,228,0,,,,,,0.0000,1.078735,0.000000
10,229,0,,,,,,0.0000,1.084130,0.000000
10,230,0,,,,,,0.0000,1.090933,0.000000
10,231,0,,,,,,0.0000,1.089479,0.000000
10,232,0,,,,,,0.0000,1.090328,0.000000
10,233,0,,,,,,0.0000,1.102517,0.000000
10,234,0,,,,,,0.0000,1.111349,0.000000
10,235,0,,,,,,0.0000,1.091566,0.000000
10,236,0,,,,,,0.0000,1.074880,0.000000
10,237,0,,,,,,0.0000,1.108326,0.000000
10,238,0,,,,,,0.0000,1.117100,0.000000
10,239,0,,,,,,0.0000,1.054625,0.000000
10,240,1,0.857806,0.004263,0.200133,0.000000,1.000000,2.0000,1.085191,0.202360
10,241,3,0.175126,0.039950,0.517649,0.300128,0.356430,7.0000,0.848759,0.628829
10,242,7,0.138406,0.064327,0.578909,0.221844,0.774530,14.0000,0.779335,0.734499
10,243,7,0.134290,0.067461,0.586378,0.147413,0.754111,11.0000,0.955991,0.744872
10,244,7,0.125908,0.068186,0.596177,0.041524,0.742233,8.0000,1.089408,0.763907
10,245,8,0.117980,0.059947,0.602431,0.054348,0.783975,14.0000,0.939287,0.776055
10,246,9,0.117446,0.056521,0.619563,0.051204,0.775715,10.0000,0.832561,0.791536
10,247,10,0.117429,0.061446,0.620440,0.052574,0.830968,10.0000,0.937884,0.793239
10,248,12,0.087589,0.065754,0.635553,0.092167,0.718493,11.0000,1.003013,0.822595
10,249,14,0.083120,0.069665,0.638190,0.044306,0.759952,9.0000,0.967653,0.827716
10,250,1,0.848528,0.034205,0.182961,0.000000,1.000000,1.0000,1.131319,0.146771
10,251,6,0.161712,0.070128,0.541276,0.130550,0.653977,8.0000,1.059982,0.606580
10,252,6,0.161264,0.079033,0.549609,0.139966,0.614786,12.0000,0.857575,0.623147
10,253,8,0.103830,0.080577,0.625301,0.159767,0.534279,9.0000,0.871365,0.773624
10,254,8,0.103830,0.080577,0.625301,0.159767,0.534279,9.0000,1.026109,0.773624
10,255,8,0.103830,0.080577,0.625301,0.159767,0.534279,4.0000,1.073944,0.773624
10,256,10,0.049806,0.066605,0.654496,0.109013,0.577718,8.0000,0.991865,0.831664
10,257,10,0.049806,0.066605,0.654496,0.109013,0.577718,8.0000,0.910997,0.831664
10,258,12,0.047132,0.061143,0.658012,0.093291,0.653085,12.0000,0.929278,0.838051
10,259,15,0.046709,0.056025,0.667725,0.086922,0.771525,12.0000,0.956901,0.845984
10,260,2,0.343250,0.110180,0.350164,0.000000,0.139963,2.0000,1.197721,0.194729
10,261,3,0.301267,0.094040,0.485286,0.856160,0.782069,6.0000,1.021475,0.469840
10,262,5,0.179859,0.099929,0.544159,0.290349,0.478012,13.0000,0.871879,0.554286
10,263,6,0.171609,0.081914,0.557131,0.324735,0.599647,9.0000,0.941136,0.580696
10,264,7,0.113880,0.051931,0.607048,0.176525,0.541603,7.0000,1.038757,0.682330
10,265,9,0.098870,0.038902,0.627358,0.127380,0.700814,7.0000,1.037483,0.723681
10,266,11,0.111218,0.042695,0.651798,0.109955,0.914099,11.0000,0.960907,0.773440
10,267,12,0.090527,0.043117,0.659790,0.091399,0.695404,13.0000,0.943552,0.789712
10,268,12,0.079201,0.044213,0.685372,0.106166,0.676174,13.0000,0.946716,0.841798
10,269,13,0.078850,0.043054,0.685862,0.107517,0.722572,8.0000,1.003343,0.842795
10,270,3,0.290973,0.074235,0.425354,0.947799,0.950611,3.0000,1.166027,0.348321
10,271,7,0.142492,0.112248,0.545244,0.126863,0.452719,9.0000,0.992490,0.529872
10,272,7,0.118156,0.078647,0.596536,0.136185,0.536032,9.0000,0.869858,0.634970
10,273,12,0.074073,0.057822,0.665477,0.028078,0.640370,11.0000,0.880609,0.776228
10,274,13,0.065054,0.052112,0.703258,0.044242,0.675902,7.0000,1.061540,0.853643
10,275,13,0.052708,0.042430,0.708092,0.043119,0.673992,8.0000,1.103614,0.863546
10,276,15,0.049206,0.039790,0.714079,0.027639,0.619927,8.0000,0.967195,0.875815
10,277,14,0.048653,0.039021,0.714758,0.022445,0.604505,13.0000,0.896867,0.877205
10,278,14,0.048642,0.039009,0.715320,0.022448,0.601693,10.0000,0.971385,0.878357
10,279,14,0.048642,0.039009,0.715320,0.022448,0.601693,9.0000,1.080654,0.878357
10,280,2,0.360717,0.192731,0.289089,0.000000,0.270371,2.0000,1.202155,0.160797
10,281,6,0.135255,0.085165,0.640802,0.048067,0.347111,15.0000,0.991891,0.727045
10,282,8,0.108329,0.096897,0.658675,0.105728,0.427717,16.0000,0.789800,0.764043
10,283,9,0.096436,0.071167,0.685991,0.066897,0.449034,17.0000,0.874408,0.809019
10,284,9,0.094707,0.068896,0.689282,0.077239,0.458694,8.0000,1.063704,0.815831
10,285,10,0.089819,0.064677,0.706931,0.061618,0.475017,9.0000,1.044183,0.839724
10,286,10,0.089819,0.064677,0.706931,0.061618,0.475017,14.0000,0.859258,0.839724
10,287,11,0.083314,0.062857,0.710164,0.054828,0.431276,12.0000,0.839512,0.846416
10,288,12,0.076138,0.057624,0.723401,0.047377,0.513488,10.0000,0.976364,0.873817
10,289,13,0.033539,0.031141,0.741750,0.071231,0.541588,14.0000,1.014830,0.911800
10,290,1,0.831241,0.014514,0.241069,0.000000,1.000000,1.0000,1.180199,0.177420
10,291,5,0.180609,0.138224,0.504503,0.039746,0.417589,7.0000,1.013013,0.457851
10,292,5,0.164199,0.121982,0.531993,0.042680,0.363046,11.0000,0.904646,0.474340
10,293,7,0.160742,0.130732,0.559178,0.112482,0.604130,10.0000,0.930796,0.531597
10,294,7,0.160742,0.130732,0.559178,0.112482,0.604130,3.0000,1.069192,0.531597
10,295,8,0.111161,0.057070,0.653702,0.141187,0.661891,13.0000,0.976027,0.711698
10,296,10,0.076878,0.061984,0.676433,0.097259,0.565669,14.0000,0.909994,0.759575
10,297,11,0.072330,0.052287,0.689246,0.104368,0.654256,8.0000,0.944122,0.786562
10,298,12,0.059368,0.051976,0.691008,0.100601,0.578808,5.0000,1.019933,0.790273
10,299,13,0.058540,0.057806,0.698969,0.088019,0.499662,12.0000,1.021841,0.807043
10,300,3,0.241605,0.080411,0.493467,0.437444,0.647934,3.0000,1.157559,0.476393
10,301,6,0.145228,0.061726,0.629731,0.110581,0.549422,6.0000,1.011457,0.657477
10,302,6,0.144099,0.059206,0.634114,0.105616,0.554237,9.0000,0.893625,0.666657
10,303,8,0.082976,0.023514,0.688427,0.110582,0.658470,13.0000,0.972834,0.780407
10,304,10,0.071478,0.029444,0.705450,0.041037,0.701006,12.0000,0.950261,0.816059
10,305,11,0.060744,0.036048,0.715082,0.039149,0.686221,9.0000,0.943971,0.836233
10,306,13,0.059820,0.034152,0.715681,0.034148,0.766077,7.0000,0.934940,0.837488
10,307,13,0.059820,0.034152,0.715681,0.034148,0.766077,9.0000,0.973092,0.837488
10,308,13,0.059820,0.034152,0.715681,0.034148,0.766077,8.0000,0.955503,0.837488
10,309,16,0.049153,0.040334,0.725164,0.048624,0.630529,9.0000,0.938118,0.857347
10,310,3,0.327548,0.117808,0.385696,0.936312,0.869516,5.0000,1.168141,0.286939
10,311,5,0.176280,0.053755,0.565149,0.408282,0.825499,6.0000,1.039457,0.534903
10,312,10,0.111955,0.062237,0.611588,0.110087,1.000538,11.0000,0.911942,0.622995
10,313,15,0.082499,0.081711,0.691049,0.100770,0.843010,16.0000,0.830682,0.790360
10,314,15,0.082499,0.081711,0.691049,0.100770,0.843010,12.0000,0.977262,0.790360
10,315,16,0.079791,0.079126,0.694644,0.096781,0.833832,7.0000,1.053388,0.797932
10,316,16,0.066625,0.071043,0.712785,0.096836,0.880326,15.0000,0.909704,0.836141
10,317,14,0.066589,0.074557,0.713115,0.098715,0.821000,11.0000,0.929813,0.836836
10,318,14,0.066588,0.074556,0.713117,0.098721,0.821018,9.0000,0.962940,0.836840
10,319,14,0.066588,0.074556,0.713117,0.098721,0.821018,9.0000,0.981724,0.836840
10,320,3,0.316125,0.013748,0.502651,0.981057,0.900673,6.0000,1.170475,0.429942
10,321,5,0.220937,0.085784,0.565098,0.413552,0.788214,6.0000,1.012124,0.559209
10,322,7,0.133698,0.049310,0.641941,0.170774,0.819539,9.0000,0.852311,0.718275
10,323,9,0.085893,0.046366,0.667601,0.160149,0.704764,9.0000,0.915806,0.758311
10,324,11,0.082050,0.046396,0.668088,0.097272,0.752746,6.0000,1.052068,0.759318
10,325,13,0.076376,0.064221,0.685301,0.076036,0.642190,6.0000,1.000825,0.794948
10,326,13,0.080379,0.062090,0.693056,0.107884,0.746082,11.0000,0.972635,0.811002
10,327,14,0.080379,0.068542,0.695291,0.091064,0.746216,9.0000,0.890300,0.815628
10,328,15,0.077699,0.068187,0.699673,0.075446,0.749212,10.0000,0.947735,0.824700
10,329,17,0.071715,0.064432,0.699785,0.052290,0.734077,6.0000,0.996847,0.824932
10,330,2,0.359257,0.006925,0.469332,0.000000,0.009101,6.0000,1.142134,0.374328
10,331,4,0.188235,0.101322,0.521937,0.237947,0.435982,10.0000,0.995827,0.482116
10,332,6,0.130442,0.108738,0.608296,0.088757,0.231999,14.0000,0.846003,0.659066
10,333,7,0.121622,0.100870,0.623824,0.045925,0.201772,9.0000,0.899400,0.690883
10,334,7,0.098000,0.082722,0.643944,0.059513,0.173989,6.0000,1.034225,0.732109
10,335,7,0.076893,0.058327,0.666719,0.070335,0.326510,9.0000,1.022884,0.778775
10,336,9,0.070793,0.053228,0.682661,0.095964,0.455696,8.0000,0.897344,0.811439
10,337,9,0.070661,0.053198,0.682927,0.096087,0.459351,4.0000,0.947950,0.811984
10,338,9,0.070661,0.053198,0.682927,0.096087,0.459351,5.0000,1.026884,0.811984
10,339,9,0.070621,0.053193,0.683060,0.095984,0.459228,10.0000,1.055570,0.812257
10,340,3,0.259749,0.076128,0.489617,0.740903,0.695282,3.0000,1.209740,0.467955
10,341,4,0.181220,0.067781,0.518484,0.055592,0.618705,7.0000,0.971119,0.526730
10,342,11,0.095206,0.079312,0.633515,0.078491,0.554170,11.0000,0.837563,0.736216
10,343,13,0.086586,0.071960,0.647670,0.086108,0.517852,11.0000,0.961574,0.765037
10,344,11,0.086391,0.075985,0.650231,0.072662,0.330212,8.0000,1.034474,0.770250
10,345,13,0.073907,0.073060,0.661062,0.042030,0.349425,10.0000,0.936652,0.792302
10,346,15,0.055527,0.048968,0.681559,0.061353,0.490972,16.0000,0.904100,0.834036
10,347,14,0.054943,0.029567,0.711409,0.060654,0.553560,11.0000,0.981291,0.894810
10,348,15,0.054580,0.031553,0.711978,0.054225,0.598346,7.0000,1.020094,0.895968
10,349,14,0.053992,0.030081,0.715121,0.060305,0.609879,9.0000,0.975212,0.902367
10,350,0,,,,,,0.0000,1.173208,0.000000
10,351,1,0.853981,0.016078,0.201073,0.000000,1.000000,1.0000,1.194533,0.176409
10,352,4,0.251670,0.180694,0.318141,0.234625,0.358095,4.0000,0.900994,0.268096
10,353,7,0.138907,0.083944,0.545076,0.129969,0.548524,10.0000,0.831532,0.637534
10,354,8,0.116949,0.078555,0.588567,0.099360,0.496228,9.0000,0.931873,0.714162
10,355,9,0.096651,0.069415,0.607670,0.088140,0.524415,7.0000,1.024687,0.752140
10,356,11,0.091525,0.067668,0.615515,0.045968,0.620094,9.0000,0.956216,0.767736
10,357,12,0.090507,0.065850,0.627357,0.043925,0.615744,8.0000,0.963889,0.775651
10,358,15,0.065738,0.069053,0.639533,0.039219,0.650914,13.0000,0.938795,0.799856
10,359,17,0.062823,0.069772,0.656378,0.032862,0.655138,10.0000,1.026785,0.823425
10,360,4,0.267672,0.207659,0.382851,0.111464,0.362950,4.0000,1.182478,0.451225
10,361,7,0.165371,0.133013,0.487997,0.093592,0.419889,10.0000,0.979681,0.571372
10,362,7,0.130814,0.098483,0.560165,0.100052,0.385742,5.0000,0.807620,0.711553
10,363,9,0.111462,0.125840,0.570583,0.073839,0.378336,7.0000,0.913513,0.731060
10,364,12,0.102341,0.106334,0.582972,0.090498,0.640941,9.0000,1.063552,0.753832
10,365,12,0.101414,0.104849,0.583354,0.088788,0.636370,12.0000,0.970205,0.754575
10,366,13,0.099499,0.097585,0.592359,0.076521,0.662831,12.0000,0.854063,0.772067
10,367,13,0.058682,0.050732,0.639198,0.051968,0.610301,10.0000,0.921323,0.839933
10,368,15,0.055226,0.047614,0.643026,0.049150,0.716170,10.0000,0.985369,0.844684
10,369,16,0.051553,0.047859,0.645796,0.037843,0.718663,9.0000,0.998365,0.850064
10,370,0,,,,,,0.0000,1.166218,0.000000
10,371,0,,,,,,0.0000,1.203824,0.000000
10,372,0,,,,,,0.0000,1.075631,0.000000
10,373,0,,,,,,0.0000,1.050568,0.000000
10,374,0,,,,,,0.0000,1.122654,0.000000
10,375,0,,,,,,0.0000,1.152063,0.000000
10,376,0,,,,,,0.0000,1.104235,0.000000
10,377,0,,,,,,0.0000,1.101526,0.000000
10,378,0,,,,,,0.0000,1.099827,0.000000
10,379,0,,,,,,0.0000,1.076664,0.000000
10,380,0,,,,,,0.0000,1.051710,0.000000
10,381,0,,,,,,0.0000,1.125974,0.000000
10,382,0,,,,,,0.0000,1.111420,0.000000
10,383,0,,,,,,0.0000,1.096749,0.000000
10,384,0,,,,,,0.0000,1.065442,0.000000
10,385,0,,,,,,0.0000,1.066756,0.000000
10,386,0,,,,,,0.0000,1.092455,0.000000
10,387,0,,,,,,0.0000,1.108264,0.000000
10,388,0,,,,,,0.0000,1.084687,0.000000
10,389,0,,,,,,0.0000,1.069738,0.000000
10,390,0,,,,,,0.0000,1.089812,0.000000
10,391,0,,,,,,0.0000,1.131970,0.000000
10,392,0,,,,,,0.0000,1.121752,0.000000
10,393,0,,,,,,0.0000,1.067059,0.000000
10,394,0,,,,,,0.0000,1.055928,0.000000
10,395,0,,,,,,0.0000,1.107140,0.000000
10,396,0,,,,,,0.0000,1.149814,0.000000
10,397,0,,,,,,0.0000,1.122587,0.000000
10,398,0,,,,,,0.0000,1.064420,0.000000
10,399,0,,,,,,0.0000,1.070927,0.000000
10,400,0,,,,,,0.0000,1.109722,0.000000
10,401,0,,,,,,0.0000,1.157095,0.000000
10,402,0,,,,,,0.0000,1.124865,0.000000
10,403,0,,,,,,0.0000,1.046622,0.000000
10,404,0,,,,,,0.0000,1.068330,0.000000
10,405,0,,,,,,0.0000,1.161079,0.000000
10,406,0,,,,,,0.0000,1.150652,0.000000
10,407,0,,,,,,0.0000,1.098385,0.000000
10,408,0,,,,,,0.0000,1.056300,0.000000
10,409,0,,,,,,0.0000,1.149181,0.000000
10,410,0,,,,,,0.0000,1.167656,0.000000
10,411,0,,,,,,0.0000,1.105411,0.000000
10,412,0,,,,,,0.0000,1.041126,0.000000
10,413,0,,,,,,0.0000,1.089156,0.000000
10,414,0,,,,,,0.0000,1.140900,0.000000
10,415,0,,,,,,0.0000,1.133362,0.000000
10,416,0,,,,,,0.0000,1.077540,0.000000
10,417,0,,,,,,0.0000,1.069546,0.000000
10,418,0,,,,,,0.0000,1.094776,0.000000
10,419,0,,,,,,0.0000,1.151197,0.000000
10,420,0,,,,,,0.0000,1.089734,0.000000
10,421,0,,,,,,0.0000,1.061548,0.000000
10,422,0,,,,,,0.0000,1.085480,0.000000
10,423,0,,,,,,0.0000,1.092387,0.000000
10,424,0,,,,,,0.0000,1.099368,0.000000
10,425,0,,,,,,0.0000,1.105993,0.000000
10,426,0,,,,,,0.0000,1.100503,0.000000
10,427,0,,,,,,0.0000,1.071493,0.000000
10,428,0,,,,,,0.0000,1.082207,0.000000
10,429,0,,,,,,0.0000,1.131172,0.000000
10,430,0,,,,,,0.0000,1.111042,0.000000
10,431,0,,,,,,0.0000,1.108718,0.000000
10,432,0,,,,,,0.0000,1.086287,0.000000
10,433,0,,,,,,0.0000,1.083479,0.000000
10,434,0,,,,,,0.0000,1.097190,0.000000
10,435,0,,,,,,0.0000,1.083321,0.000000
10,436,0,,,,,,0.0000,1.057770,0.000000
10,437,0,,,,,,0.0000,1.126261,0.000000
10,438,0,,,,,,0.0000,1.145181,0.000000
10,439,0,,,,,,0.0000,1.098101,0.000000
10,440,0,,,,,,0.0000,1.083320,0.000000
10,441,0,,,,,,0.0000,1.120106,0.000000
10,442,0,,,,,,0.0000,1.084792,0.000000
10,443,0,,,,,,0.0000,1.069736,0.000000
10,444,0,,,,,,0.0000,1.094348,0.000000
10,445,0,,,,,,0.0000,1.121628,0.000000
10,446,0,,,,,,0.0000,1.097585,0.000000
10,447,0,,,,,,0.0000,1.104502,0.000000
10,448,0,,,,,,0.0000,1.059518,0.000000
10,449,0,,,,,,0.0000,1.129537,0.000000
10,450,0,,,,,,0.0000,1.143371,0.000000
10,451,0,,,,,,0.0000,1.110425,0.000000
10,452,0,,,,,,0.0000,1.082008,0.000000
10,453,0,,,,,,0.0000,1.067579,0.000000
10,454,0,,,,,,0.0000,1.133165,0.000000
10,455,0,,,,,,0.0000,1.125496,0.000000
10,456,0,,,,,,0.0000,1.117167,0.000000
10,457,0,,,,,,0.0000,1.088159,0.000000
10,458,0,,,,,,0.0000,1.092700,0.000000
10,459,0,,,,,,0.0000,1.067653,0.000000
10,460,0,,,,,,0.0000,1.105605,0.000000
10,461,0,,,,,,0.0000,1.098424,0.000000
10,462,0,,,,,,0.0000,1.069653,0.000000
10,463,0,,,,,,0.0000,1.080440,0.000000
10,464,0,,,,,,0.0000,1.104468,0.000000
10,465,0,,,,,,0.0000,1.129323,0.000000
10,466,0,,,,,,0.0000,1.119115,0.000000
10,467,0,,,,,,0.0000,1.056157,0.000000
10,468,0,,,,,,0.0000,1.106937,0.000000
10,469,0,,,,,,0.0000,1.108946,0.000000
10,470,0,,,,,,0.0000,1.110499,0.000000
10,471,0,,,,,,0.0000,1.109316,0.000000
10,472,0,,,,,,0.0000,1.085377,0.000000
10,473,0,,,,,,0.0000,1.106532,0.000000
10,474,0,,,,,,0.0000,1.118435,0.000000
10,475,0,,,,,,0.0000,1.095388,0.000000
10,476,0,,,,,,0.0000,1.066858,0.000000
10,477,0,,,,,,0.0000,1.113813,0.000000
10,478,0,,,,,,0.0000,1.123674,0.000000
10,479,0,,,,,,0.0000,1.094785,0.000000
10,480,0,,,,,,0.0000,1.082788,0.000000
10,481,0,,,,,,0.0000,1.081087,0.000000
10,482,0,,,,,,0.0000,1.122339,0.000000
10,483,0,,,,,,0.0000,1.123043,0.000000
10,484,0,,,,,,0.0000,1.121889,0.000000
10,485,0,,,,,,0.0000,1.079037,0.000000
10,486,0,,,,,,0.0000,1.097859,0.000000
10,487,0,,,,,,0.0000,1.112736,0.000000
10,488,0,,,,,,0.0000,1.093095,0.000000
10,489,0,,,,,,0.0000,1.102080,0.000000
10,490,0,,,,,,0.0000,1.124677,0.000000
10,491,0,,,,,,0.0000,1.101792,0.000000
10,492,0,,,,,,0.0000,1.082399,0.000000
10,493,0,,,,,,0.0000,1.081283,0.000000
10,494,0,,,,,,0.0000,1.115829,0.000000
10,495,0,,,,,,0.0000,1.065768,0.000000
10,496,0,,,,,,0.0000,1.065279,0.000000
10,497,0,,,,,,0.0000,1.105408,0.000000
10,498,0,,,,,,0.0000,1.079844,0.000000
10,499,0,,,,,,0.0000,1.087627,0.000000
10,500,0,,,,,,0.0000,1.090460,0.000000
10,501,0,,,,,,0.0000,1.107408,0.000000
10,502,0,,,,,,0.0000,1.122275,0.000000
10,503,0,,,,,,0.0000,1.097031,0.000000
10,504,0,,,,,,0.0000,1.109163,0.000000
10,505,0,,,,,,0.0000,1.107216,0.000000
10,506,0,,,,,,0.0000,1.088048,0.000000
10,507,0,,,,,,0.0000,1.118081,0.000000
10,508,0,,,,,,0.0000,1.106927,0.000000
10,509,0,,,,,,0.0000,1.115410,0.000000
10,510,0,,,,,,0.0000,1.101390,0.000000
10,511,0,,,,,,0.0000,1.118867,0.000000
10,512,0,,,,,,0.0000,1.075467,0.000000
10,513,0,,,,,,0.0000,1.123056,0.000000
10,514,0,,,,,,0.0000,1.118920,0.000000
10,515,0,,,,,,0.0000,1.112540,0.000000
10,516,0,,,,,,0.0000,1.051982,0.000000
10,517,0,,,,,,0.0000,1.098040,0.000000
10,518,0,,,,,,0.0000,1.164162,0.000000
10,519,0,,,,,,0.0000,1.098862,0.000000
10,520,0,,,,,,0.0000,1.081531,0.000000
10,521,0,,,,,,0.0000,1.110374,0.000000
10,522,0,,,,,,0.0000,1.107498,0.000000
10,523,0,,,,,,0.0000,1.091238,0.000000
10,524,0,,,,,,0.0000,1.065035,0.000000
10,525,0,,,,,,0.0000,1.098965,0.000000
10,526,0,,,,,,0.0000,1.118365,0.000000
10,527,0,,,,,,0.0000,1.085176,0.000000
10,528,0,,,,,,0.0000,1.081662,0.000000
10,529,0,,,,,,0.0000,1.080306,0.000000
10,530,0,,,,,,0.0000,1.097413,0.000000
10,531,0,,,,,,0.0000,1.109829,0.000000
10,532,0,,,,,,0.0000,1.135989,0.000000
10,533,0,,,,,,0.0000,1.145757,0.000000
10,534,0,,,,,,0.0000,1.114783,0.000000
10,535,0,,,,,,0.0000,1.066772,0.000000
10,536,0,,,,,,0.0000,1.114799,0.000000
10,537,0,,,,,,0.0000,1.156353,0.000000
10,538,0,,,,,,0.0000,1.123399,0.000000
10,539,0,,,,,,0.0000,1.097573,0.000000
10,540,0,,,,,,0.0000,1.095207,0.000000
10,541,0,,,,,,0.0000,1.137880,0.000000
10,542,0,,,,,,0.0000,1.070815,0.000000
10,543,0,,,,,,0.0000,1.042448,0.000000
10,544,0,,,,,,0.0000,1.084031,0.000000
10,545,0,,,,,,0.0000,1.152771,0.000000
10,546,0,,,,,,0.0000,1.122784,0.000000
10,547,0,,,,,,0.0000,1.113959,0.000000
10,548,0,,,,,,0.0000,1.079448,0.000000
10,549,0,,,,,,0.0000,1.110135,0.000000
10,550,0,,,,,,0.0000,1.076270,0.000000
10,551,0,,,,,,0.0000,1.100586,0.000000
10,552,0,,,,,,0.0000,1.076331,0.000000
10,553,0,,,,,,0.0000,1.087830,0.000000
10,554,0,,,,,,0.0000,1.089721,0.000000
10,555,0,,,,,,0.0000,1.084599,0.000000
10,556,0,,,,,,0.0000,1.067960,0.000000
10,557,0,,,,,,0.0000,1.139455,0.000000
10,558,0,,,,,,0.0000,1.137355,0.000000
10,559,0,,,,,,0.0000,1.107051,0.000000
10,560,0,,,,,,0.0000,1.071698,0.000000
10,561,0,,,,,,0.0000,1.120331,0.000000
10,562,0,,,,,,0.0000,1.125520,0.000000
10,563,0,,,,,,0.0000,1.138566,0.000000
10,564,0,,,,,,0.0000,1.086374,0.000000
10,565,0,,,,,,0.0000,1.089616,0.000000
10,566,0,,,,,,0.0000,1.089514,0.000000
10,567,0,,,,,,0.0000,1.116340,0.000000
10,568,0,,,,,,0.0000,1.135816,0.000000
10,569,0,,,,,,0.0000,1.108853,0.000000
10,570,0,,,,,,0.0000,1.053270,0.000000
10,571,0,,,,,,0.0000,1.084004,0.000000
10,572,0,,,,,,0.0000,1.133860,0.000000
10,573,0,,,,,,0.0000,1.123234,0.000000
10,574,0,,,,,,0.0000,1.105869,0.000000
10,575,0,,,,,,0.0000,1.033656,0.000000
10,576,0,,,,,,0.0000,1.117101,0.000000
10,577,0,,,,,,0.0000,1.154321,0.000000
10,578,0,,,,,,0.0000,1.070490,0.000000
10,579,0,,,,,,0.0000,1.034212,0.000000
10,580,0,,,,,,0.0000,1.140422,0.000000
10,581,0,,,,,,0.0000,1.167527,0.000000
10,582,0,,,,,,0.0000,1.122262,0.000000
10,583,0,,,,,,0.0000,1.062181,0.000000
10,584,0,,,,,,0.0000,1.085863,0.000000
10,585,0,,,,,,0.0000,1.069609,0.000000
10,586,0,,,,,,0.0000,1.106603,0.000000
10,587,0,,,,,,0.0000,1.098047,0.000000
10,588,0,,,,,,0.0000,1.069077,0.000000
10,589,0,,,,,,0.0000,1.058607,0.000000
10,590,0,,,,,,0.0000,1.126179,0.000000
10,591,0,,,,,,0.0000,1.191822,0.000000
10,592,0,,,,,,0.0000,1.146520,0.000000
10,593,0,,,,,,0.0000,1.073390,0.000000
10,594,0,,,,,,0.0000,1.105577,0.000000
10,595,0,,,,,,0.0000,1.122405,0.000000
10,596,0,,,,,,0.0000,1.104334,0.000000
10,597,0,,,,,,0.0000,1.069623,0.000000
10,598,0,,,,,,0.0000,1.095102,0.000000
10,599,0,,,,,,0.0000,1.134887,0.000000
10,600,0,,,,,,0.0000,1.124783,0.000000
10,601,0,,,,,,0.0000,1.067408,0.000000
10,602,0,,,,,,0.0000,1.088014,0.000000
10,603,0,,,,,,0.0000,1.135178,0.000000
10,604,0,,,,,,0.0000,1.107666,0.000000
10,605,0,,,,,,0.0000,1.084478,0.000000
10,606,0,,,,,,0.0000,1.050202,0.000000
10,607,0,,,,,,0.0000,1.104162,0.000000
10,608,0,,,,,,0.0000,1.140214,0.000000
10,609,0,,,,,,0.0000,1.123864,0.000000
10,610,0,,,,,,0.0000,1.093636,0.000000
10,611,0,,,,,,0.0000,1.099652,0.000000
10,612,0,,,,,,0.0000,1.141798,0.000000
10,613,0,,,,,,0.0000,1.095962,0.000000
10,614,0,,,,,,0.0000,1.090454,0.000000
10,615,0,,,,,,0.0000,1.102434,0.000000
10,616,0,,,,,,0.0000,1.093228,0.000000
10,617,0,,,,,,0.0000,1.069959,0.000000
10,618,0,,,,,,0.0000,1.098173,0.000000
10,619,0,,,,,,0.0000,1.112075,0.000000
10,620,0,,,,,,0.0000,1.057625,0.000000
10,621,0,,,,,,0.0000,1.108956,0.000000
10,622,0,,,,,,0.0000,1.147771,0.000000
10,623,0,,,,,,0.0000,1.097983,0.000000
10,624,0,,,,,,0.0000,1.044758,0.000000
10,625,0,,,,,,0.0000,1.053468,0.000000
10,626,0,,,,,,0.0000,1.127434,0.000000
10,627,0,,,,,,0.0000,1.133037,0.000000
10,628,0,,,,,,0.0000,1.072530,0.000000
10,629,0,,,,,,0.0000,1.098528,0.000000
10,630,0,,,,,,0.0000,1.103271,0.000000
10,631,0,,,,,,0.0000,1.083155,0.000000
10,632,0,,,,,,0.0000,1.070034,0.000000
10,633,0,,,,,,0.0000,1.097087,0.000000
10,634,0,,,,,,0.0000,1.143274,0.000000
10,635,0,,,,,,0.0000,1.086716,0.000000
10,636,0,,,,,,0.0000,1.060023,0.000000
10,637,0,,,,,,0.0000,1.096221,0.000000
10,638,0,,,,,,0.0000,1.106892,0.000000
10,639,0,,,,,,0.0000,1.107240,0.000000
10,640,1,0.855422,0.000493,0.251722,0.000000,1.000000,1.0000,1.093820,0.212469
10,641,6,0.189340,0.061838,0.519430,0.426305,0.811292,13.0000,0.821845,0.604466
10,642,10,0.138589,0.106986,0.531785,0.191599,0.631798,13.0000,0.832043,0.628465
10,643,10,0.096475,0.079954,0.593609,0.122479,0.591724,13.0000,0.942777,0.748553
10,644,12,0.096020,0.081457,0.594296,0.130459,0.744180,8.0000,1.039853,0.749887
10,645,13,0.094450,0.080426,0.596480,0.124259,0.801504,7.0000,0.987987,0.754131
10,646,12,0.079517,0.062873,0.625261,0.123278,0.724879,8.0000,0.957528,0.810035
10,647,13,0.079439,0.061770,0.625566,0.124554,0.782158,4.0000,0.984477,0.810628
10,648,13,0.079439,0.061770,0.625566,0.124554,0.782158,12.0000,0.987616,0.810628
10,649,13,0.072363,0.059008,0.638085,0.092253,0.641416,9.0000,1.002446,0.828028
10,650,1,0.793981,0.013711,0.227525,0.000000,1.000000,1.0000,1.168279,0.231752
10,651,6,0.120728,0.072002,0.534799,0.163796,0.675455,9.0000,0.985120,0.628957
10,652,9,0.104092,0.070396,0.592287,0.060326,0.538038,7.0000,0.871313,0.709814
10,653,9,0.091426,0.045613,0.625472,0.103854,0.626514,11.0000,0.942200,0.775787
10,654,10,0.067244,0.043410,0.646844,0.111311,0.507895,6.0000,1.035180,0.818275
10,655,13,0.064390,0.046411,0.649710,0.109427,0.743539,11.0000,1.003842,0.823972
10,656,14,0.063016,0.046161,0.652344,0.091403,0.773849,9.0000,0.901086,0.829208
10,657,14,0.064054,0.038879,0.665214,0.048196,0.830638,8.0000,0.872994,0.854795
10,658,14,0.062258,0.035109,0.681872,0.063528,0.766050,10.0000,0.996350,0.874108
10,659,15,0.061102,0.035941,0.683564,0.044446,0.784740,11.0000,0.997952,0.877473
10,660,4,0.274002,0.125582,0.397027,0.652215,0.988146,4.0000,1.142516,0.349404
10,661,6,0.173106,0.064845,0.528045,0.404230,0.876007,7.0000,0.996436,0.573227
10,662,8,0.115693,0.077662,0.554687,0.115695,0.740514,9.0000,0.853851,0.627470
10,663,12,0.104012,0.073283,0.583566,0.125360,0.885422,16.0000,0.896276,0.677094
10,664,13,0.102643,0.072072,0.586112,0.063036,0.859224,9.0000,1.032362,0.682278
10,665,11,0.100102,0.069751,0.590493,0.063248,0.811090,9.0000,1.053332,0.691198
10,666,12,0.082771,0.062342,0.628067,0.081797,0.702844,14.0000,0.973554,0.725124
10,667,14,0.082198,0.056083,0.632822,0.078297,0.819586,12.0000,0.909366,0.734806
10,668,15,0.072462,0.059290,0.651978,0.075810,0.734818,13.0000,0.960795,0.773807
10,669,13,0.071922,0.060292,0.657269,0.074710,0.653408,5.0000,1.016276,0.784580
10,670,2,0.330506,0.045097,0.429990,0.000000,0.080810,2.0000,1.193891,0.315044
10,671,5,0.228833,0.071485,0.531704,0.558892,0.877482,10.0000,1.010384,0.502129
10,672,8,0.168910,0.076520,0.597075,0.075641,0.832537,5.0000,0.877311,0.636074
10,673,8,0.086883,0.031496,0.661123,0.128518,0.633745,11.0000,0.912657,0.767309
10,674,10,0.067514,0.041124,0.663224,0.082280,0.627273,8.0000,1.037849,0.771613
10,675,11,0.055968,0.046846,0.683883,0.066015,0.571059,11.0000,1.011353,0.813943
10,676,11,0.055968,0.046846,0.683883,0.066015,0.571059,10.0000,0.924353,0.813943
10,677,12,0.053727,0.046740,0.700592,0.063287,0.574387,10.0000,0.891117,0.848179
10,678,13,0.053266,0.047423,0.700879,0.069020,0.634537,15.0000,0.921097,0.848767
10,679,11,0.062827,0.039993,0.702364,0.109910,0.642660,10.0000,1.043747,0.851811
10,680,2,0.354084,0.007468,0.480557,0.000000,0.009861,3.0000,1.204732,0.371124
10,681,5,0.149350,0.046910,0.664335,0.085282,0.491843,7.0000,0.948777,0.751550
10,682,9,0.075341,0.047338,0.713082,0.139199,0.700864,16.0000,0.811596,0.852456
10,683,10,0.074278,0.049106,0.713877,0.121588,0.727696,14.0000,0.912125,0.854102
10,684,11,0.070621,0.041219,0.716845,0.122020,0.849111,13.0000,1.110300,0.860246
10,685,11,0.070621,0.041219,0.716845,0.122020,0.849111,8.0000,1.023316,0.860246
10,686,11,0.070621,0.041219,0.716845,0.122020,0.849111,5.0000,0.939430,0.860246
10,687,14,0.068254,0.042394,0.720452,0.104711,0.899419,11.0000,0.945179,0.867713
10,688,15,0.052273,0.042010,0.723007,0.079831,0.809917,11.0000,0.988163,0.873001
10,689,15,0.050731,0.040972,0.726715,0.078994,0.833983,15.0000,0.915652,0.880677
10,690,2,0.359671,0.039540,0.436877,0.000000,0.048613,3.0000,1.108179,0.260146
10,691,4,0.272359,0.101700,0.439282,0.207360,0.797176,5.0000,1.053169,0.262497
10,692,6,0.176279,0.138877,0.597425,0.178214,0.584788,15.0000,0.928321,0.593164
10,693,8,0.083448,0.052119,0.692599,0.157247,0.576392,17.0000,0.894704,0.793625
10,694,11,0.070710,0.043892,0.699799,0.088310,0.677338,13.0000,0.989337,0.808790
10,695,12,0.058067,0.039349,0.723157,0.085232,0.581385,10.0000,1.020354,0.857987
10,696,12,0.054741,0.034517,0.727240,0.082277,0.570409,10.0000,1.043306,0.866587
10,697,13,0.053216,0.035955,0.728459,0.078781,0.608913,8.0000,0.985644,0.869155
10,698,14,0.052220,0.034729,0.729130,0.076230,0.656398,10.0000,0.906412,0.870568
10,699,15,0.051866,0.035827,0.729717,0.075187,0.705167,11.0000,0.954122,0.871804
10,700,2,0.345855,0.007517,0.493225,0.000000,0.009498,6.0000,1.179568,0.371585
10,701,5,0.164030,0.057148,0.636075,0.062303,0.572286,13.0000,1.075770,0.670764
10,702,9,0.059164,0.064920,0.701664,0.079849,0.443511,14.0000,0.821609,0.808131
10,703,8,0.056193,0.049109,0.703922,0.029839,0.371375,14.0000,0.887831,0.812859
10,704,9,0.052243,0.046326,0.706413,0.051641,0.442563,7.0000,1.075923,0.818076
10,705,12,0.049866,0.043392,0.714209,0.066439,0.740371,15.0000,1.019994,0.834404
10,706,13,0.048979,0.043259,0.714588,0.063816,0.734288,4.0000,0.959818,0.835198
10,707,13,0.043472,0.038316,0.729189,0.064739,0.709117,10.0000,0.917354,0.865777
10,708,13,0.043472,0.038316,0.729189,0.064739,0.709117,10.0000,0.969358,0.865777
10,709,14,0.043472,0.041562,0.729368,0.061871,0.694894,10.0000,1.005949,0.866152
10,710,2,0.298299,0.054233,0.471766,0.000000,0.129754,4.0000,1.165005,0.385491
10,711,5,0.193865,0.115619,0.530214,0.159782,0.629495,4.0000,1.007863,0.451601
10,712,8,0.141947,0.124254,0.597311,0.104509,0.657765,9.0000,0.867278,0.592925
10,713,8,0.140318,0.121499,0.604306,0.109049,0.682190,11.0000,0.971229,0.607658
10,714,7,0.142776,0.039295,0.691278,0.152618,0.852127,10.0000,1.052325,0.790842
10,715,9,0.139267,0.049096,0.691989,0.047763,0.894961,10.0000,0.952042,0.792340
10,716,9,0.139267,0.049096,0.691989,0.047763,0.894961,5.0000,0.895117,0.792340
10,717,11,0.054856,0.044545,0.733620,0.077804,0.675984,12.0000,0.910555,0.880025
10,718,11,0.054856,0.044545,0.733620,0.077804,0.675984,4.0000,1.027820,0.880025
10,719,11,0.054856,0.044545,0.733620,0.077804,0.675984,9.0000,1.000135,0.880025
10,720,2,0.315391,0.083790,0.420151,0.000000,0.121460,4.0000,1.121374,0.283495
10,721,3,0.251357,0.082541,0.484512,0.491040,0.360647,7.0000,0.955145,0.379313
10,722,7,0.166472,0.112702,0.553029,0.088270,0.661281,11.0000,0.871083,0.521144
10,723,7,0.172926,0.081574,0.608474,0.173259,0.696921,15.0000,0.950470,0.635915
10,724,8,0.136335,0.053545,0.662153,0.086772,0.663863,13.0000,0.995610,0.747033
10,725,9,0.058479,0.033798,0.707849,0.112442,0.555029,8.0000,1.011743,0.841624
10,726,11,0.055087,0.030806,0.713146,0.089105,0.641262,14.0000,0.929312,0.852589
10,727,12,0.040571,0.024883,0.730053,0.077174,0.708672,12.0000,0.960416,0.887587
10,728,12,0.040525,0.024436,0.730108,0.076633,0.714767,14.0000,0.988810,0.887701
10,729,13,0.036428,0.023655,0.733224,0.050184,0.711684,14.0000,0.954034,0.894151
10,730,3,0.754532,0.046685,0.289551,0.014784,0.921564,4.0000,1.168426,0.211737
10,731,4,0.259719,0.054235,0.535497,0.017264,0.987632,8.0000,0.973085,0.541849
10,732,9,0.108913,0.070132,0.646833,0.111933,0.675536,13.0000,0.854387,0.738028
10,733,8,0.089126,0.070068,0.658945,0.063850,0.438189,9.0000,0.925771,0.762846
10,734,8,0.088943,0.060583,0.662492,0.049965,0.442285,16.0000,1.033426,0.770113
10,735,9,0.088900,0.079946,0.664683,0.061111,0.319327,9.0000,0.991247,0.774603
10,736,9,0.078067,0.067936,0.670853,0.046899,0.314498,4.0000,0.957945,0.787245
10,737,12,0.076829,0.079337,0.681694,0.062062,0.420715,16.0000,0.953440,0.809458
10,738,12,0.069916,0.071324,0.701488,0.061937,0.412448,18.0000,0.976535,0.850016
10,739,11,0.067868,0.055585,0.713158,0.056921,0.455546,15.0000,0.924449,0.873928
10,740,0,,,,,,0.0000,1.105862,0.000000
10,741,1,0.848500,0.028145,0.201709,0.000000,1.000000,1.0000,1.225416,0.149416
10,742,2,0.296930,0.092281,0.433482,0.000000,0.188534,5.0000,0.941958,0.406480
10,743,7,0.140488,0.089339,0.562486,0.144852,0.514166,13.0000,0.815189,0.669135
10,744,9,0.101120,0.061525,0.627029,0.099550,0.661776,16.0000,0.934517,0.742902
10,745,9,0.100222,0.057046,0.643731,0.099107,0.638815,11.0000,1.020395,0.757016
10,746,9,0.082276,0.048607,0.662733,0.099783,0.603776,12.0000,1.003593,0.795705
10,747,11,0.061831,0.044650,0.681301,0.089642,0.507729,12.0000,0.937299,0.833509
10,748,12,0.060509,0.051630,0.683487,0.046784,0.478668,4.0000,0.962776,0.837959
10,749,13,0.053180,0.038373,0.697561,0.042842,0.625548,6.0000,1.015451,0.866616
10,750,2,0.354339,0.175999,0.297596,0.000000,0.251755,2.0000,1.205797,0.187038
10,751,5,0.204541,0.072261,0.494542,0.186528,0.715282,11.0000,0.945022,0.506599
10,752,8,0.133920,0.055926,0.600066,0.125789,0.597263,11.0000,0.860688,0.711476
10,753,10,0.121089,0.047737,0.613036,0.053761,0.708447,9.0000,0.954455,0.737261
10,754,11,0.083101,0.050704,0.659753,0.086584,0.577112,7.0000,1.101404,0.830135
10,755,12,0.083046,0.053610,0.662334,0.086674,0.626466,8.0000,1.023337,0.835267
10,756,13,0.082161,0.051629,0.663336,0.083311,0.670353,11.0000,0.861031,0.837258
10,757,13,0.081284,0.049661,0.667103,0.085895,0.733967,11.0000,0.876018,0.844748
10,758,14,0.053832,0.038634,0.692112,0.083389,0.728323,15.0000,0.983441,0.894466
10,759,14,0.052096,0.033854,0.693536,0.084627,0.727905,5.0000,1.123504,0.897298
10,760,1,0.818850,0.041577,0.174037,0.000000,1.000000,1.0000,1.172353,0.164268
10,761,2,0.284865,0.080242,0.394468,0.000000,0.237163,3.0000,0.891459,0.423870
10,762,6,0.236561,0.095554,0.446807,0.072625,1.025842,7.0000,0.847856,0.494666
10,763,6,0.225941,0.081818,0.532597,0.100865,0.977700,7.0000,0.996588,0.659883
10,764,5,0.238937,0.064761,0.570575,0.088466,0.878070,12.0000,1.017062,0.725301
10,765,7,0.120170,0.061305,0.621554,0.083540,0.499477,12.0000,0.936045,0.824323
10,766,9,0.069326,0.058933,0.641057,0.090223,0.452421,6.0000,0.897810,0.862206
10,767,11,0.062733,0.054355,0.643621,0.058290,0.616401,8.0000,0.950259,0.867188
10,768,10,0.055782,0.036494,0.652891,0.062725,0.627329,11.0000,0.914407,0.879979
10,769,11,0.054920,0.036473,0.653852,0.057308,0.707946,6.0000,0.976136,0.881846
10,770,1,0.846701,0.076054,0.115415,0.000000,1.000000,1.0000,1.179509,0.088059
10,771,6,0.168894,0.119842,0.430418,0.253772,0.686312,7.0000,0.961610,0.512973
10,772,5,0.198999,0.054477,0.471081,0.528871,0.934994,12.0000,0.869920,0.587062
10,773,7,0.177205,0.070496,0.540023,0.137105,0.976598,12.0000,0.883915,0.713723
10,774,9,0.100774,0.081835,0.554910,0.124253,0.802727,9.0000,0.997330,0.742408
10,775,9,0.099392,0.075297,0.566998,0.125926,0.805358,9.0000,0.976288,0.758561
10,776,11,0.090921,0.073157,0.580909,0.090766,0.761983,10.0000,0.903867,0.785366
10,777,12,0.083549,0.071958,0.591342,0.072339,0.746950,8.0000,0.910030,0.805468
10,778,13,0.081989,0.065432,0.596500,0.055533,0.775034,10.0000,0.940417,0.815408
10,779,14,0.081659,0.063285,0.602573,0.053508,0.720183,6.0000,0.983082,0.827109
10,780,0,,,,,,0.0000,1.187274,0.000000
10,781,0,,,,,,0.0000,1.216267,0.000000
10,782,0,,,,,,0.0000,1.085077,0.000000
10,783,0,,,,,,0.0000,1.029819,0.000000
10,784,0,,,,,,0.0000,1.113457,0.000000
10,785,0,,,,,,0.0000,1.185879,0.000000
10,786,0,,,,,,0.0000,1.160805,0.000000
10,787,0,,,,,,0.0000,1.128006,0.000000
10,788,0,,,,,,0.0000,1.096243,0.000000
10,789,0,,,,,,0.0000,1.108788,0.000000
10,790,0,,,,,,0.0000,1.096165,0.000000
10,791,0,,,,,,0.0000,1.107375,0.000000
10,792,0,,,,,,0.0000,1.059732,0.000000
10,793,0,,,,,,0.0000,1.093801,0.000000
10,794,0,,,,,,0.0000,1.115969,0.000000
10,795,0,,,,,,0.0000,1.125352,0.000000
10,796,0,,,,,,0.0000,1.056822,0.000000
10,797,0,,,,,,0.0000,1.063726,0.000000
10,798,0,,,,,,0.0000,1.096507,0.000000
10,799,0,,,,,,0.0000,1.124608,0.000000
10,800,0,,,,,,0.0000,1.123999,0.000000
10,801,0,,,,,,0.0000,1.100050,0.000000
10,802,0,,,,,,0.0000,1.089931,0.000000
10,803,0,,,,,,0.0000,1.075238,0.000000
10,804,0,,,,,,0.0000,1.087653,0.000000
10,805,0,,,,,,0.0000,1.093513,0.000000
10,806,0,,,,,,0.0000,1.098271,0.000000
10,807,0,,,,,,0.0000,1.083237,0.000000
10,808,0,,,,,,0.0000,1.100354,0.000000
10,809,0,,,,,,0.0000,1.145808,0.000000
10,810,0,,,,,,0.0000,1.149177,0.000000
10,811,0,,,,,,0.0000,1.110899,0.000000
10,812,0,,,,,,0.0000,1.048148,0.000000
10,813,0,,,,,,0.0000,1.101221,0.000000
10,814,0,,,,,,0.0000,1.127725,0.000000
10,815,0,,,,,,0.0000,1.127539,0.000000
10,816,0,,,,,,0.0000,1.110887,0.000000
10,817,0,,,,,,0.0000,1.101920,0.000000
10,818,0,,,,,,0.0000,1.103604,0.000000
10,819,0,,,,,,0.0000,1.084631,0.000000
10,820,0,,,,,,0.0000,1.082837,0.000000
10,821,0,,,,,,0.0000,1.107268,0.000000
10,822,0,,,,,,0.0000,1.124618,0.000000
10,823,0,,,,,,0.0000,1.132784,0.000000
10,824,0,,,,,,0.0000,1.102851,0.000000
10,825,0,,,,,,0.0000,1.080430,0.000000
10,826,0,,,,,,0.0000,1.091202,0.000000
10,827,0,,,,,,0.0000,1.111700,0.000000
10,828,0,,,,,,0.0000,1.095387,0.000000
10,829,0,,,,,,0.0000,1.105640,0.000000
10,830,0,,,,,,0.0000,1.102037,0.000000
10,831,0,,,,,,0.0000,1.112354,0.000000
10,832,0,,,,,,0.0000,1.103106,0.000000
10,833,0,,,,,,0.0000,1.095444,0.000000
10,834,0,,,,,,0.0000,1.082696,0.000000
10,835,0,,,,,,0.0000,1.086617,0.000000
10,836,0,,,,,,0.0000,1.100957,0.000000
10,837,0,,,,,,0.0000,1.105444,0.000000
10,838,0,,,,,,0.0000,1.098406,0.000000
10,839,0,,,,,,0.0000,1.060843,0.000000
10,840,0,,,,,,0.0000,1.127015,0.000000
10,841,0,,,,,,0.0000,1.103816,0.000000
10,842,0,,,,,,0.0000,1.070940,0.000000
10,843,0,,,,,,0.0000,1.063687,0.000000
10,844,0,,,,,,0.0000,1.117758,0.000000
10,845,0,,,,,,0.0000,1.129957,0.000000
10,846,0,,,,,,0.0000,1.105049,0.000000
10,847,0,,,,,,0.0000,1.100097,0.000000
10,848,0,,,,,,0.0000,1.064200,0.000000
10,849,0,,,,,,0.0000,1.057887,0.000000
10,850,0,,,,,,0.0000,1.100154,0.000000
10,851,0,,,,,,0.0000,1.140334,0.000000
10,852,0,,,,,,0.0000,1.099720,0.000000
10,853,0,,,,,,0.0000,1.083493,0.000000
10,854,0,,,,,,0.0000,1.075869,0.000000
10,855,0,,,,,,0.0000,1.108960,0.000000
10,856,0,,,,,,0.0000,1.150231,0.000000
10,857,0,,,,,,0.0000,1.119317,0.000000
10,858,0,,,,,,0.0000,1.065209,0.000000
10,859,0,,,,,,0.0000,1.079017,0.000000
10,860,0,,,,,,0.0000,1.103723,0.000000
10,861,0,,,,,,0.0000,1.124096,0.000000
10,862,0,,,,,,0.0000,1.065618,0.000000
10,863,0,,,,,,0.0000,1.066636,0.000000
10,864,0,,,,,,0.0000,1.120209,0.000000
10,865,0,,,,,,0.0000,1.128867,0.000000
10,866,0,,,,,,0.0000,1.083082,0.000000
10,867,0,,,,,,0.0000,1.094604,0.000000
10,868,0,,,,,,0.0000,1.073746,0.000000
10,869,0,,,,,,0.0000,1.112096,0.000000
10,870,0,,,,,,0.0000,1.115166,0.000000
10,871,0,,,,,,0.0000,1.098403,0.000000
10,872,0,,,,,,0.0000,1.101070,0.000000
10,873,0,,,,,,0.0000,1.101849,0.000000
10,874,0,,,,,,0.0000,1.136330,0.000000
10,875,0,,,,,,0.0000,1.094841,0.000000
10,876,0,,,,,,0.0000,1.065890,0.000000
10,877,0,,,,,,0.0000,1.099876,0.000000
10,878,0,,,,,,0.0000,1.132878,0.000000
10,879,0,,,,,,0.0000,1.119841,0.000000
10,880,0,,,,,,0.0000,1.085530,0.000000
10,881,0,,,,,,0.0000,1.105882,0.000000
10,882,0,,,,,,0.0000,1.078788,0.000000
10,883,0,,,,,,0.0000,1.087700,0.000000
10,884,0,,,,,,0.0000,1.114752,0.000000
10,885,0,,,,,,0.0000,1.107631,0.000000
10,886,0,,,,,,0.0000,1.092657,0.000000
10,887,0,,,,,,0.0000,1.062673,0.000000
10,888,0,,,,,,0.0000,1.084237,0.000000
10,889,0,,,,,,0.0000,1.132980,0.000000
10,890,0,,,,,,0.0000,1.116000,0.000000
10,891,0,,,,,,0.0000,1.100774,0.000000
10,892,0,,,,,,0.0000,1.111810,0.000000
10,893,0,,,,,,0.0000,1.115824,0.000000
10,894,0,,,,,,0.0000,1.126566,0.000000
10,895,0,,,,,,0.0000,1.119358,0.000000
10,896,0,,,,,,0.0000,1.088843,0.000000
10,897,0,,,,,,0.0000,1.080230,0.000000
10,898,0,,,,,,0.0000,1.091831,0.000000
10,899,0,,,,,,0.0000,1.112583,0.000000
10,900,0,,,,,,0.0000,1.075007,0.000000
10,901,0,,,,,,0.0000,1.089960,0.000000
10,902,0,,,,,,0.0000,1.105657,0.000000
10,903,0,,,,,,0.0000,1.083999,0.000000
10,904,0,,,,,,0.0000,1.069038,0.000000
10,905,0,,,,,,0.0000,1.045255,0.000000
10,906,0,,,,,,0.0000,1.122586,0.000000
10,907,0,,,,,,0.0000,1.144001,0.000000
10,908,0,,,,,,0.0000,1.114588,0.000000
10,909,0,,,,,,0.0000,1.086074,0.000000
10,910,0,,,,,,0.0000,1.097150,0.000000
10,911,0,,,,,,0.0000,1.117343,0.000000
10,912,0,,,,,,0.0000,1.114387,0.000000
10,913,0,,,,,,0.0000,1.072727,0.000000
10,914,0,,,,,,0.0000,1.081818,0.000000
10,915,0,,,,,,0.0000,1.135499,0.000000
10,916,0,,,,,,0.0000,1.096688,0.000000
10,917,0,,,,,,0.0000,1.059948,0.000000
10,918,0,,,,,,0.0000,1.113742,0.000000
10,919,0,,,,,,0.0000,1.124619,0.000000
10,920,0,,,,,,0.0000,1.124681,0.000000
10,921,0,,,,,,0.0000,1.087359,0.000000
10,922,0,,,,,,0.0000,1.105979,0.000000
10,923,0,,,,,,0.0000,1.096409,0.000000
10,924,0,,,,,,0.0000,1.094516,0.000000
10,925,0,,,,,,0.0000,1.067138,0.000000
10,926,0,,,,,,0.0000,1.112688,0.000000
10,927,0,,,,,,0.0000,1.103213,0.000000
10,928,0,,,,,,0.0000,1.119303,0.000000
10,929,0,,,,,,0.0000,1.113440,0.000000
10,930,0,,,,,,0.0000,1.112083,0.000000
10,931,0,,,,,,0.0000,1.093777,0.000000
10,932,0,,,,,,0.0000,1.081370,0.000000
10,933,0,,,,,,0.0000,1.120424,0.000000
10,934,0,,,,,,0.0000,1.132701,0.000000
10,935,0,,,,,,0.0000,1.128318,0.000000
10,936,0,,,,,,0.0000,1.081458,0.000000
10,937,0,,,,,,0.0000,1.058550,0.000000
10,938,0,,,,,,0.0000,1.084558,0.000000
10,939,0,,,,,,0.0000,1.119586,0.000000
10,940,0,,,,,,0.0000,1.100329,0.000000
10,941,0,,,,,,0.0000,1.076193,0.000000
10,942,0,,,,,,0.0000,1.042983,0.000000
10,943,0,,,,,,0.0000,1.096982,0.000000
10,944,0,,,,,,0.0000,1.118430,0.000000
10,945,0,,,,,,0.0000,1.068620,0.000000
10,946,0,,,,,,0.0000,1.052655,0.000000
10,947,0,,,,,,0.0000,1.106936,0.000000
10,948,0,,,,,,0.0000,1.089797,0.000000
10,949,0,,,,,,0.0000,1.059152,0.000000
10,950,0,,,,,,0.0000,1.101618,0.000000
10,951,0,,,,,,0.0000,1.114425,0.000000
10,952,0,,,,,,0.0000,1.099505,0.000000
10,953,0,,,,,,0.0000,1.065411,0.000000
10,954,0,,,,,,0.0000,1.073326,0.000000
10,955,0,,,,,,0.0000,1.098597,0.000000
10,956,0,,,,,,0.0000,1.136744,0.000000
10,957,0,,,,,,0.0000,1.121001,0.000000
10,958,0,,,,,,0.0000,1.080682,0.000000
10,959,0,,,,,,0.0000,1.105580,0.000000
10,960,0,,,,,,0.0000,1.116652,0.000000
10,961,0,,,,,,0.0000,1.073103,0.000000
10,962,0,,,,,,0.0000,1.092594,0.000000
10,963,0,,,,,,0.0000,1.098314,0.000000
10,964,0,,,,,,0.0000,1.089200,0.000000
10,965,0,,,,,,0.0000,1.089774,0.000000
10,966,0,,,,,,0.0000,1.089635,0.000000
10,967,0,,,,,,0.0000,1.115466,0.000000
10,968,0,,,,,,0.0000,1.080405,0.000000
10,969,0,,,,,,0.0000,1.080754,0.000000
10,970,0,,,,,,0.0000,1.122182,0.000000
10,971,0,,,,,,0.0000,1.092120,0.000000
10,972,0,,,,,,0.0000,1.066376,0.000000
10,973,0,,,,,,0.0000,1.086743,0.000000
10,974,0,,,,,,0.0000,1.108840,0.000000
10,975,0,,,,,,0.0000,1.104180,0.000000
10,976,0,,,,,,0.0000,1.083697,0.000000
10,977,0,,,,,,0.0000,1.098552,0.000000
10,978,0,,,,,,0.0000,1.069513,0.000000
10,979,0,,,,,,0.0000,1.078041,0.000000
10,980,0,,,,,,0.0000,1.091512,0.000000
10,981,0,,,,,,0.0000,1.111305,0.000000
10,982,0,,,,,,0.0000,1.141186,0.000000
10,983,0,,,,,,0.0000,1.109265,0.000000
10,984,0,,,,,,0.0000,1.040626,0.000000
10,985,0,,,,,,0.0000,1.076424,0.000000
10,986,0,,,,,,0.0000,1.108182,0.000000
10,987,0,,,,,,0.0000,1.123185,0.000000
10,988,0,,,,,,0.0000,1.068090,0.000000
10,989,0,,,,,,0.0000,1.105127,0.000000
10,990,0,,,,,,0.0000,1.122049,0.000000
10,991,0,,,,,,0.0000,1.127628,0.000000
10,992,0,,,,,,0.0000,1.101651,0.000000
10,993,0,,,,,,0.0000,1.072537,0.000000
10,994,0,,,,,,0.0000,1.079205,0.000000
10,995,0,,,,,,0.0000,1.095396,0.000000
10,996,0,,,,,,0.0000,1.103739,0.000000
10,997,0,,,,,,0.0000,1.079931,0.000000
10,998,0,,,,,,0.0000,1.108574,0.000000
10,999,0,,,,,,0.0000,1.137955,0.000000
10,1000,0,,,,,,0.0000,1.078453,0.000000
11,1,8,0.126388,0.109708,0.527733,0.143092,0.677989,21.0000,0.743358,0.700830
11,2,10,0.109780,0.094639,0.564057,0.044002,0.718839,11.0000,0.605972,0.770372
11,3,9,0.077482,0.063397,0.620338,0.175711,0.830106,4.0000,0.599861,0.843536
11,4,9,0.077482,0.063397,0.620338,0.175711,0.830106,2.0000,0.595669,0.843536
11,5,10,0.077369,0.062254,0.625512,0.169616,0.854319,8.0000,0.634230,0.853688
11,6,12,0.074786,0.059693,0.652437,0.047129,0.713800,8.0000,0.567135,0.883007
11,7,14,0.069167,0.057041,0.653510,0.032679,0.716761,7.0000,0.603789,0.885112
11,8,16,0.068254,0.054184,0.654988,0.030590,0.761708,10.0000,0.611834,0.888013
11,9,14,0.062279,0.039883,0.659701,0.025975,0.717925,9.0000,0.603139,0.897260
11,10,2,0.482774,0.118512,0.315290,0.000000,0.741885,2.0000,0.587786,0.325507
11,11,4,0.203628,0.103378,0.402119,0.462905,0.641587,3.0000,0.484429,0.487867
11,12,4,0.193506,0.075441,0.455262,0.461859,0.601958,6.0000,0.552435,0.572850
11,13,5,0.173205,0.054001,0.503221,0.412176,0.758941,9.0000,0.584155,0.655827
11,14,6,0.171108,0.044885,0.532431,0.383654,0.814785,3.0000,0.592698,0.714747
11,15,7,0.091902,0.053965,0.540308,0.166741,0.648766,3.0000,0.598903,0.730764
11,16,7,0.091902,0.053965,0.540308,0.166741,0.648766,2.0000,0.565139,0.730764
11,17,8,0.081249,0.056807,0.556722,0.128264,0.542262,5.0000,0.572900,0.764143
11,18,8,0.099369,0.047230,0.569004,0.090091,0.715785,1.0000,0.515658,0.789119
11,19,9,0.073782,0.053110,0.574327,0.055248,0.635131,8.0000,0.504921,0.799942
11,20,1,0.596425,0.220100,0.085144,0.000000,1.000000,1.0000,0.609884,0.112799
11,21,3,0.313085,0.091960,0.334800,0.010974,0.677993,5.0000,0.633240,0.485574
11,22,8,0.120925,0.040111,0.540144,0.106179,0.785950,18.0000,0.513037,0.794182
11,23,9,0.120783,0.044498,0.540973,0.095619,0.880486,5.0000,0.497101,0.795848
11,24,9,0.119680,0.038642,0.544240,0.093853,0.873798,2.0000,0.559193,0.802411
11,25,9,0.119680,0.038642,0.544240,0.093853,0.873798,1.0000,0.582919,0.802411
11,26,11,0.114418,0.035260,0.571707,0.040106,0.757058,4.0000,0.536041,0.829263
11,27,11,0.114418,0.035260,0.571707,0.040106,0.757058,3.0000,0.481537,0.829263
11,28,14,0.068693,0.050265,0.579271,0.054364,0.540216,8.0000,0.545326,0.844457
11,29,18,0.067182,0.041340,0.584512,0.056898,0.777934,8.0000,0.587848,0.855025
11,30,0,,,,,,0.0000,0.608260,0.000000
11,31,0,,,,,,0.0000,0.606655,0.000000
11,32,0,,,,,,0.0000,0.574444,0.000000
11,33,0,,,,,,0.0000,0.554062,0.000000
11,34,0,,,,,,0.0000,0.599214,0.000000
11,35,0,,,,,,0.0000,0.604904,0.000000
11,36,0,,,,,,0.0000,0.561428,0.000000
11,37,0,,,,,,0.0000,0.569244,0.000000
11,38,0,,,,,,0.0000,0.552971,0.000000
11,39,0,,,,,,0.0000,0.550137,0.000000
11,40,0,,,,,,0.0000,0.572870,0.000000
11,41,0,,,,,,0.0000,0.555160,0.000000
11,42,0,,,,,,0.0000,0.564683,0.000000
11,43,0,,,,,,0.0000,0.565718,0.000000
11,44,0,,,,,,0.0000,0.559163,0.000000
11,45,0,,,,,,0.0000,0.559701,0.000000
11,46,0,,,,,,0.0000,0.560374,0.000000
11,47,0,,,,,,0.0000,0.574577,0.000000
11,48,0,,,,,,0.0000,0.579002,0.000000
11,49,0,,,,,,0.0000,0.553641,0.000000
11,50,0,,,,,,0.0000,0.540425,0.000000
11,51,0,,,,,,0.0000,0.573040,0.000000
11,52,0,,,,,,0.0000,0.584982,0.000000
11,53,0,,,,,,0.0000,0.548903,0.000000
11,54,0,,,,,,0.0000,0.547951,0.000000
11,55,0,,,,,,0.0000,0.579038,0.000000
11,56,0,,,,,,0.0000,0.594251,0.000000
11,57,0,,,,,,0.0000,0.549919,0.000000
11,58,0,,,,,,0.0000,0.545132,0.000000
11,59,0,,,,,,0.0000,0.576992,0.000000
11,60,0,,,,,,0.0000,0.583400,0.000000
11,61,0,,,,,,0.0000,0.564227,0.000000
11,62,0,,,,,,0.0000,0.552985,0.000000
11,63,0,,,,,,0.0000,0.572848,0.000000
11,64,0,,,,,,0.0000,0.591735,0.000000
11,65,0,,,,,,0.0000,0.562923,0.000000
11,66,0,,,,,,0.0000,0.552039,0.000000
11,67,0,,,,,,0.0000,0.567101,0.000000
11,68,0,,,,,,0.0000,0.562979,0.000000
11,69,0,,,,,,0.0000,0.559270,0.000000
11,70,0,,,,,,0.0000,0.573202,0.000000
11,71,0,,,,,,0.0000,0.563637,0.000000
11,72,0,,,,,,0.0000,0.556713,0.000000
11,73,0,,,,,,0.0000,0.574981,0.000000
11,74,0,,,,,,0.0000,0.580839,0.000000
11,75,0,,,,,,0.0000,0.580958,0.000000
11,76,0,,,,,,0.0000,0.541723,0.000000
11,77,0,,,,,,0.0000,0.566589,0.000000
11,78,0,,,,,,0.0000,0.585109,0.000000
11,79,0,,,,,,0.0000,0.586366,0.000000
11,80,0,,,,,,0.0000,0.557548,0.000000
11,81,0,,,,,,0.0000,0.564515,0.000000
11,82,0,,,,,,0.0000,0.555646,0.000000
11,83,0,,,,,,0.0000,0.563757,0.000000
11,84,0,,,,,,0.0000,0.570846,0.000000
11,85,0,,,,,,0.0000,0.593258,0.000000
11,86,0,,,,,,0.0000,0.560001,0.000000
11,87,0,,,,,,0.0000,0.538742,0.000000
11,88,0,,,,,,0.0000,0.548305,0.000000
11,89,0,,,,,,0.0000,0.582289,0.000000
11,90,0,,,,,,0.0000,0.602087,0.000000
11,91,0,,,,,,0.0000,0.558809,0.000000
11,92,0,,,,,,0.0000,0.552479,0.000000
11,93,0,,,,,,0.0000,0.552025,0.000000
11,94,0,,,,,,0.0000,0.588478,0.000000
11,95,0,,,,,,0.0000,0.585732,0.000000
11,96,0,,,,,,0.0000,0.555666,0.000000
11,97,0,,,,,,0.0000,0.558431,0.000000
11,98,0,,,,,,0.0000,0.593725,0.000000
11,99,0,,,,,,0.0000,0.562538,0.000000
11,100,0,,,,,,0.0000,0.564923,0.000000
11,101,0,,,,,,0.0000,0.579206,0.000000
11,102,0,,,,,,0.0000,0.576495,0.000000
11,103,0,,,,,,0.0000,0.556001,0.000000
11,104,0,,,,,,0.0000,0.554805,0.000000
11,105,0,,,,,,0.0000,0.560574,0.000000
11,106,0,,,,,,0.0000,0.560388,0.000000
11,107,0,,,,,,0.0000,0.568279,0.000000
11,108,0,,,,,,0.0000,0.566157,0.000000
11,109,0,,,,,,0.0000,0.574622,0.000000
11,110,0,,,,,,0.0000,0.561334,0.000000
11,111,0,,,,,,0.0000,0.544061,0.000000
11,112,0,,,,,,0.0000,0.575616,0.000000
11,113,0,,,,,,0.0000,0.586118,0.000000
11,114,0,,,,,,0.0000,0.560738,0.000000
11,115,0,,,,,,0.0000,0.539375,0.000000
11,116,0,,,,,,0.0000,0.553397,0.000000
11,117,0,,,,,,0.0000,0.593621,0.000000
11,118,0,,,,,,0.0000,0.564842,0.000000
11,119,0,,,,,,0.0000,0.539987,0.000000
11,120,0,,,,,,0.0000,0.547402,0.000000
11,121,0,,,,,,0.0000,0.573733,0.000000
11,122,0,,,,,,0.0000,0.585642,0.000000
11,123,0,,,,,,0.0000,0.564830,0.000000
11,124,0,,,,,,0.0000,0.556758,0.000000
11,125,0,,,,,,0.0000,0.567907,0.000000
11,126,0,,,,,,0.0000,0.577067,0.000000
11,127,0,,,,,,0.0000,0.577301,0.000000
11,128,0,,,,,,0.0000,0.565136,0.000000
11,129,0,,,,,,0.0000,0.538763,0.000000
11,130,0,,,,,,0.0000,0.554066,0.000000
11,131,0,,,,,,0.0000,0.564016,0.000000
11,132,0,,,,,,0.0000,0.569197,0.000000
11,133,0,,,,,,0.0000,0.533592,0.000000
11,134,0,,,,,,0.0000,0.565589,0.000000
11,135,0,,,,,,0.0000,0.565319,0.000000
11,136,0,,,,,,0.0000,0.572265,0.000000
11,137,0,,,,,,0.0000,0.562340,0.000000
11,138,0,,,,,,0.0000,0.548434,0.000000
11,139,0,,,,,,0.0000,0.562297,0.000000
11,140,0,,,,,,0.0000,0.565864,0.000000
11,141,0,,,,,,0.0000,0.555532,0.000000
11,142,0,,,,,,0.0000,0.565434,0.000000
11,143,0,,,,,,0.0000,0.579832,0.000000
11,144,0,,,,,,0.0000,0.568904,0.000000
11,145,0,,,,,,0.0000,0.542832,0.000000
11,146,0,,,,,,0.0000,0.546778,0.000000
11,147,0,,,,,,0.0000,0.581537,0.000000
11,148,0,,,,,,0.0000,0.574164,0.000000
11,149,0,,,,,,0.0000,0.546193,0.000000
11,150,0,,,,,,0.0000,0.554884,0.000000
11,151,0,,,,,,0.0000,0.555096,0.000000
11,152,0,,,,,,0.0000,0.561504,0.000000
11,153,0,,,,,,0.0000,0.553527,0.000000
11,154,0,,,,,,0.0000,0.543335,0.000000
11,155,0,,,,,,0.0000,0.569113,0.000000
11,156,0,,,,,,0.0000,0.570725,0.000000
11,157,0,,,,,,0.0000,0.559576,0.000000
11,158,0,,,,,,0.0000,0.572217,0.000000
11,159,0,,,,,,0.0000,0.571651,0.000000
11,160,0,,,,,,0.0000,0.563705,0.000000
11,161,0,,,,,,0.0000,0.547421,0.000000
11,162,0,,,,,,0.0000,0.561926,0.000000
11,163,0,,,,,,0.0000,0.588412,0.000000
11,164,0,,,,,,0.0000,0.583690,0.000000
11,165,0,,,,,,0.0000,0.542885,0.000000
11,166,0,,,,,,0.0000,0.542482,0.000000
11,167,0,,,,,,0.0000,0.554756,0.000000
11,168,0,,,,,,0.0000,0.599916,0.000000
11,169,0,,,,,,0.0000,0.571060,0.000000
11,170,0,,,,,,0.0000,0.562061,0.000000
11,171,0,,,,,,0.0000,0.575807,0.000000
11,172,0,,,,,,0.0000,0.581341,0.000000
11,173,0,,,,,,0.0000,0.567193,0.000000
11,174,0,,,,,,0.0000,0.564158,0.000000
11,175,0,,,,,,0.0000,0.546302,0.000000
11,176,0,,,,,,0.0000,0.566344,0.000000
11,177,0,,,,,,0.0000,0.590353,0.000000
11,178,0,,,,,,0.0000,0.545649,0.000000
11,179,0,,,,,,0.0000,0.557511,0.000000
11,180,0,,,,,,0.0000,0.598402,0.000000
11,181,0,,,,,,0.0000,0.571169,0.000000
11,182,0,,,,,,0.0000,0.527070,0.000000
11,183,0,,,,,,0.0000,0.560419,0.000000
11,184,0,,,,,,0.0000,0.586035,0.000000
11,185,0,,,,,,0.0000,0.579687,0.000000
11,186,0,,,,,,0.0000,0.538888,0.000000
11,187,0,,,,,,0.0000,0.537106,0.000000
11,188,0,,,,,,0.0000,0.552944,0.000000
11,189,0,,,,,,0.0000,0.565993,0.000000
11,190,0,,,,,,0.0000,0.596111,0.000000
11,191,0,,,,,,0.0000,0.563669,0.000000
11,192,0,,,,,,0.0000,0.547780,0.000000
11,193,0,,,,,,0.0000,0.560301,0.000000
11,194,0,,,,,,0.0000,0.577067,0.000000
11,195,0,,,,,,0.0000,0.572882,0.000000
11,196,0,,,,,,0.0000,0.570720,0.000000
11,197,0,,,,,,0.0000,0.554539,0.000000
11,198,0,,,,,,0.0000,0.551253,0.000000
11,199,0,,,,,,0.0000,0.577130,0.000000
11,200,0,,,,,,0.0000,0.573150,0.000000
11,201,0,,,,,,0.0000,0.576673,0.000000
11,202,0,,,,,,0.0000,0.555176,0.000000
11,203,0,,,,,,0.0000,0.572252,0.000000
11,204,0,,,,,,0.0000,0.570991,0.000000
11,205,0,,,,,,0.0000,0.547012,0.000000
11,206,0,,,,,,0.0000,0.550708,0.000000
11,207,0,,,,,,0.0000,0.562914,0.000000
11,208,0,,,,,,0.0000,0.572333,0.000000
11,209,0,,,,,,0.0000,0.559857,0.000000
11,210,0,,,,,,0.0000,0.560354,0.000000
11,211,0,,,,,,0.0000,0.575847,0.000000
11,212,0,,,,,,0.0000,0.580231,0.000000
11,213,0,,,,,,0.0000,0.580172,0.000000
11,214,0,,,,,,0.0000,0.566065,0.000000
11,215,0,,,,,,0.0000,0.568368,0.000000
11,216,0,,,,,,0.0000,0.563735,0.000000
11,217,0,,,,,,0.0000,0.568022,0.000000
11,218,0,,,,,,0.0000,0.578658,0.000000
11,219,0,,,,,,0.0000,0.568214,0.000000
11,220,0,,,,,,0.0000,0.575338,0.000000
11,221,0,,,,,,0.0000,0.563350,0.000000
11,222,0,,,,,,0.0000,0.550352,0.000000
11,223,0,,,,,,0.0000,0.559958,0.000000
11,224,0,,,,,,0.0000,0.573172,0.000000
11,225,0,,,,,,0.0000,0.560588,0.000000
11,226,0,,,,,,0.0000,0.560401,0.000000
11,227,0,,,,,,0.0000,0.544684,0.000000
11,228,0,,,,,,0.0000,0.602406,0.000000
11,229,0,,,,,,0.0000,0.579150,0.000000
11,230,0,,,,,,0.0000,0.549113,0.000000
11,231,0,,,,,,0.0000,0.529461,0.000000
11,232,0,,,,,,0.0000,0.553381,0.000000
11,233,0,,,,,,0.0000,0.601619,0.000000
11,234,0,,,,,,0.0000,0.565644,0.000000
11,235,0,,,,,,0.0000,0.551436,0.000000
11,236,0,,,,,,0.0000,0.552335,0.000000
11,237,0,,,,,,0.0000,0.559020,0.000000
11,238,0,,,,,,0.0000,0.571230,0.000000
11,239,0,,,,,,0.0000,0.579764,0.000000
11,240,1,0.857815,0.004282,0.357330,0.000000,1.000000,1.0000,0.578331,0.202320
11,241,5,0.124467,0.068830,0.612792,0.096716,0.248700,5.0000,0.452758,0.594311
11,242,10,0.087100,0.075746,0.674931,0.038723,0.586395,10.0000,0.490689,0.715013
11,243,13,0.067205,0.070746,0.722142,0.037552,0.340003,8.0000,0.510510,0.797466
11,244,13,0.066858,0.064440,0.732895,0.059044,0.453589,8.0000,0.569380,0.818353
11,245,14,0.065447,0.060657,0.740082,0.056333,0.480726,8.0000,0.551060,0.832314
11,246,15,0.064900,0.059718,0.741490,0.057421,0.491062,7.0000,0.494735,0.835048
11,247,14,0.052189,0.047662,0.762697,0.073565,0.501558,9.0000,0.509520,0.876241
11,248,14,0.052189,0.047662,0.762697,0.073565,0.501558,9.0000,0.484208,0.876241
11,249,18,0.050871,0.052388,0.764081,0.044421,0.614310,11.0000,0.529083,0.878930
11,250,3,0.365600,0.167237,0.439099,0.770743,0.886555,4.0000,0.666166,0.302759
11,251,6,0.207584,0.107104,0.621327,0.204467,0.779200,5.0000,0.594992,0.556409
11,252,7,0.116944,0.041799,0.704230,0.054565,0.698831,10.0000,0.480710,0.721222
11,253,8,0.059969,0.041197,0.741559,0.070317,0.510907,8.0000,0.504209,0.795432
11,254,9,0.059255,0.039119,0.741618,0.090292,0.613580,4.0000,0.577484,0.795549
11,255,9,0.059255,0.039119,0.741618,0.090292,0.613580,5.0000,0.565895,0.795549
11,256,9,0.059255,0.039119,0.741618,0.090292,0.613580,7.0000,0.519312,0.795549
11,257,13,0.050892,0.035646,0.759900,0.085772,0.786362,10.0000,0.497808,0.831372
11,258,14,0.048323,0.033764,0.765082,0.086858,0.788782,8.0000,0.515909,0.841672
11,259,15,0.046587,0.033521,0.765922,0.086016,0.830887,9.0000,0.536412,0.843343
11,260,3,0.219862,0.020951,0.639042,0.369183,0.323337,5.0000,0.636875,0.544834
11,261,5,0.146177,0.056712,0.711322,0.286810,0.614430,6.0000,0.532249,0.691996
11,262,10,0.101794,0.078159,0.736960,0.114058,0.555683,10.0000,0.529264,0.744196
11,263,11,0.097138,0.059127,0.745950,0.115451,0.775517,15.0000,0.530725,0.762500
11,264,15,0.071663,0.064429,0.762184,0.068935,0.527297,13.0000,0.548403,0.795554
11,265,15,0.051610,0.055129,0.785026,0.061589,0.518792,9.0000,0.510824,0.842060
11,266,14,0.044181,0.042429,0.803525,0.047552,0.562899,15.0000,0.489024,0.879724
11,267,15,0.042241,0.040875,0.804409,0.045104,0.610198,11.0000,0.525936,0.881524
11,268,17,0.040473,0.043095,0.805035,0.049722,0.572285,10.0000,0.565480,0.882798
11,269,17,0.041761,0.041797,0.812538,0.049214,0.620000,13.0000,0.540891,0.898076
11,270,2,0.372915,0.228375,0.395696,0.000000,0.207833,5.0000,0.628213,0.203751
11,271,4,0.175281,0.043603,0.677396,0.290690,0.457904,8.0000,0.555126,0.596723
11,272,4,0.175281,0.043603,0.677396,0.290690,0.457904,5.0000,0.506574,0.596723
11,273,5,0.166951,0.050092,0.681306,0.159892,0.599476,13.0000,0.540564,0.604734
11,274,7,0.089435,0.067388,0.719693,0.044818,0.413255,11.0000,0.596354,0.683390
11,275,7,0.089315,0.067390,0.720500,0.045961,0.413563,6.0000,0.593364,0.685045
11,276,8,0.089059,0.064730,0.724867,0.039960,0.416704,3.0000,0.572090,0.693993
11,277,10,0.088531,0.066242,0.729168,0.072963,0.555210,7.0000,0.551328,0.702804
11,278,11,0.071138,0.058992,0.764968,0.079165,0.499604,4.0000,0.529653,0.776158
11,279,12,0.063471,0.058119,0.789499,0.050055,0.480667,9.0000,0.542929,0.826422
11,280,2,0.779998,0.040522,0.239858,0.000000,0.936625,2.0000,0.625790,0.180583
11,281,3,0.280551,0.037802,0.487869,0.669984,0.879384,2.0000,0.522683,0.416788
11,282,7,0.118136,0.079476,0.705340,0.090630,0.392783,13.0000,0.510193,0.630412
11,283,9,0.127960,0.120698,0.713408,0.186000,0.537066,15.0000,0.556088,0.647111
11,284,11,0.127345,0.119609,0.715066,0.186045,0.717135,9.0000,0.598004,0.650545
11,285,11,0.099306,0.090962,0.766897,0.214996,0.742150,7.0000,0.516126,0.757835
11,286,13,0.078536,0.085977,0.787459,0.091862,0.648637,7.0000,0.506290,0.800399
11,287,13,0.068619,0.080883,0.808708,0.091494,0.626001,8.0000,0.511391,0.844385
11,288,14,0.068619,0.080260,0.809322,0.090886,0.696506,4.0000,0.546821,0.845657
11,289,12,0.047278,0.034329,0.832505,0.077730,0.654760,8.0000,0.546680,0.893646
11,290,4,0.269337,0.053395,0.624589,0.767331,1.033760,4.0000,0.602802,0.451831
11,291,5,0.269263,0.047779,0.634369,0.077361,1.135872,5.0000,0.519806,0.461353
11,292,10,0.156473,0.115386,0.689755,0.058997,0.794645,12.0000,0.477596,0.578010
11,293,10,0.122395,0.068312,0.744408,0.078791,0.676492,10.0000,0.560285,0.693123
11,294,8,0.106847,0.042847,0.780356,0.091962,0.745411,8.0000,0.619453,0.768838
11,295,10,0.105725,0.043469,0.788495,0.088160,0.769963,7.0000,0.574263,0.785981
11,296,14,0.088033,0.039547,0.797657,0.087080,0.823884,9.0000,0.509521,0.805279
11,297,15,0.084045,0.039690,0.803794,0.064841,0.786629,8.0000,0.475407,0.818205
11,298,15,0.084045,0.039690,0.803794,0.064841,0.786629,9.0000,0.546255,0.818205
11,299,15,0.084045,0.039690,0.803794,0.064841,0.786629,14.0000,0.559679,0.818205
11,300,2,0.354682,0.028388,0.550629,0.000000,0.039203,7.0000,0.616603,0.283367
11,301,2,0.346335,0.007788,0.590399,0.000000,0.011251,4.0000,0.510313,0.366659
11,302,4,0.278150,0.007767,0.672923,0.059834,1.063800,6.0000,0.508096,0.539495
11,303,7,0.125153,0.069006,0.741071,0.191624,0.758220,11.0000,0.586876,0.682221
11,304,8,0.124425,0.065121,0.753042,0.156709,0.806764,11.0000,0.565436,0.707293
11,305,9,0.114818,0.056158,0.782005,0.160438,0.824277,10.0000,0.521529,0.767952
11,306,11,0.075905,0.058495,0.800823,0.132171,0.709248,11.0000,0.518585,0.807363
11,307,11,0.075905,0.058495,0.800823,0.132171,0.709248,7.0000,0.606630,0.807363
11,308,12,0.062755,0.047900,0.811749,0.085739,0.688676,9.0000,0.573510,0.830247
11,309,14,0.061116,0.040095,0.822589,0.079281,0.737231,10.0000,0.556491,0.852949
11,310,1,0.826995,0.006255,0.256258,0.000000,1.000000,1.0000,0.591801,0.195612
11,311,2,0.356984,0.060069,0.516856,0.000000,0.062018,4.0000,0.523234,0.237108
11,312,4,0.161408,0.105677,0.682678,0.387250,0.383015,11.0000,0.544348,0.580129
11,313,6,0.159401,0.101477,0.697100,0.380960,0.617479,5.0000,0.574548,0.593481
11,314,7,0.140169,0.096848,0.731856,0.096754,0.511061,3.0000,0.578637,0.666684
11,315,11,0.101554,0.098257,0.738150,0.088800,0.532582,13.0000,0.534249,0.679941
11,316,11,0.080929,0.046581,0.808742,0.088514,0.585717,8.0000,0.535135,0.828626
11,317,12,0.059228,0.044627,0.823885,0.087539,0.470898,10.0000,0.530150,0.860521
11,318,13,0.055315,0.043579,0.830247,0.060886,0.477726,8.0000,0.591988,0.873922
11,319,14,0.050729,0.034305,0.839779,0.049540,0.623203,14.0000,0.542255,0.893997
11,320,4,0.243301,0.025867,0.668421,0.695523,0.986006,4.0000,0.570011,0.613879
11,321,6,0.229973,0.031052,0.714528,0.104907,1.030379,5.0000,0.510637,0.649430
11,322,8,0.161482,0.048637,0.717152,0.111021,0.885169,9.0000,0.509733,0.654863
11,323,10,0.106183,0.053940,0.743961,0.159688,0.800423,9.0000,0.598841,0.710357
11,324,9,0.103352,0.049652,0.744632,0.167239,0.720771,9.0000,0.551835,0.711746
11,325,11,0.097904,0.049417,0.791197,0.093787,0.666115,14.0000,0.486656,0.808136
11,326,11,0.063218,0.040502,0.807602,0.121796,0.646782,6.0000,0.472275,0.842096
11,327,12,0.055905,0.042156,0.814572,0.107440,0.680431,10.0000,0.515741,0.856524
11,328,14,0.055405,0.040325,0.820196,0.084341,0.698607,8.0000,0.598582,0.868165
11,329,19,0.054066,0.046689,0.821457,0.024481,0.799428,10.0000,0.511337,0.870775
11,330,0,,,,,,0.0000,0.545243,0.000000
11,331,2,0.357419,0.004054,0.578671,0.000000,0.005634,3.0000,0.606006,0.394436
11,332,4,0.205917,0.087462,0.642313,0.493598,0.525596,5.0000,0.524577,0.524839
11,333,5,0.202880,0.045198,0.663348,0.541795,0.803115,7.0000,0.501596,0.567939
11,334,7,0.121696,0.089329,0.694201,0.144166,0.525993,9.0000,0.542696,0.631158
11,335,9,0.086619,0.068477,0.757952,0.108964,0.404382,9.0000,0.625030,0.761782
11,336,11,0.063095,0.052201,0.783238,0.072034,0.544858,15.0000,0.545298,0.813594
11,337,11,0.060119,0.047495,0.783946,0.068849,0.560595,7.0000,0.502686,0.815044
11,338,13,0.060113,0.059760,0.789950,0.068010,0.550393,11.0000,0.458251,0.827347
11,339,13,0.058908,0.059438,0.791834,0.068257,0.553723,10.0000,0.521594,0.831206
11,340,4,0.164302,0.059925,0.634778,0.388548,0.567349,5.0000,0.641164,0.635717
11,341,6,0.101892,0.060590,0.719312,0.115341,0.309262,7.0000,0.596689,0.708266
11,342,10,0.082664,0.067451,0.769264,0.087017,0.517620,11.0000,0.496378,0.809968
11,343,16,0.070653,0.070562,0.783313,0.063263,0.598334,17.0000,0.477909,0.838573
11,344,18,0.070455,0.070518,0.783449,0.063557,0.689986,10.0000,0.566471,0.838850
11,345,18,0.069909,0.070423,0.785174,0.062351,0.687750,6.0000,0.577566,0.842361
11,346,19,0.067661,0.068818,0.785972,0.056567,0.678039,8.0000,0.536527,0.843986
11,347,19,0.064545,0.065480,0.787657,0.049094,0.607479,11.0000,0.532039,0.847418
11,348,16,0.055434,0.058266,0.809175,0.060132,0.609503,15.0000,0.526524,0.891229
11,349,14,0.040265,0.041673,0.819561,0.066040,0.490308,13.0000,0.542107,0.912373
11,350,2,0.743932,0.027168,0.273624,0.000000,0.902289,3.0000,0.612892,0.291193
11,351,2,0.743918,0.026232,0.274487,0.000000,0.903435,3.0000,0.497782,0.292909
11,352,6,0.123832,0.095626,0.620064,0.174990,0.538061,11.0000,0.431188,0.644264
11,353,6,0.110654,0.086834,0.640690,0.166894,0.472650,7.0000,0.556843,0.661800
11,354,11,0.081344,0.081731,0.719306,0.084852,0.550474,14.0000,0.554400,0.758748
11,355,9,0.077285,0.059739,0.735009,0.090282,0.703469,11.0000,0.556700,0.789967
11,356,9,0.074620,0.030051,0.753286,0.149938,0.744743,7.0000,0.530201,0.826302
11,357,11,0.066491,0.025898,0.770758,0.043646,0.728240,8.0000,0.512165,0.852958
11,358,13,0.065641,0.028144,0.771456,0.039603,0.825626,9.0000,0.582508,0.854344
11,359,14,0.065013,0.027469,0.771972,0.026883,0.857587,9.0000,0.534394,0.855370
11,360,2,0.741347,0.125852,0.310777,0.000000,0.924625,2.0000,0.595634,0.161579
11,361,4,0.171408,0.093177,0.568456,0.338665,0.582455,5.0000,0.551333,0.561204
11,362,6,0.147575,0.071278,0.639111,0.127609,0.492608,9.0000,0.504261,0.666309
11,363,8,0.144203,0.073208,0.642548,0.120733,0.702023,11.0000,0.529554,0.672985
11,364,9,0.135543,0.069287,0.656749,0.071430,0.638360,9.0000,0.557749,0.700568
11,365,12,0.080200,0.067653,0.681631,0.082046,0.570636,7.0000,0.562189,0.748901
11,366,14,0.075681,0.062876,0.709130,0.072624,0.581132,8.0000,0.532932,0.772192
11,367,16,0.068600,0.059537,0.727264,0.066416,0.563156,14.0000,0.522280,0.807416
11,368,13,0.068904,0.047995,0.747558,0.110146,0.635432,12.0000,0.525377,0.846836
11,369,14,0.068904,0.053985,0.747974,0.100217,0.601931,6.0000,0.548494,0.847643
11,370,2,0.580256,0.067758,0.377047,0.000000,0.754571,3.0000,0.629651,0.292625
11,371,6,0.189725,0.147218,0.494264,0.094579,0.409492,4.0000,0.491686,0.466229
11,372,9,0.076855,0.060325,0.666625,0.061419,0.269007,13.0000,0.515459,0.751817
11,373,9,0.087580,0.058101,0.683815,0.062456,0.374175,10.0000,0.472964,0.784507
11,374,11,0.082911,0.042609,0.703035,0.101647,0.645777,6.0000,0.538436,0.821542
11,375,12,0.063445,0.032190,0.742357,0.053681,0.650792,9.0000,0.580241,0.897309
11,376,13,0.056233,0.023456,0.752447,0.047224,0.702474,7.0000,0.510569,0.916750
11,377,14,0.055021,0.022754,0.754103,0.040147,0.740017,9.0000,0.515050,0.919941
11,378,14,0.055021,0.022754,0.754103,0.040147,0.740017,1.0000,0.522374,0.919941
11,379,14,0.055021,0.022754,0.754103,0.040147,0.740017,5.0000,0.551613,0.919941
11,380,3,0.261430,0.130061,0.344678,0.615468,0.659687,3.0000,0.636058,0.263449
11,381,4,0.206786,0.161558,0.421311,0.081939,0.236965,6.0000,0.583973,0.349080
11,382,5,0.116628,0.066154,0.554024,0.148397,0.346241,13.0000,0.503889,0.601565
11,383,5,0.149920,0.059094,0.605145,0.116180,0.557391,4.0000,0.566800,0.699978
11,384,7,0.144675,0.089406,0.605421,0.111286,0.532919,4.0000,0.530428,0.700510
11,385,8,0.144264,0.083782,0.608793,0.125930,0.615458,1.0000,0.541976,0.707002
11,386,9,0.099899,0.068654,0.630989,0.095612,0.510745,5.0000,0.599231,0.749731
11,387,10,0.098735,0.067639,0.632838,0.069192,0.584056,7.0000,0.529356,0.753289
11,388,10,0.091729,0.059916,0.656293,0.130466,0.632874,10.0000,0.471664,0.798443
11,389,11,0.083653,0.054741,0.663555,0.086804,0.547946,9.0000,0.493127,0.812422
11,390,0,,,,,,0.0000,0.642721,0.000000
11,391,0,,,,,,0.0000,0.667783,0.000000
11,392,0,,,,,,0.0000,0.565511,0.000000
11,393,0,,,,,,0.0000,0.542786,0.000000
11,394,0,,,,,,0.0000,0.571606,0.000000
11,395,0,,,,,,0.0000,0.602008,0.000000
11,396,0,,,,,,0.0000,0.593352,0.000000
11,397,0,,,,,,0.0000,0.576291,0.000000
11,398,0,,,,,,0.0000,0.568420,0.000000
11,399,0,,,,,,0.0000,0.587443,0.000000
11,400,0,,,,,,0.0000,0.590189,0.000000
11,401,0,,,,,,0.0000,0.572309,0.000000
11,402,0,,,,,,0.0000,0.562381,0.000000
11,403,0,,,,,,0.0000,0.553447,0.000000
11,404,0,,,,,,0.0000,0.545935,0.000000
11,405,0,,,,,,0.0000,0.588072,0.000000
11,406,0,,,,,,0.0000,0.602474,0.000000
11,407,0,,,,,,0.0000,0.548113,0.000000
11,408,0,,,,,,0.0000,0.549075,0.000000
11,409,0,,,,,,0.0000,0.585181,0.000000
11,410,0,,,,,,0.0000,0.605894,0.000000
11,411,0,,,,,,0.0000,0.585474,0.000000
11,412,0,,,,,,0.0000,0.518894,0.000000
11,413,0,,,,,,0.0000,0.558599,0.000000
11,414,0,,,,,,0.0000,0.606441,0.000000
11,415,0,,,,,,0.0000,0.595800,0.000000
11,416,0,,,,,,0.0000,0.524202,0.000000
11,417,0,,,,,,0.0000,0.528130,0.000000
11,418,0,,,,,,0.0000,0.600537,0.000000
11,419,0,,,,,,0.0000,0.592072,0.000000
11,420,0,,,,,,0.0000,0.530061,0.000000
11,421,0,,,,,,0.0000,0.551347,0.000000
11,422,0,,,,,,0.0000,0.586896,0.000000
11,423,0,,,,,,0.0000,0.579385,0.000000
11,424,0,,,,,,0.0000,0.565697,0.000000
11,425,0,,,,,,0.0000,0.564958,0.000000
11,426,0,,,,,,0.0000,0.547004,0.000000
11,427,0,,,,,,0.0000,0.537472,0.000000
11,428,0,,,,,,0.0000,0.559183,0.000000
11,429,0,,,,,,0.0000,0.601356,0.000000
11,430,0,,,,,,0.0000,0.572138,0.000000
11,431,0,,,,,,0.0000,0.549184,0.000000
11,432,0,,,,,,0.0000,0.555868,0.000000
11,433,0,,,,,,0.0000,0.544295,0.000000
11,434,0,,,,,,0.0000,0.567235,0.000000
11,435,0,,,,,,0.0000,0.571389,0.000000
11,436,0,,,,,,0.0000,0.581489,0.000000
11,437,0,,,,,,0.0000,0.563047,0.000000
11,438,0,,,,,,0.0000,0.563212,0.000000
11,439,0,,,,,,0.0000,0.557708,0.000000
11,440,0,,,,,,0.0000,0.569914,0.000000
11,441,0,,,,,,0.0000,0.587711,0.000000
11,442,0,,,,,,0.0000,0.565042,0.000000
11,443,0,,,,,,0.0000,0.555843,0.000000
11,444,0,,,,,,0.0000,0.570588,0.000000
11,445,0,,,,,,0.0000,0.562665,0.000000
11,446,0,,,,,,0.0000,0.562727,0.000000
11,447,0,,,,,,0.0000,0.581336,0.000000
11,448,0,,,,,,0.0000,0.572102,0.000000
11,449,0,,,,,,0.0000,0.565471,0.000000
11,450,0,,,,,,0.0000,0.558016,0.000000
11,451,0,,,,,,0.0000,0.539467,0.000000
11,452,0,,,,,,0.0000,0.578939,0.000000
11,453,0,,,,,,0.0000,0.589875,0.000000
11,454,0,,,,,,0.0000,0.580082,0.000000
11,455,0,,,,,,0.0000,0.538587,0.000000
11,456,0,,,,,,0.0000,0.571577,0.000000
11,457,0,,,,,,0.0000,0.575889,0.000000
11,458,0,,,,,,0.0000,0.567650,0.000000
11,459,0,,,,,,0.0000,0.552523,0.000000
11,460,0,,,,,,0.0000,0.557313,0.000000
11,461,0,,,,,,0.0000,0.575584,0.000000
11,462,0,,,,,,0.0000,0.593784,0.000000
11,463,0,,,,,,0.0000,0.562081,0.000000
11,464,0,,,,,,0.0000,0.548726,0.000000
11,465,0,,,,,,0.0000,0.543280,0.000000
11,466,0,,,,,,0.0000,0.596306,0.000000
11,467,0,,,,,,0.0000,0.602447,0.000000
11,468,0,,,,,,0.0000,0.555637,0.000000
11,469,0,,,,,,0.0000,0.542727,0.000000
11,470,0,,,,,,0.0000,0.579003,0.000000
11,471,0,,,,,,0.0000,0.583827,0.000000
11,472,0,,,,,,0.0000,0.535641,0.000000
11,473,0,,,,,,0.0000,0.559532,0.000000
11,474,0,,,,,,0.0000,0.572844,0.000000
11,475,0,,,,,,0.0000,0.570237,0.000000
11,476,0,,,,,,0.0000,0.544717,0.000000
11,477,0,,,,,,0.0000,0.546649,0.000000
11,478,0,,,,,,0.0000,0.573572,0.000000
11,479,0,,,,,,0.0000,0.593982,0.000000
11,480,0,,,,,,0.0000,0.543843,0.000000
11,481,0,,,,,,0.0000,0.518173,0.000000
11,482,0,,,,,,0.0000,0.569401,0.000000
11,483,0,,,,,,0.0000,0.606238,0.000000
11,484,0,,,,,,0.0000,0.564982,0.000000
11,485,0,,,,,,0.0000,0.534331,0.000000
11,486,0,,,,,,0.0000,0.549932,0.000000
11,487,0,,,,,,0.0000,0.579161,0.000000
11,488,0,,,,,,0.0000,0.593953,0.000000
11,489,0,,,,,,0.0000,0.567242,0.000000
11,490,0,,,,,,0.0000,0.528647,0.000000
11,491,0,,,,,,0.0000,0.537994,0.000000
11,492,0,,,,,,0.0000,0.594426,0.000000
11,493,0,,,,,,0.0000,0.605169,0.000000
11,494,0,,,,,,0.0000,0.570545,0.000000
11,495,0,,,,,,0.0000,0.540791,0.000000
11,496,0,,,,,,0.0000,0.570704,0.000000
11,497,0,,,,,,0.0000,0.595355,0.000000
11,498,0,,,,,,0.0000,0.581590,0.000000
11,499,0,,,,,,0.0000,0.560479,0.000000
11,500,0,,,,,,0.0000,0.556408,0.000000
11,501,0,,,,,,0.0000,0.563215,0.000000
11,502,0,,,,,,0.0000,0.569513,0.000000
11,503,0,,,,,,0.0000,0.566390,0.000000
11,504,0,,,,,,0.0000,0.564104,0.000000
11,505,0,,,,,,0.0000,0.590971,0.000000
11,506,0,,,,,,0.0000,0.568463,0.000000
11,507,0,,,,,,0.0000,0.536510,0.000000
11,508,0,,,,,,0.0000,0.541470,0.000000
11,509,0,,,,,,0.0000,0.579919,0.000000
11,510,0,,,,,,0.0000,0.582637,0.000000
11,511,0,,,,,,0.0000,0.564866,0.000000
11,512,0,,,,,,0.0000,0.564617,0.000000
11,513,0,,,,,,0.0000,0.560537,0.000000
11,514,0,,,,,,0.0000,0.579530,0.000000
11,515,0,,,,,,0.0000,0.580268,0.000000
11,516,0,,,,,,0.0000,0.557069,0.000000
11,517,0,,,,,,0.0000,0.563108,0.000000
11,518,0,,,,,,0.0000,0.571537,0.000000
11,519,0,,,,,,0.0000,0.544724,0.000000
11,520,0,,,,,,0.0000,0.563652,0.000000
11,521,0,,,,,,0.0000,0.574926,0.000000
11,522,0,,,,,,0.0000,0.586857,0.000000
11,523,0,,,,,,0.0000,0.547539,0.000000
11,524,0,,,,,,0.0000,0.547087,0.000000
11,525,0,,,,,,0.0000,0.574250,0.000000
11,526,0,,,,,,0.0000,0.601618,0.000000
11,527,0,,,,,,0.0000,0.556693,0.000000
11,528,0,,,,,,0.0000,0.552321,0.000000
11,529,0,,,,,,0.0000,0.577517,0.000000
11,530,0,,,,,,0.0000,0.593330,0.000000
11,531,0,,,,,,0.0000,0.562778,0.000000
11,532,0,,,,,,0.0000,0.528744,0.000000
11,533,0,,,,,,0.0000,0.534160,0.000000
11,534,0,,,,,,0.0000,0.556499,0.000000
11,535,0,,,,,,0.0000,0.579587,0.000000
11,536,0,,,,,,0.0000,0.567839,0.000000
11,537,0,,,,,,0.0000,0.570634,0.000000
11,538,0,,,,,,0.0000,0.573720,0.000000
11,539,0,,,,,,0.0000,0.568238,0.000000
11,540,0,,,,,,0.0000,0.555449,0.000000
11,541,0,,,,,,0.0000,0.559843,0.000000
11,542,0,,,,,,0.0000,0.568271,0.000000
11,543,0,,,,,,0.0000,0.548911,0.000000
11,544,0,,,,,,0.0000,0.559855,0.000000
11,545,0,,,,,,0.0000,0.576062,0.000000
11,546,0,,,,,,0.0000,0.566825,0.000000
11,547,0,,,,,,0.0000,0.560492,0.000000
11,548,0,,,,,,0.0000,0.573489,0.000000
11,549,0,,,,,,0.0000,0.601614,0.000000
11,550,0,,,,,,0.0000,0.542071,0.000000
11,551,0,,,,,,0.0000,0.540033,0.000000
11,552,0,,,,,,0.0000,0.565455,0.000000
11,553,0,,,,,,0.0000,0.565276,0.000000
11,554,0,,,,,,0.0000,0.556231,0.000000
11,555,0,,,,,,0.0000,0.559843,0.000000
11,556,0,,,,,,0.0000,0.577655,0.000000
11,557,0,,,,,,0.0000,0.569501,0.000000
11,558,0,,,,,,0.0000,0.561535,0.000000
11,559,0,,,,,,0.0000,0.543909,0.000000
11,560,0,,,,,,0.0000,0.561171,0.000000
11,561,0,,,,,,0.0000,0.595179,0.000000
11,562,0,,,,,,0.0000,0.559804,0.000000
11,563,0,,,,,,0.0000,0.537656,0.000000
11,564,0,,,,,,0.0000,0.550454,0.000000
11,565,0,,,,,,0.0000,0.580755,0.000000
11,566,0,,,,,,0.0000,0.551474,0.000000
11,567,0,,,,,,0.0000,0.551097,0.000000
11,568,0,,,,,,0.0000,0.553983,0.000000
11,569,0,,,,,,0.0000,0.572366,0.000000
11,570,0,,,,,,0.0000,0.563803,0.000000
11,571,0,,,,,,0.0000,0.558762,0.000000
11,572,0,,,,,,0.0000,0.569381,0.000000
11,573,0,,,,,,0.0000,0.550315,0.000000
11,574,0,,,,,,0.0000,0.556556,0.000000
11,575,0,,,,,,0.0000,0.561029,0.000000
11,576,0,,,,,,0.0000,0.559299,0.000000
11,577,0,,,,,,0.0000,0.575527,0.000000
11,578,0,,,,,,0.0000,0.569889,0.000000
11,579,0,,,,,,0.0000,0.547926,0.000000
11,580,0,,,,,,0.0000,0.562334,0.000000
11,581,0,,,,,,0.0000,0.577576,0.000000
11,582,0,,,,,,0.0000,0.573141,0.000000
11,583,0,,,,,,0.0000,0.552145,0.000000
11,584,0,,,,,,0.0000,0.569935,0.000000
11,585,0,,,,,,0.0000,0.589907,0.000000
11,586,0,,,,,,0.0000,0.582638,0.000000
11,587,0,,,,,,0.0000,0.557499,0.000000
11,588,0,,,,,,0.0000,0.543118,0.000000
11,589,0,,,,,,0.0000,0.571075,0.000000
11,590,0,,,,,,0.0000,0.616038,0.000000
11,591,0,,,,,,0.0000,0.580689,0.000000
11,592,0,,,,,,0.0000,0.558257,0.000000
11,593,0,,,,,,0.0000,0.535538,0.000000
11,594,0,,,,,,0.0000,0.583020,0.000000
11,595,0,,,,,,0.0000,0.600671,0.000000
11,596,0,,,,,,0.0000,0.537610,0.000000
11,597,0,,,,,,0.0000,0.552537,0.000000
11,598,0,,,,,,0.0000,0.570351,0.000000
11,599,0,,,,,,0.0000,0.600319,0.000000
11,600,0,,,,,,0.0000,0.550948,0.000000
11,601,0,,,,,,0.0000,0.543990,0.000000
11,602,0,,,,,,0.0000,0.573381,0.000000
11,603,0,,,,,,0.0000,0.564372,0.000000
11,604,0,,,,,,0.0000,0.545010,0.000000
11,605,0,,,,,,0.0000,0.557873,0.000000
11,606,0,,,,,,0.0000,0.558163,0.000000
11,607,0,,,,,,0.0000,0.564880,0.000000
11,608,0,,,,,,0.0000,0.588885,0.000000
11,609,0,,,,,,0.0000,0.576775,0.000000
11,610,0,,,,,,0.0000,0.568903,0.000000
11,611,0,,,,,,0.0000,0.564510,0.000000
11,612,0,,,,,,0.0000,0.578675,0.000000
11,613,0,,,,,,0.0000,0.572818,0.000000
11,614,0,,,,,,0.0000,0.570361,0.000000
11,615,0,,,,,,0.0000,0.566869,0.000000
11,616,0,,,,,,0.0000,0.571334,0.000000
11,617,0,,,,,,0.0000,0.572950,0.000000
11,618,0,,,,,,0.0000,0.571014,0.000000
11,619,0,,,,,,0.0000,0.556300,0.000000
11,620,0,,,,,,0.0000,0.549166,0.000000
11,621,0,,,,,,0.0000,0.560929,0.000000
11,622,0,,,,,,0.0000,0.560978,0.000000
11,623,0,,,,,,0.0000,0.567300,0.000000
11,624,0,,,,,,0.0000,0.579207,0.000000
11,625,0,,,,,,0.0000,0.577726,0.000000
11,626,0,,,,,,0.0000,0.559838,0.000000
11,627,0,,,,,,0.0000,0.567952,0.000000
11,628,0,,,,,,0.0000,0.565048,0.000000
11,629,0,,,,,,0.0000,0.557781,0.000000
11,630,0,,,,,,0.0000,0.564983,0.000000
11,631,0,,,,,,0.0000,0.569902,0.000000
11,632,0,,,,,,0.0000,0.581345,0.000000
11,633,0,,,,,,0.0000,0.545998,0.000000
11,634,0,,,,,,0.0000,0.559079,0.000000
11,635,0,,,,,,0.0000,0.574433,0.000000
11,636,0,,,,,,0.0000,0.549752,0.000000
11,637,0,,,,,,0.0000,0.570478,0.000000
11,638,0,,,,,,0.0000,0.607658,0.000000
11,639,0,,,,,,0.0000,0.583369,0.000000
11,640,0,,,,,,0.0000,0.528422,0.000000
11,641,0,,,,,,0.0000,0.568198,0.000000
11,642,1,0.854985,0.001368,0.363843,0.000000,1.000000,1.0000,0.569334,0.214329
11,643,5,0.171312,0.038466,0.640514,0.355933,0.805670,8.0000,0.427078,0.648177
11,644,8,0.119077,0.047187,0.683947,0.091403,0.574863,12.0000,0.450792,0.727481
11,645,10,0.071940,0.032340,0.722361,0.084719,0.631086,10.0000,0.523589,0.797893
11,646,12,0.046855,0.029433,0.752111,0.065674,0.703600,10.0000,0.575367,0.855678
11,647,11,0.043263,0.019218,0.760047,0.089553,0.713391,3.0000,0.511653,0.871094
11,648,13,0.035118,0.018919,0.766169,0.081684,0.761089,5.0000,0.526097,0.882985
11,649,14,0.035097,0.021728,0.766412,0.083094,0.809059,8.0000,0.499759,0.883457
11,650,2,0.386186,0.010287,0.526984,0.000000,0.012373,2.0000,0.623483,0.368329
11,651,4,0.180880,0.079841,0.661168,0.383719,0.474564,5.0000,0.611040,0.635090
11,652,8,0.095368,0.069219,0.709671,0.123520,0.470466,10.0000,0.497820,0.731515
11,653,8,0.095368,0.069219,0.709671,0.123520,0.470466,6.0000,0.453720,0.731515
11,654,8,0.093964,0.066257,0.711587,0.128110,0.501228,10.0000,0.562532,0.735324
11,655,9,0.093874,0.062885,0.711708,0.143807,0.606036,4.0000,0.575699,0.735565
11,656,11,0.078875,0.056392,0.759127,0.149441,0.696651,9.0000,0.542558,0.829833
11,657,13,0.077451,0.054873,0.769179,0.146137,0.791601,7.0000,0.519813,0.849819
11,658,13,0.077451,0.054873,0.769179,0.146137,0.791601,3.0000,0.537411,0.849819
11,659,14,0.068344,0.055387,0.771454,0.091528,0.711836,7.0000,0.557989,0.854341
11,660,1,0.835139,0.002223,0.388733,0.000000,1.000000,4.0000,0.598940,0.205705
11,661,3,0.279287,0.152223,0.527541,0.608606,0.706295,4.0000,0.500801,0.374228
11,662,5,0.137825,0.114601,0.631453,0.211176,0.432068,11.0000,0.525107,0.548310
11,663,8,0.125134,0.105253,0.670576,0.146610,0.522159,12.0000,0.566911,0.627965
11,664,9,0.114942,0.094614,0.697685,0.137581,0.640410,7.0000,0.572366,0.683160
11,665,8,0.112967,0.086144,0.716518,0.142325,0.428869,6.0000,0.540795,0.702576
11,666,9,0.096036,0.075120,0.762475,0.104553,0.420284,5.0000,0.515062,0.796145
11,667,10,0.064491,0.059889,0.784534,0.117793,0.516310,8.0000,0.568928,0.841059
11,668,12,0.059025,0.059041,0.788234,0.106581,0.622344,12.0000,0.618380,0.848592
11,669,13,0.052084,0.057547,0.790036,0.091937,0.574662,7.0000,0.523702,0.852260
11,670,3,0.286563,0.063161,0.590183,0.799783,0.681288,5.0000,0.580205,0.418025
11,671,6,0.141790,0.049648,0.706164,0.086235,0.745693,8.0000,0.599774,0.655669
11,672,7,0.117113,0.043737,0.743002,0.074337,0.568987,10.0000,0.532541,0.731151
11,673,9,0.112631,0.040001,0.774862,0.067263,0.691436,8.0000,0.570464,0.796432
11,674,9,0.112631,0.040001,0.774862,0.067263,0.691436,3.0000,0.580552,0.796432
11,675,10,0.074955,0.038131,0.791070,0.075992,0.609011,8.0000,0.557186,0.829642
11,676,11,0.069782,0.039081,0.798483,0.070635,0.655876,5.0000,0.511266,0.844830
11,677,13,0.069732,0.040934,0.803228,0.062877,0.751909,9.0000,0.536764,0.854554
11,678,14,0.068640,0.039596,0.805960,0.060302,0.809121,6.0000,0.538821,0.860150
11,679,15,0.043510,0.036333,0.830805,0.057063,0.702591,12.0000,0.537686,0.911059
11,680,3,0.245951,0.097052,0.581287,0.682370,0.590569,7.0000,0.602666,0.414501
11,681,6,0.140042,0.077333,0.721127,0.119095,0.476974,6.0000,0.542849,0.663090
11,682,7,0.146844,0.057810,0.748277,0.106802,0.692553,12.0000,0.553927,0.719291
11,683,7,0.146844,0.057810,0.748277,0.106802,0.692553,8.0000,0.600759,0.719291
11,684,8,0.143867,0.038082,0.767170,0.063725,0.669599,7.0000,0.575074,0.758400
11,685,9,0.085710,0.040807,0.791563,0.094544,0.508829,7.0000,0.496461,0.808894
11,686,10,0.065139,0.050390,0.811424,0.045425,0.506644,13.0000,0.541604,0.850007
11,687,12,0.063460,0.056477,0.811520,0.051088,0.545117,5.0000,0.539234,0.850205
11,688,12,0.063907,0.046861,0.821985,0.056110,0.579816,7.0000,0.556900,0.871869
11,689,14,0.051765,0.035085,0.828014,0.051278,0.694394,15.0000,0.500017,0.884349
11,690,3,0.163327,0.026153,0.663477,0.163558,0.241856,3.0000,0.591080,0.552363
11,691,5,0.120752,0.025127,0.732664,0.223148,0.528681,4.0000,0.580605,0.678637
11,692,9,0.085306,0.038230,0.762727,0.223103,0.704809,12.0000,0.498391,0.738767
11,693,10,0.054639,0.019729,0.826774,0.140848,0.613330,12.0000,0.507197,0.871133
11,694,12,0.050843,0.023282,0.834409,0.126461,0.719682,9.0000,0.573461,0.882686
11,695,15,0.038571,0.021403,0.850245,0.059870,0.710209,13.0000,0.582744,0.916040
11,696,17,0.036917,0.018321,0.852170,0.057764,0.800747,13.0000,0.569113,0.920095
11,697,18,0.035325,0.017815,0.853263,0.053679,0.821667,10.0000,0.515116,0.922398
11,698,20,0.035112,0.017702,0.853517,0.054158,0.867033,7.0000,0.463294,0.922933
11,699,20,0.035112,0.017702,0.853517,0.054158,0.867033,12.0000,0.492231,0.922933
11,700,6,0.105433,0.075998,0.702271,0.164194,0.498083,8.0000,0.618464,0.675590
11,701,8,0.097844,0.066874,0.749470,0.129813,0.547814,11.0000,0.526389,0.699812
11,702,9,0.097844,0.092025,0.749608,0.090096,0.459296,8.0000,0.487030,0.700101
11,703,12,0.082571,0.060041,0.782585,0.041136,0.673962,13.0000,0.524756,0.769167
11,704,13,0.065221,0.046547,0.797388,0.042884,0.653254,11.0000,0.565774,0.800169
11,705,14,0.050707,0.047849,0.812835,0.039634,0.619745,12.0000,0.536333,0.832520
11,706,15,0.045396,0.040573,0.817690,0.039383,0.689835,6.0000,0.473004,0.842688
11,707,16,0.043061,0.037185,0.821035,0.040983,0.745490,11.0000,0.534994,0.849693
11,708,16,0.042859,0.036822,0.821569,0.040114,0.746285,9.0000,0.572726,0.850813
11,709,17,0.042859,0.040110,0.824494,0.038463,0.741113,8.0000,0.586511,0.856939
11,710,3,0.174931,0.077911,0.637229,0.260345,0.341480,6.0000,0.599797,0.502138
11,711,5,0.116422,0.062791,0.709539,0.210657,0.315406,3.0000,0.504601,0.619680
11,712,7,0.085270,0.047599,0.790660,0.119009,0.380957,12.0000,0.552428,0.790540
11,713,10,0.069681,0.052341,0.820732,0.088968,0.485533,10.0000,0.585520,0.853879
11,714,14,0.062853,0.051913,0.825906,0.076512,0.657564,13.0000,0.550518,0.864778
11,715,14,0.062853,0.051913,0.825906,0.076512,0.657564,5.0000,0.509124,0.864778
11,716,14,0.062853,0.051913,0.825906,0.076512,0.657564,8.0000,0.516835,0.864778
11,717,14,0.061181,0.048996,0.827486,0.076918,0.641040,7.0000,0.543660,0.868105
11,718,16,0.051672,0.045348,0.830097,0.043097,0.614477,19.0000,0.533680,0.873605
11,719,17,0.036304,0.035292,0.840944,0.034400,0.700191,12.0000,0.527094,0.896451
11,720,2,0.358675,0.035529,0.525635,0.000000,0.048710,2.0000,0.629189,0.262124
11,721,6,0.229250,0.121425,0.595838,0.295913,0.986107,6.0000,0.575722,0.403949
11,722,7,0.170697,0.079811,0.656846,0.240385,0.801710,8.0000,0.523111,0.530028
11,723,8,0.170610,0.071877,0.711394,0.087231,0.895329,9.0000,0.552393,0.642942
11,724,9,0.169791,0.068706,0.712773,0.067868,0.960526,3.0000,0.581015,0.645796
11,725,10,0.169403,0.068286,0.713085,0.059270,1.013247,8.0000,0.539154,0.646443
11,726,10,0.163865,0.081378,0.717288,0.054295,0.946538,8.0000,0.561738,0.655142
11,727,9,0.103765,0.051231,0.763228,0.140743,0.788838,15.0000,0.555796,0.750240
11,728,9,0.103726,0.050977,0.763567,0.141404,0.788844,10.0000,0.565896,0.750941
11,729,9,0.080587,0.042379,0.793857,0.145808,0.659914,11.0000,0.580110,0.813643
11,730,2,0.359650,0.007584,0.566821,0.000000,0.010587,3.0000,0.617149,0.370156
11,731,4,0.235476,0.087379,0.628620,0.586079,0.726757,2.0000,0.563731,0.496782
11,732,5,0.184022,0.046923,0.678672,0.445902,0.774175,8.0000,0.537976,0.599338
11,733,10,0.108386,0.045672,0.775216,0.132946,0.772596,10.0000,0.490092,0.797158
11,734,11,0.092561,0.043173,0.781917,0.094952,0.830952,9.0000,0.496131,0.810887
11,735,13,0.088971,0.042272,0.785808,0.057233,0.786749,9.0000,0.552202,0.818859
11,736,14,0.088929,0.047119,0.786924,0.041035,0.790319,15.0000,0.576617,0.821146
11,737,14,0.088490,0.046937,0.787075,0.041086,0.789402,9.0000,0.559330,0.821455
11,738,14,0.049057,0.036520,0.811140,0.075449,0.820097,5.0000,0.519307,0.870766
11,739,15,0.048206,0.036713,0.811222,0.068512,0.808131,9.0000,0.500906,0.870933
11,740,1,0.843727,0.019013,0.369378,0.000000,1.000000,1.0000,0.634191,0.169244
11,741,3,0.309970,0.030943,0.602221,0.854087,0.746878,5.0000,0.570953,0.469865
11,742,6,0.130883,0.053134,0.698928,0.107116,0.429570,11.0000,0.533188,0.666763
11,743,7,0.106091,0.048126,0.723586,0.082900,0.428731,6.0000,0.480392,0.716966
11,744,8,0.103540,0.055465,0.732456,0.070356,0.403551,7.0000,0.570457,0.735026
11,745,8,0.093917,0.031883,0.766155,0.086208,0.607197,12.0000,0.616538,0.803639
11,746,10,0.091745,0.032527,0.769818,0.065233,0.763326,8.0000,0.554422,0.811096
11,747,11,0.063672,0.035585,0.784807,0.024645,0.717913,2.0000,0.496214,0.841614
11,748,16,0.060090,0.030520,0.810074,0.030557,0.818403,18.0000,0.556738,0.893058
11,749,17,0.059976,0.029629,0.810471,0.031378,0.839017,8.0000,0.568220,0.893867
11,750,2,0.369070,0.082325,0.437311,0.000000,0.089641,4.0000,0.616368,0.238571
11,751,4,0.155212,0.122836,0.553348,0.128177,0.263412,3.0000,0.578510,0.469255
11,752,6,0.133261,0.109296,0.624228,0.207706,0.517827,7.0000,0.531829,0.610165
11,753,6,0.127692,0.098424,0.668484,0.205290,0.449732,9.0000,0.515019,0.649634
11,754,9,0.107111,0.083101,0.699358,0.064024,0.569359,6.0000,0.571866,0.711013
11,755,10,0.106331,0.079173,0.701028,0.073193,0.643633,8.0000,0.589513,0.714333
11,756,11,0.093980,0.069190,0.722898,0.104386,0.693116,5.0000,0.534717,0.757811
11,757,13,0.072651,0.053577,0.744628,0.076825,0.683312,5.0000,0.493673,0.801010
11,758,16,0.069682,0.054249,0.753815,0.039066,0.751962,9.0000,0.514321,0.819274
11,759,16,0.069682,0.054249,0.753815,0.039066,0.751962,6.0000,0.537639,0.819274
11,760,2,0.285170,0.130268,0.486331,0.000000,0.272386,2.0000,0.631519,0.421741
11,761,4,0.236003,0.123148,0.535601,0.627520,0.996024,2.0000,0.595848,0.517443
11,762,6,0.084215,0.033795,0.710991,0.159256,0.488005,9.0000,0.501998,0.786074
11,763,8,0.076022,0.036232,0.717854,0.095716,0.705962,7.0000,0.511720,0.799406
11,764,10,0.072668,0.050096,0.732716,0.086538,0.641912,7.0000,0.559703,0.818006
11,765,10,0.074277,0.033979,0.738995,0.081851,0.715356,8.0000,0.625834,0.830202
11,766,11,0.068604,0.037939,0.756802,0.091786,0.593138,12.0000,0.576066,0.864790
11,767,12,0.067378,0.044903,0.759061,0.050502,0.586211,3.0000,0.481230,0.869179
11,768,12,0.067360,0.044863,0.759263,0.050527,0.586998,4.0000,0.478210,0.869572
11,769,13,0.053047,0.043623,0.768827,0.048826,0.528475,6.0000,0.521407,0.888149
11,770,1,0.762885,0.029058,0.228608,0.000000,1.000000,1.0000,0.643555,0.278505
11,771,4,0.189560,0.079069,0.537588,0.282908,0.637966,7.0000,0.534611,0.526738
11,772,7,0.147995,0.115187,0.566479,0.096884,0.724157,6.0000,0.516061,0.573792
11,773,9,0.139697,0.115748,0.612005,0.039157,0.645743,7.0000,0.588132,0.661514
11,774,8,0.092145,0.060791,0.694519,0.137372,0.559224,8.0000,0.544819,0.820506
11,775,9,0.085050,0.053044,0.701964,0.095719,0.557800,7.0000,0.527723,0.834852
11,776,10,0.069434,0.034479,0.720361,0.110474,0.598553,6.0000,0.544831,0.870300
11,777,10,0.068679,0.032865,0.725135,0.113030,0.606285,5.0000,0.565957,0.879498
11,778,12,0.067950,0.033028,0.726699,0.119620,0.723496,6.0000,0.579524,0.882512
11,779,13,0.066722,0.031769,0.728614,0.117419,0.766884,3.0000,0.554273,0.886202
11,780,1,0.820915,0.114839,0.078612,0.000000,1.000000,1.0000,0.633694,0.063874
11,781,4,0.243320,0.182009,0.319309,0.199708,0.468198,3.0000,0.507193,0.269155
11,782,5,0.139584,0.078984,0.546366,0.127445,0.382885,6.0000,0.555571,0.618678
11,783,7,0.124867,0.062364,0.582914,0.181105,0.673717,8.0000,0.554438,0.685238
11,784,8,0.124867,0.071084,0.583255,0.189289,0.795715,3.0000,0.532050,0.685896
11,785,9,0.124867,0.081468,0.587136,0.122340,0.706429,2.0000,0.558206,0.693366
11,786,11,0.120005,0.075727,0.606681,0.092164,0.719659,5.0000,0.567260,0.705896
11,787,11,0.120947,0.041675,0.652785,0.093439,0.860297,7.0000,0.544609,0.794649
11,788,13,0.114851,0.043900,0.670110,0.045884,0.865627,4.0000,0.533009,0.828001
11,789,13,0.114851,0.043900,0.670110,0.045884,0.865627,7.0000,0.563292,0.828001
11,790,2,0.676760,0.056742,0.228820,0.000000,0.862091,2.0000,0.592652,0.323369
11,791,3,0.347926,0.169294,0.285882,0.639494,0.775468,2.0000,0.532494,0.323369
11,792,5,0.115159,0.058070,0.579608,0.107614,0.323018,6.0000,0.527980,0.749611
11,793,7,0.104479,0.051411,0.604021,0.115182,0.579410,7.0000,0.505119,0.797714
11,794,7,0.100617,0.042180,0.610628,0.131311,0.616913,2.0000,0.544602,0.810733
11,795,9,0.088048,0.054042,0.632681,0.095473,0.587878,5.0000,0.538962,0.818613
11,796,10,0.076335,0.052193,0.640823,0.090409,0.548624,7.0000,0.569160,0.834657
11,797,11,0.076335,0.065303,0.640920,0.065812,0.569461,5.0000,0.554005,0.834848
11,798,13,0.068831,0.060188,0.647672,0.054233,0.567503,4.0000,0.591604,0.848152
11,799,15,0.067340,0.056978,0.650205,0.051145,0.656728,7.0000,0.538109,0.853143
11,800,1,0.800949,0.213592,0.001210,0.000000,1.000000,1.0000,0.586360,0.000000
11,801,4,0.187485,0.134045,0.445495,0.205441,0.533429,4.0000,0.540927,0.505360
11,802,6,0.139914,0.119375,0.501716,0.206611,0.569334,3.0000,0.530213,0.615678
11,803,8,0.133045,0.109170,0.528179,0.104719,0.556991,6.0000,0.514002,0.667604
11,804,9,0.109487,0.091693,0.547664,0.109626,0.647257,8.0000,0.564970,0.701744
11,805,10,0.079558,0.059452,0.580791,0.175609,0.757025,10.0000,0.563436,0.764709
11,806,10,0.077552,0.057645,0.588488,0.175625,0.744965,2.0000,0.505593,0.772209
11,807,10,0.077166,0.057231,0.593906,0.175662,0.732926,7.0000,0.521964,0.777638
11,808,10,0.077166,0.057231,0.593906,0.175662,0.732926,5.0000,0.550325,0.777638
11,809,9,0.081917,0.056882,0.598279,0.185772,0.787563,7.0000,0.582592,0.786219
11,810,0,,,,,,0.0000,0.632180,0.000000
11,811,0,,,,,,0.0000,0.621233,0.000000
11,812,0,,,,,,0.0000,0.561202,0.000000
11,813,0,,,,,,0.0000,0.539410,0.000000
11,814,0,,,,,,0.0000,0.583201,0.000000
11,815,0,,,,,,0.0000,0.612540,0.000000
11,816,0,,,,,,0.0000,0.585949,0.000000
11,817,0,,,,,,0.0000,0.570488,0.000000
11,818,0,,,,,,0.0000,0.595635,0.000000
11,819,0,,,,,,0.0000,0.562394,0.000000
11,820,0,,,,,,0.0000,0.569014,0.000000
11,821,0,,,,,,0.0000,0.607898,0.000000
11,822,0,,,,,,0.0000,0.573445,0.000000
11,823,0,,,,,,0.0000,0.562862,0.000000
11,824,0,,,,,,0.0000,0.553628,0.000000
11,825,0,,,,,,0.0000,0.562633,0.000000
11,826,0,,,,,,0.0000,0.566226,0.000000
11,827,0,,,,,,0.0000,0.587016,0.000000
11,828,0,,,,,,0.0000,0.581566,0.000000
11,829,0,,,,,,0.0000,0.559187,0.000000
11,830,0,,,,,,0.0000,0.540487,0.000000
11,831,0,,,,,,0.0000,0.586883,0.000000
11,832,0,,,,,,0.0000,0.604679,0.000000
11,833,0,,,,,,0.0000,0.560811,0.000000
11,834,0,,,,,,0.0000,0.537485,0.000000
11,835,0,,,,,,0.0000,0.563354,0.000000
11,836,0,,,,,,0.0000,0.590415,0.000000
11,837,0,,,,,,0.0000,0.560676,0.000000
11,838,0,,,,,,0.0000,0.547346,0.000000
11,839,0,,,,,,0.0000,0.554607,0.000000
11,840,0,,,,,,0.0000,0.584670,0.000000
11,841,0,,,,,,0.0000,0.581776,0.000000
11,842,0,,,,,,0.0000,0.553407,0.000000
11,843,0,,,,,,0.0000,0.552256,0.000000
11,844,0,,,,,,0.0000,0.571936,0.000000
11,845,0,,,,,,0.0000,0.552197,0.000000
11,846,0,,,,,,0.0000,0.541797,0.000000
11,847,0,,,,,,0.0000,0.566207,0.000000
11,848,0,,,,,,0.0000,0.582654,0.000000
11,849,0,,,,,,0.0000,0.578547,0.000000
11,850,0,,,,,,0.0000,0.543994,0.000000
11,851,0,,,,,,0.0000,0.527418,0.000000
11,852,0,,,,,,0.0000,0.549620,0.000000
11,853,0,,,,,,0.0000,0.588877,0.000000
11,854,0,,,,,,0.0000,0.586329,0.000000
11,855,0,,,,,,0.0000,0.553363,0.000000
11,856,0,,,,,,0.0000,0.554118,0.000000
11,857,0,,,,,,0.0000,0.553995,0.000000
11,858,0,,,,,,0.0000,0.562727,0.000000
11,859,0,,,,,,0.0000,0.585424,0.000000
11,860,0,,,,,,0.0000,0.576338,0.000000
11,861,0,,,,,,0.0000,0.553580,0.000000
11,862,0,,,,,,0.0000,0.556874,0.000000
11,863,0,,,,,,0.0000,0.560117,0.000000
11,864,0,,,,,,0.0000,0.560896,0.000000
11,865,0,,,,,,0.0000,0.576908,0.000000
11,866,0,,,,,,0.0000,0.576037,0.000000
11,867,0,,,,,,0.0000,0.566167,0.000000
11,868,0,,,,,,0.0000,0.538491,0.000000
11,869,0,,,,,,0.0000,0.544015,0.000000
11,870,0,,,,,,0.0000,0.567869,0.000000
11,871,0,,,,,,0.0000,0.573148,0.000000
11,872,0,,,,,,0.0000,0.568782,0.000000
11,873,0,,,,,,0.0000,0.561627,0.000000
11,874,0,,,,,,0.0000,0.587282,0.000000
11,875,0,,,,,,0.0000,0.567659,0.000000
11,876,0,,,,,,0.0000,0.534627,0.000000
11,877,0,,,,,,0.0000,0.543467,0.000000
11,878,0,,,,,,0.0000,0.599082,0.000000
11,879,0,,,,,,0.0000,0.588881,0.000000
11,880,0,,,,,,0.0000,0.538627,0.000000
11,881,0,,,,,,0.0000,0.538783,0.000000
11,882,0,,,,,,0.0000,0.561446,0.000000
11,883,0,,,,,,0.0000,0.570607,0.000000
11,884,0,,,,,,0.0000,0.583262,0.000000
11,885,0,,,,,,0.0000,0.562458,0.000000
11,886,0,,,,,,0.0000,0.546113,0.000000
11,887,0,,,,,,0.0000,0.533451,0.000000
11,888,0,,,,,,0.0000,0.558525,0.000000
11,889,0,,,,,,0.0000,0.576870,0.000000
11,890,0,,,,,,0.0000,0.560078,0.000000
11,891,0,,,,,,0.0000,0.542899,0.000000
11,892,0,,,,,,0.0000,0.564118,0.000000
11,893,0,,,,,,0.0000,0.582626,0.000000
11,894,0,,,,,,0.0000,0.526135,0.000000
11,895,0,,,,,,0.0000,0.541073,0.000000
11,896,0,,,,,,0.0000,0.591297,0.000000
11,897,0,,,,,,0.0000,0.580623,0.000000
11,898,0,,,,,,0.0000,0.565345,0.000000
11,899,0,,,,,,0.0000,0.560810,0.000000
11,900,0,,,,,,0.0000,0.568007,0.000000
11,901,0,,,,,,0.0000,0.554900,0.000000
11,902,0,,,,,,0.0000,0.536194,0.000000
11,903,0,,,,,,0.0000,0.577002,0.000000
11,904,0,,,,,,0.0000,0.594929,0.000000
11,905,0,,,,,,0.0000,0.563132,0.000000
11,906,0,,,,,,0.0000,0.539179,0.000000
11,907,0,,,,,,0.0000,0.572937,0.000000
11,908,0,,,,,,0.0000,0.575379,0.000000
11,909,0,,,,,,0.0000,0.567608,0.000000
11,910,0,,,,,,0.0000,0.545236,0.000000
11,911,0,,,,,,0.0000,0.559775,0.000000
11,912,0,,,,,,0.0000,0.581389,0.000000
11,913,0,,,,,,0.0000,0.599138,0.000000
11,914,0,,,,,,0.0000,0.555886,0.000000
11,915,0,,,,,,0.0000,0.553496,0.000000
11,916,0,,,,,,0.0000,0.565822,0.000000
11,917,0,,,,,,0.0000,0.568148,0.000000
11,918,0,,,,,,0.0000,0.558728,0.000000
11,919,0,,,,,,0.0000,0.579968,0.000000
11,920,0,,,,,,0.0000,0.568796,0.000000
11,921,0,,,,,,0.0000,0.567639,0.000000
11,922,0,,,,,,0.0000,0.557092,0.000000
11,923,0,,,,,,0.0000,0.536843,0.000000
11,924,0,,,,,,0.0000,0.569974,0.000000
11,925,0,,,,,,0.0000,0.569516,0.000000
11,926,0,,,,,,0.0000,0.575777,0.000000
11,927,0,,,,,,0.0000,0.565501,0.000000
11,928,0,,,,,,0.0000,0.563183,0.000000
11,929,0,,,,,,0.0000,0.555805,0.000000
11,930,0,,,,,,0.0000,0.559686,0.000000
11,931,0,,,,,,0.0000,0.568441,0.000000
11,932,0,,,,,,0.0000,0.568983,0.000000
11,933,0,,,,,,0.0000,0.549417,0.000000
11,934,0,,,,,,0.0000,0.541382,0.000000
11,935,0,,,,,,0.0000,0.569875,0.000000
11,936,0,,,,,,0.0000,0.585917,0.000000
11,937,0,,,,,,0.0000,0.582425,0.000000
11,938,0,,,,,,0.0000,0.544505,0.000000
11,939,0,,,,,,0.0000,0.524633,0.000000
11,940,0,,,,,,0.0000,0.550127,0.000000
11,941,0,,,,,,0.0000,0.599966,0.000000
11,942,0,,,,,,0.0000,0.595033,0.000000
11,943,0,,,,,,0.0000,0.539526,0.000000
11,944,0,,,,,,0.0000,0.539539,0.000000
11,945,0,,,,,,0.0000,0.562920,0.000000
11,946,0,,,,,,0.0000,0.608203,0.000000
11,947,0,,,,,,0.0000,0.563273,0.000000
11,948,0,,,,,,0.0000,0.542848,0.000000
11,949,0,,,,,,0.0000,0.546723,0.000000
11,950,0,,,,,,0.0000,0.570972,0.000000
11,951,0,,,,,,0.0000,0.575850,0.000000
11,952,0,,,,,,0.0000,0.553176,0.000000
11,953,0,,,,,,0.0000,0.521172,0.000000
11,954,0,,,,,,0.0000,0.570104,0.000000
11,955,0,,,,,,0.0000,0.604229,0.000000
11,956,0,,,,,,0.0000,0.571082,0.000000
11,957,0,,,,,,0.0000,0.536992,0.000000
11,958,0,,,,,,0.0000,0.546922,0.000000
11,959,0,,,,,,0.0000,0.569458,0.000000
11,960,0,,,,,,0.0000,0.608504,0.000000
11,961,0,,,,,,0.0000,0.566873,0.000000
11,962,0,,,,,,0.0000,0.525998,0.000000
11,963,0,,,,,,0.0000,0.560831,0.000000
11,964,0,,,,,,0.0000,0.614077,0.000000
11,965,0,,,,,,0.0000,0.581051,0.000000
11,966,0,,,,,,0.0000,0.559323,0.000000
11,967,0,,,,,,0.0000,0.533539,0.000000
11,968,0,,,,,,0.0000,0.560094,0.000000
11,969,0,,,,,,0.0000,0.574223,0.000000
11,970,0,,,,,,0.0000,0.569881,0.000000
11,971,0,,,,,,0.0000,0.581626,0.000000
11,972,0,,,,,,0.0000,0.557699,0.000000
11,973,0,,,,,,0.0000,0.550426,0.000000
11,974,0,,,,,,0.0000,0.564947,0.000000
11,975,0,,,,,,0.0000,0.560876,0.000000
11,976,0,,,,,,0.0000,0.552803,0.000000
11,977,0,,,,,,0.0000,0.557744,0.000000
11,978,0,,,,,,0.0000,0.551842,0.000000
11,979,0,,,,,,0.0000,0.560613,0.000000
11,980,0,,,,,,0.0000,0.576855,0.000000
11,981,0,,,,,,0.0000,0.581743,0.000000
11,982,0,,,,,,0.0000,0.547116,0.000000
11,983,0,,,,,,0.0000,0.542451,0.000000
11,984,0,,,,,,0.0000,0.561132,0.000000
11,985,0,,,,,,0.0000,0.572247,0.000000
11,986,0,,,,,,0.0000,0.573136,0.000000
11,987,0,,,,,,0.0000,0.563100,0.000000
11,988,0,,,,,,0.0000,0.562971,0.000000
11,989,0,,,,,,0.0000,0.571394,0.000000
11,990,0,,,,,,0.0000,0.567160,0.000000
11,991,0,,,,,,0.0000,0.580930,0.000000
11,992,0,,,,,,0.0000,0.551856,0.000000
11,993,0,,,,,,0.0000,0.542537,0.000000
11,994,0,,,,,,0.0000,0.556078,0.000000
11,995,0,,,,,,0.0000,0.570464,0.000000
11,996,0,,,,,,0.0000,0.543109,0.000000
11,997,0,,,,,,0.0000,0.559957,0.000000
11,998,0,,,,,,0.0000,0.568588,0.000000
11,999,0,,,,,,0.0000,0.559855,0.000000
11,1000,0,,,,,,0.0000,0.550080,0.000000
12,1,8,0.181187,0.144083,0.541152,0.074499,0.502007,19.0000,0.867888,0.582459
12,2,9,0.121062,0.079051,0.619165,0.093661,0.539351,8.0000,0.789748,0.701879
12,3,10,0.120771,0.076785,0.619972,0.096772,0.609533,3.0000,0.802257,0.703462
12,4,14,0.115870,0.078262,0.638141,0.057277,0.551791,10.0000,0.794738,0.733940
12,5,16,0.092956,0.075910,0.668969,0.034924,0.506037,9.0000,0.856174,0.773786
12,6,19,0.092799,0.077628,0.672213,0.036495,0.607899,13.0000,0.816652,0.780150
12,7,20,0.065132,0.062883,0.711773,0.035840,0.638755,10.0000,0.754517,0.816960
12,8,19,0.048694,0.053611,0.723167,0.035785,0.650090,8.0000,0.775716,0.839317
12,9,15,0.048260,0.042734,0.732382,0.054518,0.659494,12.0000,0.830542,0.856981
12,10,0,,,,,,0.0000,0.772472,0.000000
12,11,1,0.718976,0.129368,0.282129,0.000000,1.000000,1.0000,0.775224,0.167874
12,12,2,0.414748,0.058869,0.428375,0.000000,0.636508,2.0000,0.670352,0.404346
12,13,3,0.354214,0.033615,0.499824,0.311394,0.859127,6.0000,0.613017,0.526140
12,14,6,0.110998,0.059289,0.636006,0.208239,0.506641,10.0000,0.633357,0.733632
12,15,8,0.108085,0.049004,0.658883,0.207831,0.701532,7.0000,0.656124,0.780153
12,16,10,0.076946,0.055653,0.663006,0.116367,0.676700,5.0000,0.695662,0.788538
12,17,10,0.076946,0.055653,0.663006,0.116367,0.676700,5.0000,0.662456,0.788538
12,18,10,0.076946,0.055653,0.663006,0.116367,0.676700,1.0000,0.640390,0.788538
12,19,9,0.069263,0.043109,0.671794,0.111567,0.572557,5.0000,0.632173,0.801479
12,20,1,0.724019,0.200319,0.183252,0.000000,1.000000,2.0000,0.861955,0.040301
12,21,4,0.191020,0.067441,0.538450,0.431735,0.672850,5.0000,0.781458,0.624537
12,22,5,0.178291,0.060525,0.591048,0.052259,0.637406,6.0000,0.641861,0.664713
12,23,6,0.141436,0.092488,0.595036,0.095435,0.419991,3.0000,0.647267,0.672724
12,24,8,0.139937,0.113780,0.597500,0.098882,0.510222,6.0000,0.679604,0.677671
12,25,10,0.094563,0.084699,0.615417,0.097052,0.479404,6.0000,0.751031,0.713662
12,26,10,0.090940,0.076533,0.629170,0.119984,0.583911,8.0000,0.721144,0.741285
12,27,11,0.090793,0.072977,0.635964,0.106291,0.621831,8.0000,0.683364,0.754932
12,28,10,0.124360,0.070227,0.643274,0.108832,0.798928,4.0000,0.681509,0.769615
12,29,11,0.120692,0.069991,0.654907,0.080242,0.670045,3.0000,0.655063,0.792982
12,30,0,,,,,,0.0000,0.798719,0.000000
12,31,1,0.701475,0.176104,0.062525,0.000000,1.000000,1.0000,0.949881,0.042259
12,32,3,0.471026,0.093486,0.268979,0.183336,0.832386,4.0000,0.717407,0.365461
12,33,5,0.192306,0.081264,0.551617,0.182488,0.754230,7.0000,0.476224,0.667219
12,34,7,0.122211,0.091309,0.603843,0.160912,0.723078,2.0000,0.619192,0.773871
12,35,7,0.122211,0.091309,0.603843,0.160912,0.723078,4.0000,0.765193,0.773871
12,36,7,0.122211,0.091309,0.603843,0.160912,0.723078,5.0000,0.798539,0.773871
12,37,8,0.122481,0.085922,0.613084,0.167218,0.851069,5.0000,0.745996,0.792742
12,38,8,0.122481,0.085922,0.613084,0.167218,0.851069,2.0000,0.634095,0.792742
12,39,8,0.122481,0.085922,0.613084,0.167218,0.851069,2.0000,0.665165,0.792742
12,40,1,0.660651,0.179833,0.132876,0.000000,1.000000,1.0000,0.875813,0.026915
12,41,1,0.653262,0.120373,0.187807,0.000000,1.000000,1.0000,0.729801,0.102644
12,42,5,0.136769,0.092316,0.498536,0.179733,0.414285,8.0000,0.563691,0.601612
12,43,6,0.090624,0.050894,0.556894,0.049653,0.263900,6.0000,0.631365,0.711840
12,44,7,0.090388,0.047690,0.559046,0.121024,0.380937,1.0000,0.747543,0.716321
12,45,7,0.090388,0.047690,0.559046,0.121024,0.380937,3.0000,0.774808,0.716321
12,46,9,0.079578,0.042893,0.586946,0.129975,0.589319,4.0000,0.678640,0.755211
12,47,9,0.079578,0.042893,0.586946,0.129975,0.589319,2.0000,0.719717,0.755211
12,48,9,0.076522,0.037705,0.608837,0.115293,0.527381,11.0000,0.714244,0.794808
12,49,9,0.076522,0.037705,0.608837,0.115293,0.527381,1.0000,0.641918,0.794808
12,50,1,0.618814,0.080817,0.198465,0.000000,1.000000,1.0000,0.774251,0.145969
12,51,2,0.612541,0.110991,0.218234,0.000000,0.943746,1.0000,0.774531,0.157784
12,52,7,0.135121,0.073475,0.472173,0.188235,0.689611,7.0000,0.643326,0.642645
12,53,8,0.135211,0.077482,0.487892,0.112083,0.688961,5.0000,0.580229,0.675732
12,54,8,0.132174,0.073530,0.491865,0.113486,0.676504,3.0000,0.665436,0.683208
12,55,9,0.062327,0.050325,0.602792,0.100519,0.478310,7.0000,0.741771,0.816474
12,56,9,0.060914,0.036457,0.621270,0.100371,0.505717,3.0000,0.692653,0.855369
12,57,9,0.058792,0.030894,0.623522,0.097966,0.499401,2.0000,0.662400,0.860110
12,58,9,0.058792,0.030894,0.623522,0.097966,0.499401,4.0000,0.660740,0.860110
12,59,9,0.058792,0.030894,0.623522,0.097966,0.499401,5.0000,0.646830,0.860110
12,60,1,0.702132,0.161810,0.208695,0.000000,1.000000,1.0000,0.812433,0.126528
12,61,5,0.201326,0.126013,0.387057,0.139357,0.764489,4.0000,0.737463,0.454667
12,62,7,0.159093,0.119317,0.425939,0.068162,0.521318,3.0000,0.631583,0.517386
12,63,9,0.102539,0.097611,0.505928,0.078301,0.558665,4.0000,0.633947,0.687090
12,64,10,0.099771,0.090265,0.519434,0.060184,0.541717,7.0000,0.707755,0.712060
12,65,9,0.088592,0.069926,0.547601,0.058513,0.544327,2.0000,0.715362,0.771819
12,66,9,0.088592,0.069926,0.547601,0.058513,0.544327,5.0000,0.696950,0.771819
12,67,11,0.058522,0.041605,0.608824,0.050597,0.536262,8.0000,0.659137,0.863785
12,68,11,0.058522,0.041605,0.608824,0.050597,0.536262,2.0000,0.661127,0.863785
12,69,12,0.058522,0.049969,0.611241,0.047518,0.488261,3.0000,0.754269,0.868913
12,70,1,0.743849,0.012588,0.190034,0.000000,1.000000,1.0000,0.853929,0.308398
12,71,2,0.322461,0.072579,0.359456,0.000000,0.259258,2.0000,0.653410,0.444202
12,72,3,0.240007,0.066891,0.465820,0.500042,0.625109,5.0000,0.597964,0.641152
12,73,6,0.140971,0.065249,0.505420,0.169755,0.662191,5.0000,0.642488,0.727619
12,74,8,0.134848,0.057611,0.519677,0.109035,0.760143,4.0000,0.736171,0.758752
12,75,8,0.134848,0.057611,0.519677,0.109035,0.760143,2.0000,0.786647,0.758752
12,76,8,0.134848,0.057611,0.519677,0.109035,0.760143,3.0000,0.745592,0.758752
12,77,9,0.134829,0.054377,0.519948,0.115673,0.845520,3.0000,0.675672,0.759341
12,78,11,0.132743,0.054373,0.521609,0.055787,0.768118,6.0000,0.678356,0.762969
12,79,11,0.132743,0.054373,0.521609,0.055787,0.768118,4.0000,0.756843,0.762969
12,80,0,,,,,,0.0000,0.880015,0.000000
12,81,0,,,,,,0.0000,0.882231,0.000000
12,82,0,,,,,,0.0000,0.717037,0.000000
12,83,0,,,,,,0.0000,0.658252,0.000000
12,84,0,,,,,,0.0000,0.820524,0.000000
12,85,0,,,,,,0.0000,0.857285,0.000000
12,86,0,,,,,,0.0000,0.798930,0.000000
12,87,0,,,,,,0.0000,0.729498,0.000000
12,88,0,,,,,,0.0000,0.698568,0.000000
12,89,0,,,,,,0.0000,0.830498,0.000000
12,90,0,,,,,,0.0000,0.837862,0.000000
12,91,0,,,,,,0.0000,0.739785,0.000000
12,92,0,,,,,,0.0000,0.795410,0.000000
12,93,0,,,,,,0.0000,0.820038,0.000000
12,94,0,,,,,,0.0000,0.764684,0.000000
12,95,0,,,,,,0.0000,0.734620,0.000000
12,96,0,,,,,,0.0000,0.763075,0.000000
12,97,0,,,,,,0.0000,0.777989,0.000000
12,98,0,,,,,,0.0000,0.814065,0.000000
12,99,0,,,,,,0.0000,0.784503,0.000000
12,100,0,,,,,,0.0000,0.799863,0.000000
12,101,0,,,,,,0.0000,0.837189,0.000000
12,102,0,,,,,,0.0000,0.793018,0.000000
12,103,0,,,,,,0.0000,0.768618,0.000000
12,104,0,,,,,,0.0000,0.760887,0.000000
12,105,0,,,,,,0.0000,0.799346,0.000000
12,106,0,,,,,,0.0000,0.766875,0.000000
12,107,0,,,,,,0.0000,0.786509,0.000000
12,108,0,,,,,,0.0000,0.781469,0.000000
12,109,0,,,,,,0.0000,0.841327,0.000000
12,110,0,,,,,,0.0000,0.810161,0.000000
12,111,0,,,,,,0.0000,0.725338,0.000000
12,112,0,,,,,,0.0000,0.754889,0.000000
12,113,0,,,,,,0.0000,0.812973,0.000000
12,114,0,,,,,,0.0000,0.812855,0.000000
12,115,0,,,,,,0.0000,0.818632,0.000000
12,116,0,,,,,,0.0000,0.826761,0.000000
12,117,0,,,,,,0.0000,0.794933,0.000000
12,118,0,,,,,,0.0000,0.714886,0.000000
12,119,0,,,,,,0.0000,0.714537,0.000000
12,120,0,,,,,,0.0000,0.813513,0.000000
12,121,0,,,,,,0.0000,0.802600,0.000000
12,122,0,,,,,,0.0000,0.756539,0.000000
12,123,0,,,,,,0.0000,0.768916,0.000000
12,124,0,,,,,,0.0000,0.721883,0.000000
12,125,0,,,,,,0.0000,0.802618,0.000000
12,126,0,,,,,,0.0000,0.803692,0.000000
12,127,0,,,,,,0.0000,0.753868,0.000000
12,128,0,,,,,,0.0000,0.740645,0.000000
12,129,0,,,,,,0.0000,0.764655,0.000000
12,130,0,,,,,,0.0000,0.775078,0.000000
12,131,0,,,,,,0.0000,0.795040,0.000000
12,132,0,,,,,,0.0000,0.772167,0.000000
12,133,0,,,,,,0.0000,0.787339,0.000000
12,134,0,,,,,,0.0000,0.715829,0.000000
12,135,0,,,,,,0.0000,0.778218,0.000000
12,136,0,,,,,,0.0000,0.813892,0.000000
12,137,0,,,,,,0.0000,0.753362,0.000000
12,138,0,,,,,,0.0000,0.742045,0.000000
12,139,0,,,,,,0.0000,0.803354,0.000000
12,140,0,,,,,,0.0000,0.763449,0.000000
12,141,0,,,,,,0.0000,0.716827,0.000000
12,142,0,,,,,,0.0000,0.815115,0.000000
12,143,0,,,,,,0.0000,0.788498,0.000000
12,144,0,,,,,,0.0000,0.776928,0.000000
12,145,0,,,,,,0.0000,0.743973,0.000000
12,146,0,,,,,,0.0000,0.751170,0.000000
12,147,0,,,,,,0.0000,0.802143,0.000000
12,148,0,,,,,,0.0000,0.793684,0.000000
12,149,0,,,,,,0.0000,0.736402,0.000000
12,150,0,,,,,,0.0000,0.802811,0.000000
12,151,0,,,,,,0.0000,0.820434,0.000000
12,152,0,,,,,,0.0000,0.771727,0.000000
12,153,0,,,,,,0.0000,0.737523,0.000000
12,154,0,,,,,,0.0000,0.750022,0.000000
12,155,0,,,,,,0.0000,0.762459,0.000000
12,156,0,,,,,,0.0000,0.803955,0.000000
12,157,0,,,,,,0.0000,0.770176,0.000000
12,158,0,,,,,,0.0000,0.736815,0.000000
12,159,0,,,,,,0.0000,0.779112,0.000000
12,160,0,,,,,,0.0000,0.760483,0.000000
12,161,0,,,,,,0.0000,0.817341,0.000000
12,162,0,,,,,,0.0000,0.764841,0.000000
12,163,0,,,,,,0.0000,0.741004,0.000000
12,164,0,,,,,,0.0000,0.797614,0.000000
12,165,0,,,,,,0.0000,0.809305,0.000000
12,166,0,,,,,,0.0000,0.766395,0.000000
12,167,0,,,,,,0.0000,0.765937,0.000000
12,168,0,,,,,,0.0000,0.807593,0.000000
12,169,0,,,,,,0.0000,0.780583,0.000000
12,170,0,,,,,,0.0000,0.737498,0.000000
12,171,0,,,,,,0.0000,0.724409,0.000000
12,172,0,,,,,,0.0000,0.771326,0.000000
12,173,0,,,,,,0.0000,0.759954,0.000000
12,174,0,,,,,,0.0000,0.722728,0.000000
12,175,0,,,,,,0.0000,0.734954,0.000000
12,176,0,,,,,,0.0000,0.819877,0.000000
12,177,0,,,,,,0.0000,0.783545,0.000000
12,178,0,,,,,,0.0000,0.762510,0.000000
12,179,0,,,,,,0.0000,0.713271,0.000000
12,180,0,,,,,,0.0000,0.753742,0.000000
12,181,0,,,,,,0.0000,0.798240,0.000000
12,182,0,,,,,,0.0000,0.774290,0.000000
12,183,0,,,,,,0.0000,0.780982,0.000000
12,184,0,,,,,,0.0000,0.725221,0.000000
12,185,0,,,,,,0.0000,0.722453,0.000000
12,186,0,,,,,,0.0000,0.776302,0.000000
12,187,0,,,,,,0.0000,0.799729,0.000000
12,188,0,,,,,,0.0000,0.719973,0.000000
12,189,0,,,,,,0.0000,0.704007,0.000000
12,190,0,,,,,,0.0000,0.749826,0.000000
12,191,0,,,,,,0.0000,0.791244,0.000000
12,192,0,,,,,,0.0000,0.840553,0.000000
12,193,0,,,,,,0.0000,0.808055,0.000000
12,194,0,,,,,,0.0000,0.770522,0.000000
12,195,0,,,,,,0.0000,0.773557,0.000000
12,196,0,,,,,,0.0000,0.782584,0.000000
12,197,0,,,,,,0.0000,0.779924,0.000000
12,198,0,,,,,,0.0000,0.730217,0.000000
12,199,0,,,,,,0.0000,0.789529,0.000000
12,200,0,,,,,,0.0000,0.771850,0.000000
12,201,0,,,,,,0.0000,0.767413,0.000000
12,202,0,,,,,,0.0000,0.720898,0.000000
12,203,0,,,,,,0.0000,0.794138,0.000000
12,204,0,,,,,,0.0000,0.836115,0.000000
12,205,0,,,,,,0.0000,0.771029,0.000000
12,206,0,,,,,,0.0000,0.734024,0.000000
12,207,0,,,,,,0.0000,0.762270,0.000000
12,208,0,,,,,,0.0000,0.810763,0.000000
12,209,0,,,,,,0.0000,0.778253,0.000000
12,210,0,,,,,,0.0000,0.749803,0.000000
12,211,0,,,,,,0.0000,0.763565,0.000000
12,212,0,,,,,,0.0000,0.786546,0.000000
12,213,0,,,,,,0.0000,0.779910,0.000000
12,214,0,,,,,,0.0000,0.779640,0.000000
12,215,0,,,,,,0.0000,0.736324,0.000000
12,216,0,,,,,,0.0000,0.820591,0.000000
12,217,0,,,,,,0.0000,0.813327,0.000000
12,218,0,,,,,,0.0000,0.755301,0.000000
12,219,0,,,,,,0.0000,0.732291,0.000000
12,220,0,,,,,,0.0000,0.815720,0.000000
12,221,0,,,,,,0.0000,0.772152,0.000000
12,222,0,,,,,,0.0000,0.766252,0.000000
12,223,0,,,,,,0.0000,0.764895,0.000000
12,224,0,,,,,,0.0000,0.790644,0.000000
12,225,0,,,,,,0.0000,0.756459,0.000000
12,226,0,,,,,,0.0000,0.757885,0.000000
12,227,0,,,,,,0.0000,0.746218,0.000000
12,228,0,,,,,,0.0000,0.787724,0.000000
12,229,0,,,,,,0.0000,0.780457,0.000000
12,230,0,,,,,,0.0000,0.754522,0.000000
12,231,0,,,,,,0.0000,0.735150,0.000000
12,232,0,,,,,,0.0000,0.789809,0.000000
12,233,0,,,,,,0.0000,0.794749,0.000000
12,234,0,,,,,,0.0000,0.809910,0.000000
12,235,0,,,,,,0.0000,0.746106,0.000000
12,236,0,,,,,,0.0000,0.741556,0.000000
12,237,0,,,,,,0.0000,0.766201,0.000000
12,238,0,,,,,,0.0000,0.767246,0.000000
12,239,0,,,,,,0.0000,0.790605,0.000000
12,240,1,0.856178,0.001020,0.278013,0.000000,1.000000,1.0000,0.786376,0.209255
12,241,5,0.195736,0.083936,0.715605,0.371029,0.760890,8.0000,0.535227,0.577058
12,242,8,0.129994,0.080992,0.807251,0.177968,0.631379,12.0000,0.577689,0.743951
12,243,8,0.088984,0.050589,0.846896,0.157442,0.576585,7.0000,0.682804,0.820959
12,244,9,0.086373,0.048502,0.847796,0.116394,0.668163,7.0000,0.722184,0.822706
12,245,9,0.084038,0.038350,0.850009,0.122855,0.676529,7.0000,0.686810,0.827005
12,246,10,0.076779,0.027003,0.864883,0.103199,0.759148,4.0000,0.640171,0.855897
12,247,11,0.076779,0.032930,0.864888,0.097943,0.798360,5.0000,0.694984,0.855906
12,248,14,0.053208,0.046023,0.866218,0.057112,0.670053,4.0000,0.632200,0.858490
12,249,14,0.049926,0.041307,0.871920,0.044542,0.713986,9.0000,0.611589,0.869565
12,250,2,0.341794,0.037516,0.602538,0.000000,0.447013,3.0000,0.883976,0.443957
12,251,6,0.152016,0.028964,0.787517,0.235917,0.859131,8.0000,0.791419,0.662303
12,252,7,0.161356,0.024115,0.829588,0.143272,0.859864,10.0000,0.618844,0.745942
12,253,10,0.101973,0.022132,0.842501,0.104706,0.883269,10.0000,0.692423,0.771613
12,254,11,0.101884,0.021547,0.849058,0.102538,0.934785,10.0000,0.762630,0.784649
12,255,12,0.101590,0.020733,0.849306,0.099484,0.985952,5.0000,0.677162,0.785141
12,256,13,0.070636,0.029738,0.865455,0.101698,0.743367,10.0000,0.655163,0.817246
12,257,13,0.070636,0.029738,0.865455,0.101698,0.743367,9.0000,0.642087,0.817246
12,258,14,0.092606,0.032663,0.897316,0.072959,0.766621,13.0000,0.639190,0.880586
12,259,14,0.092445,0.032064,0.897823,0.072963,0.768694,9.0000,0.695836,0.881595
12,260,1,0.816110,0.160844,0.142762,0.000000,1.000000,1.0000,0.823007,0.000000
12,261,2,0.345343,0.058508,0.584686,0.000000,0.095509,2.0000,0.675609,0.269844
12,262,6,0.124205,0.075535,0.801328,0.202677,0.335930,12.0000,0.658921,0.647351
12,263,8,0.107134,0.049143,0.870922,0.145953,0.555100,8.0000,0.690864,0.787568
12,264,9,0.081127,0.057031,0.875961,0.124677,0.450333,10.0000,0.729052,0.797828
12,265,9,0.073861,0.047341,0.888139,0.122248,0.565804,8.0000,0.688256,0.822622
12,266,9,0.073861,0.047341,0.888139,0.122248,0.565804,8.0000,0.675205,0.822622
12,267,10,0.073808,0.047143,0.888253,0.123236,0.649956,7.0000,0.653191,0.822855
12,268,10,0.073808,0.047143,0.888253,0.123236,0.649956,5.0000,0.712938,0.822855
12,269,12,0.068639,0.043593,0.892727,0.095946,0.739474,11.0000,0.697258,0.831963
12,270,2,0.362769,0.018794,0.663818,0.000000,0.021817,5.0000,0.828138,0.338062
12,271,4,0.148577,0.055987,0.765347,0.061521,0.145485,3.0000,0.710718,0.546094
12,272,6,0.154675,0.063648,0.813847,0.188499,0.744813,5.0000,0.590390,0.645472
12,273,7,0.155241,0.077649,0.819622,0.135557,0.750975,7.0000,0.651210,0.657303
12,274,7,0.146569,0.052010,0.845615,0.099690,0.736947,8.0000,0.754261,0.710564
12,275,8,0.144816,0.048914,0.846931,0.087570,0.831691,8.0000,0.683499,0.713260
12,276,8,0.144816,0.048914,0.846931,0.087570,0.831691,9.0000,0.656061,0.713260
12,277,10,0.112789,0.087681,0.847482,0.129027,0.660125,4.0000,0.636712,0.714388
12,278,12,0.112664,0.090825,0.847703,0.127175,0.765456,11.0000,0.681321,0.714842
12,279,13,0.097399,0.085735,0.866945,0.079800,0.585936,11.0000,0.708779,0.754269
12,280,4,0.259384,0.029347,0.770442,0.101458,0.968887,6.0000,0.854148,0.540821
12,281,7,0.136353,0.032152,0.832518,0.100019,0.710712,7.0000,0.631557,0.660463
12,282,10,0.087783,0.044280,0.883065,0.108916,0.583151,13.0000,0.624900,0.765096
12,283,11,0.090524,0.039742,0.898148,0.060341,0.649489,15.0000,0.665703,0.796318
12,284,11,0.085291,0.041369,0.902575,0.062735,0.630203,8.0000,0.735827,0.805482
12,285,11,0.085291,0.041369,0.902575,0.062735,0.630203,9.0000,0.669291,0.805482
12,286,12,0.086390,0.046260,0.909016,0.078792,0.674266,8.0000,0.665475,0.818815
12,287,13,0.071569,0.053250,0.914590,0.070280,0.588971,8.0000,0.633303,0.830353
12,288,13,0.066551,0.049275,0.936498,0.070622,0.608312,9.0000,0.690494,0.875703
12,289,13,0.063807,0.046372,0.938262,0.070502,0.631531,10.0000,0.717773,0.879356
12,290,2,0.439733,0.062374,0.470979,0.000000,0.566235,6.0000,0.786230,0.368966
12,291,4,0.158975,0.119242,0.775678,0.161383,0.236541,10.0000,0.634938,0.521696
12,292,6,0.101578,0.056198,0.881532,0.129766,0.278907,11.0000,0.615794,0.744650
12,293,8,0.096387,0.061359,0.893833,0.123822,0.485963,12.0000,0.662736,0.770558
12,294,11,0.091058,0.079407,0.896930,0.089297,0.565298,14.0000,0.736027,0.777080
12,295,12,0.089542,0.078890,0.901003,0.087469,0.593642,10.0000,0.717250,0.785659
12,296,11,0.084161,0.075512,0.908115,0.087016,0.539731,10.0000,0.656758,0.800640
12,297,11,0.079270,0.072659,0.913182,0.085778,0.541020,8.0000,0.553764,0.811312
12,298,12,0.062289,0.051791,0.919293,0.074867,0.449090,9.0000,0.734841,0.824183
12,299,13,0.061706,0.054830,0.930660,0.061138,0.453363,11.0000,0.710176,0.848125
12,300,2,0.348402,0.019207,0.679806,0.000000,0.027229,4.0000,0.788206,0.321962
12,301,5,0.151068,0.069752,0.784490,0.324903,0.706724,10.0000,0.712764,0.537205
12,302,8,0.131700,0.060983,0.861685,0.112937,0.791087,10.0000,0.648590,0.698879
12,303,13,0.100959,0.062687,0.913345,0.073690,0.820903,19.0000,0.610655,0.807074
12,304,16,0.058857,0.057455,0.930806,0.084113,0.748823,14.0000,0.692866,0.843643
12,305,18,0.058696,0.058798,0.934339,0.079091,0.808876,11.0000,0.708142,0.851043
12,306,19,0.058159,0.057567,0.934742,0.076888,0.816534,8.0000,0.574549,0.851887
12,307,19,0.056334,0.052610,0.945055,0.039994,0.752472,10.0000,0.642863,0.873486
12,308,19,0.053561,0.049931,0.948703,0.037422,0.771699,9.0000,0.711702,0.881126
12,309,18,0.044352,0.033348,0.953042,0.044669,0.770964,12.0000,0.782679,0.890213
12,310,2,0.352593,0.013855,0.697985,0.000000,0.018436,3.0000,0.837531,0.362619
12,311,4,0.182043,0.053677,0.792563,0.410813,0.624328,7.0000,0.656042,0.557258
12,312,6,0.117112,0.051463,0.850875,0.271816,0.664633,7.0000,0.578546,0.680077
12,313,10,0.081951,0.056503,0.880221,0.100347,0.486272,8.0000,0.646919,0.741889
12,314,11,0.081128,0.059604,0.885166,0.096967,0.583545,8.0000,0.732452,0.752303
12,315,11,0.076004,0.068818,0.894229,0.079280,0.512589,10.0000,0.776289,0.771392
12,316,13,0.071724,0.069528,0.916736,0.056226,0.492290,13.0000,0.667161,0.818798
12,317,14,0.070691,0.067184,0.917229,0.053560,0.556422,6.0000,0.622308,0.819837
12,318,14,0.069873,0.059594,0.922313,0.044435,0.653785,14.0000,0.655707,0.830545
12,319,15,0.069578,0.060720,0.928780,0.040998,0.634441,9.0000,0.679306,0.844166
12,320,2,0.356639,0.014961,0.680122,0.000000,0.019060,6.0000,0.845278,0.345000
12,321,3,0.283940,0.038984,0.752597,0.811605,0.710313,12.0000,0.664578,0.495024
12,322,6,0.150480,0.033382,0.859987,0.104888,0.664979,10.0000,0.590556,0.717324
12,323,9,0.137051,0.036423,0.888803,0.080289,0.756940,14.0000,0.679201,0.776975
12,324,10,0.136623,0.037841,0.890094,0.078057,0.839713,11.0000,0.764270,0.779647
12,325,10,0.136623,0.036538,0.890672,0.080854,0.844605,9.0000,0.723095,0.780844
12,326,11,0.136623,0.034870,0.890892,0.086131,0.910114,10.0000,0.643443,0.781299
12,327,12,0.114263,0.032526,0.912945,0.071501,0.800537,10.0000,0.644916,0.826948
12,328,13,0.103290,0.032800,0.916300,0.066047,0.736494,10.0000,0.676755,0.833894
12,329,13,0.105460,0.030832,0.925309,0.065931,0.745089,11.0000,0.722726,0.852543
12,330,3,0.176785,0.025920,0.740437,0.024002,0.033451,4.0000,0.849842,0.495915
12,331,5,0.162553,0.065592,0.747159,0.290105,0.595462,4.0000,0.699303,0.509688
12,332,5,0.155936,0.058292,0.780038,0.250726,0.549756,5.0000,0.635306,0.577056
12,333,6,0.150811,0.026367,0.858231,0.170361,0.823097,7.0000,0.670685,0.737274
12,334,8,0.103031,0.029086,0.872626,0.057346,0.740025,8.0000,0.730872,0.766769
12,335,10,0.082544,0.035355,0.886225,0.120905,0.644306,10.0000,0.738164,0.793774
12,336,11,0.082260,0.045819,0.889147,0.062249,0.662036,9.0000,0.643217,0.799761
12,337,13,0.064543,0.043096,0.908830,0.059728,0.667595,11.0000,0.664332,0.840090
12,338,14,0.062525,0.041860,0.909252,0.047876,0.689914,12.0000,0.709525,0.840957
12,339,15,0.061929,0.040460,0.910430,0.047140,0.731840,10.0000,0.772810,0.843370
12,340,1,0.730381,0.123767,0.250665,0.000000,1.000000,1.0000,0.878486,0.144924
12,341,2,0.359517,0.025309,0.636528,0.000000,0.041069,3.0000,0.689307,0.338277
12,342,4,0.286336,0.055472,0.670726,0.774232,1.028203,11.0000,0.593195,0.407905
12,343,5,0.200601,0.111421,0.711922,0.277540,0.742774,7.0000,0.644812,0.463840
12,344,7,0.157295,0.126182,0.778076,0.195280,0.730336,9.0000,0.718690,0.598531
12,345,9,0.128289,0.119049,0.807058,0.171669,0.677672,9.0000,0.752902,0.657540
12,346,9,0.096722,0.066356,0.849025,0.187477,0.627592,7.0000,0.679356,0.742984
12,347,11,0.072675,0.065473,0.893517,0.061168,0.508853,8.0000,0.671890,0.833571
12,348,11,0.072675,0.065473,0.893517,0.061168,0.508853,5.0000,0.716587,0.833571
12,349,11,0.072675,0.065473,0.893517,0.061168,0.508853,6.0000,0.715261,0.833571
12,350,2,0.767817,0.027748,0.326323,0.000000,0.928097,2.0000,0.862712,0.258700
12,351,3,0.422334,0.128374,0.418087,0.509361,0.877908,2.0000,0.664497,0.332475
12,352,6,0.110394,0.070086,0.736997,0.186898,0.492767,11.0000,0.576466,0.652334
12,353,9,0.063993,0.032727,0.888844,0.098766,0.481597,13.0000,0.634608,0.863744
12,354,11,0.063417,0.030289,0.893548,0.110311,0.652108,10.0000,0.738386,0.873095
12,355,12,0.050039,0.028800,0.904416,0.064397,0.615689,5.0000,0.743397,0.894702
12,356,12,0.049728,0.028174,0.905044,0.065647,0.624879,7.0000,0.646166,0.895949
12,357,13,0.047299,0.027480,0.905862,0.055678,0.673174,5.0000,0.627402,0.897575
12,358,13,0.047299,0.027480,0.905862,0.055678,0.673174,9.0000,0.630948,0.897575
12,359,14,0.047299,0.041964,0.906117,0.032253,0.668508,6.0000,0.621853,0.898084
12,360,1,0.664078,0.117002,0.299317,0.000000,1.000000,1.0000,0.839042,0.272022
12,361,6,0.146035,0.084599,0.681919,0.160109,0.495027,9.0000,0.738897,0.600025
12,362,7,0.144236,0.056587,0.760869,0.191318,0.732648,8.0000,0.631564,0.705050
12,363,7,0.110520,0.028388,0.784641,0.197824,0.716104,7.0000,0.658289,0.751227
12,364,9,0.109077,0.033167,0.795285,0.120404,0.789156,7.0000,0.703516,0.762184
12,365,11,0.108524,0.032635,0.796644,0.112027,0.926617,7.0000,0.702381,0.764824
12,366,12,0.097299,0.035413,0.813715,0.042104,0.883157,10.0000,0.704916,0.797984
12,367,13,0.057569,0.029095,0.857004,0.098920,0.873163,11.0000,0.707804,0.882068
12,368,14,0.056885,0.030560,0.868566,0.095617,0.884225,6.0000,0.630173,0.886471
12,369,15,0.056101,0.031335,0.868893,0.092144,0.885311,5.0000,0.698668,0.887106
12,370,1,0.705281,0.155529,0.215762,0.000000,1.000000,2.0000,0.843661,0.170505
12,371,5,0.157125,0.113423,0.642137,0.185220,0.664180,6.0000,0.694192,0.602554
12,372,9,0.097628,0.083166,0.738327,0.053731,0.465924,14.0000,0.597406,0.706881
12,373,11,0.095392,0.076990,0.740914,0.069802,0.543934,8.0000,0.655688,0.709694
12,374,10,0.110801,0.051992,0.763062,0.069040,0.735485,7.0000,0.707350,0.752370
12,375,12,0.053245,0.047965,0.796273,0.093896,0.679119,7.0000,0.687447,0.816362
12,376,13,0.052533,0.046214,0.798224,0.085865,0.655757,3.0000,0.630653,0.820121
12,377,14,0.052533,0.054510,0.800373,0.075248,0.645099,6.0000,0.629453,0.824261
12,378,16,0.050514,0.053980,0.809680,0.050456,0.609216,8.0000,0.654929,0.842195
12,379,19,0.050480,0.055778,0.811240,0.048823,0.675142,9.0000,0.694017,0.843571
12,380,0,,,,,,0.0000,0.882377,0.000000
12,381,0,,,,,,0.0000,0.825691,0.000000
12,382,0,,,,,,0.0000,0.749106,0.000000
12,383,0,,,,,,0.0000,0.784249,0.000000
12,384,0,,,,,,0.0000,0.830595,0.000000
12,385,0,,,,,,0.0000,0.796957,0.000000
12,386,0,,,,,,0.0000,0.807795,0.000000
12,387,0,,,,,,0.0000,0.720670,0.000000
12,388,0,,,,,,0.0000,0.832620,0.000000
12,389,0,,,,,,0.0000,0.834254,0.000000
12,390,0,,,,,,0.0000,0.769835,0.000000
12,391,0,,,,,,0.0000,0.736827,0.000000
12,392,0,,,,,,0.0000,0.788924,0.000000
12,393,0,,,,,,0.0000,0.736041,0.000000
12,394,0,,,,,,0.0000,0.754544,0.000000
12,395,0,,,,,,0.0000,0.842370,0.000000
12,396,0,,,,,,0.0000,0.848102,0.000000
12,397,0,,,,,,0.0000,0.747455,0.000000
12,398,0,,,,,,0.0000,0.721269,0.000000
12,399,0,,,,,,0.0000,0.780741,0.000000
12,400,0,,,,,,0.0000,0.788840,0.000000
12,401,0,,,,,,0.0000,0.765121,0.000000
12,402,0,,,,,,0.0000,0.726474,0.000000
12,403,0,,,,,,0.0000,0.761899,0.000000
12,404,0,,,,,,0.0000,0.793247,0.000000
12,405,0,,,,,,0.0000,0.784507,0.000000
12,406,0,,,,,,0.0000,0.760673,0.000000
12,407,0,,,,,,0.0000,0.746984,0.000000
12,408,0,,,,,,0.0000,0.777647,0.000000
12,409,0,,,,,,0.0000,0.792512,0.000000
12,410,0,,,,,,0.0000,0.783363,0.000000
12,411,0,,,,,,0.0000,0.778648,0.000000
12,412,0,,,,,,0.0000,0.722610,0.000000
12,413,0,,,,,,0.0000,0.769912,0.000000
12,414,0,,,,,,0.0000,0.810212,0.000000
12,415,0,,,,,,0.0000,0.802690,0.000000
12,416,0,,,,,,0.0000,0.732849,0.000000
12,417,0,,,,,,0.0000,0.755705,0.000000
12,418,0,,,,,,0.0000,0.832517,0.000000
12,419,0,,,,,,0.0000,0.813728,0.000000
12,420,0,,,,,,0.0000,0.751748,0.000000
12,421,0,,,,,,0.0000,0.775097,0.000000
12,422,0,,,,,,0.0000,0.793036,0.000000
12,423,0,,,,,,0.0000,0.784180,0.000000
12,424,0,,,,,,0.0000,0.751672,0.000000
12,425,0,,,,,,0.0000,0.781860,0.000000
12,426,0,,,,,,0.0000,0.766471,0.000000
12,427,0,,,,,,0.0000,0.761550,0.000000
12,428,0,,,,,,0.0000,0.767114,0.000000
12,429,0,,,,,,0.0000,0.796571,0.000000
12,430,0,,,,,,0.0000,0.761212,0.000000
12,431,0,,,,,,0.0000,0.814704,0.000000
12,432,0,,,,,,0.0000,0.752486,0.000000
12,433,0,,,,,,0.0000,0.745799,0.000000
12,434,0,,,,,,0.0000,0.753600,0.000000
12,435,0,,,,,,0.0000,0.761086,0.000000
12,436,0,,,,,,0.0000,0.812700,0.000000
12,437,0,,,,,,0.0000,0.809573,0.000000
12,438,0,,,,,,0.0000,0.734162,0.000000
12,439,0,,,,,,0.0000,0.733221,0.000000
12,440,0,,,,,,0.0000,0.764145,0.000000
12,441,0,,,,,,0.0000,0.836753,0.000000
12,442,0,,,,,,0.0000,0.781041,0.000000
12,443,0,,,,,,0.0000,0.742358,0.000000
12,444,0,,,,,,0.0000,0.792567,0.000000
12,445,0,,,,,,0.0000,0.787858,0.000000
12,446,0,,,,,,0.0000,0.741353,0.000000
12,447,0,,,,,,0.0000,0.784244,0.000000
12,448,0,,,,,,0.0000,0.838702,0.000000
12,449,0,,,,,,0.0000,0.800633,0.000000
12,450,0,,,,,,0.0000,0.715540,0.000000
12,451,0,,,,,,0.0000,0.749996,0.000000
12,452,0,,,,,,0.0000,0.771532,0.000000
12,453,0,,,,,,0.0000,0.801130,0.000000
12,454,0,,,,,,0.0000,0.784540,0.000000
12,455,0,,,,,,0.0000,0.741583,0.000000
12,456,0,,,,,,0.0000,0.757074,0.000000
12,457,0,,,,,,0.0000,0.844289,0.000000
12,458,0,,,,,,0.0000,0.746452,0.000000
12,459,0,,,,,,0.0000,0.730149,0.000000
12,460,0,,,,,,0.0000,0.762095,0.000000
12,461,0,,,,,,0.0000,0.822421,0.000000
12,462,0,,,,,,0.0000,0.772913,0.000000
12,463,0,,,,,,0.0000,0.749867,0.000000
12,464,0,,,,,,0.0000,0.786044,0.000000
12,465,0,,,,,,0.0000,0.751893,0.000000
12,466,0,,,,,,0.0000,0.707699,0.000000
12,467,0,,,,,,0.0000,0.775179,0.000000
12,468,0,,,,,,0.0000,0.799944,0.000000
12,469,0,,,,,,0.0000,0.773374,0.000000
12,470,0,,,,,,0.0000,0.703321,0.000000
12,471,0,,,,,,0.0000,0.670471,0.000000
12,472,0,,,,,,0.0000,0.812429,0.000000
12,473,0,,,,,,0.0000,0.816924,0.000000
12,474,0,,,,,,0.0000,0.743934,0.000000
12,475,0,,,,,,0.0000,0.751369,0.000000
12,476,0,,,,,,0.0000,0.748472,0.000000
12,477,0,,,,,,0.0000,0.732832,0.000000
12,478,0,,,,,,0.0000,0.754689,0.000000
12,479,0,,,,,,0.0000,0.803862,0.000000
12,480,0,,,,,,0.0000,0.765533,0.000000
12,481,0,,,,,,0.0000,0.749880,0.000000
12,482,0,,,,,,0.0000,0.798532,0.000000
12,483,0,,,,,,0.0000,0.811505,0.000000
12,484,0,,,,,,0.0000,0.785594,0.000000
12,485,0,,,,,,0.0000,0.715500,0.000000
12,486,0,,,,,,0.0000,0.746363,0.000000
12,487,0,,,,,,0.0000,0.798568,0.000000
12,488,0,,,,,,0.0000,0.807179,0.000000
12,489,0,,,,,,0.0000,0.730910,0.000000
12,490,0,,,,,,0.0000,0.727183,0.000000
12,491,0,,,,,,0.0000,0.773822,0.000000
12,492,0,,,,,,0.0000,0.800425,0.000000
12,493,0,,,,,,0.0000,0.787146,0.000000
12,494,0,,,,,,0.0000,0.724446,0.000000
12,495,0,,,,,,0.0000,0.734562,0.000000
12,496,0,,,,,,0.0000,0.809095,0.000000
12,497,0,,,,,,0.0000,0.807434,0.000000
12,498,0,,,,,,0.0000,0.796468,0.000000
12,499,0,,,,,,0.0000,0.791370,0.000000
12,500,0,,,,,,0.0000,0.726872,0.000000
12,501,0,,,,,,0.0000,0.740855,0.000000
12,502,0,,,,,,0.0000,0.770523,0.000000
12,503,0,,,,,,0.0000,0.802420,0.000000
12,504,0,,,,,,0.0000,0.775290,0.000000
12,505,0,,,,,,0.0000,0.780369,0.000000
12,506,0,,,,,,0.0000,0.754855,0.000000
12,507,0,,,,,,0.0000,0.816692,0.000000
12,508,0,,,,,,0.0000,0.829010,0.000000
12,509,0,,,,,,0.0000,0.753257,0.000000
12,510,0,,,,,,0.0000,0.717271,0.000000
12,511,0,,,,,,0.0000,0.782431,0.000000
12,512,0,,,,,,0.0000,0.799949,0.000000
12,513,0,,,,,,0.0000,0.790094,0.000000
12,514,0,,,,,,0.0000,0.727702,0.000000
12,515,0,,,,,,0.0000,0.721665,0.000000
12,516,0,,,,,,0.0000,0.769630,0.000000
12,517,0,,,,,,0.0000,0.778126,0.000000
12,518,0,,,,,,0.0000,0.776319,0.000000
12,519,0,,,,,,0.0000,0.752898,0.000000
12,520,0,,,,,,0.0000,0.786312,0.000000
12,521,0,,,,,,0.0000,0.767799,0.000000
12,522,0,,,,,,0.0000,0.815572,0.000000
12,523,0,,,,,,0.0000,0.781016,0.000000
12,524,0,,,,,,0.0000,0.768939,0.000000
12,525,0,,,,,,0.0000,0.769634,0.000000
12,526,0,,,,,,0.0000,0.743560,0.000000
12,527,0,,,,,,0.0000,0.826014,0.000000
12,528,0,,,,,,0.0000,0.858841,0.000000
12,529,0,,,,,,0.0000,0.808024,0.000000
12,530,0,,,,,,0.0000,0.744702,0.000000
12,531,0,,,,,,0.0000,0.749573,0.000000
12,532,0,,,,,,0.0000,0.750968,0.000000
12,533,0,,,,,,0.0000,0.895836,0.000000
12,534,0,,,,,,0.0000,0.799813,0.000000
12,535,0,,,,,,0.0000,0.764177,0.000000
12,536,0,,,,,,0.0000,0.758701,0.000000
12,537,0,,,,,,0.0000,0.757881,0.000000
12,538,0,,,,,,0.0000,0.786840,0.000000
12,539,0,,,,,,0.0000,0.790419,0.000000
12,540,0,,,,,,0.0000,0.765654,0.000000
12,541,0,,,,,,0.0000,0.795255,0.000000
12,542,0,,,,,,0.0000,0.768948,0.000000
12,543,0,,,,,,0.0000,0.710668,0.000000
12,544,0,,,,,,0.0000,0.772483,0.000000
12,545,0,,,,,,0.0000,0.807191,0.000000
12,546,0,,,,,,0.0000,0.789530,0.000000
12,547,0,,,,,,0.0000,0.740476,0.000000
12,548,0,,,,,,0.0000,0.740624,0.000000
12,549,0,,,,,,0.0000,0.787989,0.000000
12,550,0,,,,,,0.0000,0.818484,0.000000
12,551,0,,,,,,0.0000,0.738082,0.000000
12,552,0,,,,,,0.0000,0.720278,0.000000
12,553,0,,,,,,0.0000,0.757269,0.000000
12,554,0,,,,,,0.0000,0.787743,0.000000
12,555,0,,,,,,0.0000,0.789596,0.000000
12,556,0,,,,,,0.0000,0.813531,0.000000
12,557,0,,,,,,0.0000,0.804730,0.000000
12,558,0,,,,,,0.0000,0.764670,0.000000
12,559,0,,,,,,0.0000,0.785316,0.000000
12,560,0,,,,,,0.0000,0.795460,0.000000
12,561,0,,,,,,0.0000,0.759764,0.000000
12,562,0,,,,,,0.0000,0.731522,0.000000
12,563,0,,,,,,0.0000,0.754355,0.000000
12,564,0,,,,,,0.0000,0.766176,0.000000
12,565,0,,,,,,0.0000,0.788782,0.000000
12,566,0,,,,,,0.0000,0.778000,0.000000
12,567,0,,,,,,0.0000,0.746450,0.000000
12,568,0,,,,,,0.0000,0.741345,0.000000
12,569,0,,,,,,0.0000,0.791452,0.000000
12,570,0,,,,,,0.0000,0.794100,0.000000
12,571,0,,,,,,0.0000,0.763537,0.000000
12,572,0,,,,,,0.0000,0.786364,0.000000
12,573,0,,,,,,0.0000,0.785039,0.000000
12,574,0,,,,,,0.0000,0.773804,0.000000
12,575,0,,,,,,0.0000,0.798695,0.000000
12,576,0,,,,,,0.0000,0.754483,0.000000
12,577,0,,,,,,0.0000,0.727450,0.000000
12,578,0,,,,,,0.0000,0.763956,0.000000
12,579,0,,,,,,0.0000,0.741215,0.000000
12,580,0,,,,,,0.0000,0.771779,0.000000
12,581,0,,,,,,0.0000,0.784290,0.000000
12,582,0,,,,,,0.0000,0.786319,0.000000
12,583,0,,,,,,0.0000,0.786561,0.000000
12,584,0,,,,,,0.0000,0.716754,0.000000
12,585,0,,,,,,0.0000,0.781853,0.000000
12,586,0,,,,,,0.0000,0.759209,0.000000
12,587,0,,,,,,0.0000,0.757162,0.000000
12,588,0,,,,,,0.0000,0.704895,0.000000
12,589,0,,,,,,0.0000,0.790057,0.000000
12,590,0,,,,,,0.0000,0.830199,0.000000
12,591,0,,,,,,0.0000,0.770354,0.000000
12,592,0,,,,,,0.0000,0.749797,0.000000
12,593,0,,,,,,0.0000,0.751537,0.000000
12,594,0,,,,,,0.0000,0.756541,0.000000
12,595,0,,,,,,0.0000,0.765134,0.000000
12,596,0,,,,,,0.0000,0.762944,0.000000
12,597,0,,,,,,0.0000,0.785397,0.000000
12,598,0,,,,,,0.0000,0.763407,0.000000
12,599,0,,,,,,0.0000,0.756462,0.000000
12,600,0,,,,,,0.0000,0.810534,0.000000
12,601,0,,,,,,0.0000,0.776497,0.000000
12,602,0,,,,,,0.0000,0.735653,0.000000
12,603,0,,,,,,0.0000,0.774022,0.000000
12,604,0,,,,,,0.0000,0.773653,0.000000
12,605,0,,,,,,0.0000,0.757741,0.000000
12,606,0,,,,,,0.0000,0.737073,0.000000
12,607,0,,,,,,0.0000,0.738419,0.000000
12,608,0,,,,,,0.0000,0.761428,0.000000
12,609,0,,,,,,0.0000,0.711562,0.000000
12,610,0,,,,,,0.0000,0.751282,0.000000
12,611,0,,,,,,0.0000,0.849959,0.000000
12,612,0,,,,,,0.0000,0.777234,0.000000
12,613,0,,,,,,0.0000,0.696249,0.000000
12,614,0,,,,,,0.0000,0.735881,0.000000
12,615,0,,,,,,0.0000,0.845819,0.000000
12,616,0,,,,,,0.0000,0.851928,0.000000
12,617,0,,,,,,0.0000,0.782169,0.000000
12,618,0,,,,,,0.0000,0.713709,0.000000
12,619,0,,,,,,0.0000,0.754542,0.000000
12,620,0,,,,,,0.0000,0.763102,0.000000
12,621,0,,,,,,0.0000,0.850075,0.000000
12,622,0,,,,,,0.0000,0.803636,0.000000
12,623,0,,,,,,0.0000,0.742002,0.000000
12,624,0,,,,,,0.0000,0.765636,0.000000
12,625,0,,,,,,0.0000,0.819226,0.000000
12,626,0,,,,,,0.0000,0.759002,0.000000
12,627,0,,,,,,0.0000,0.705480,0.000000
12,628,0,,,,,,0.0000,0.787994,0.000000
12,629,0,,,,,,0.0000,0.791021,0.000000
12,630,0,,,,,,0.0000,0.785128,0.000000
12,631,0,,,,,,0.0000,0.756990,0.000000
12,632,0,,,,,,0.0000,0.802160,0.000000
12,633,0,,,,,,0.0000,0.758366,0.000000
12,634,0,,,,,,0.0000,0.727184,0.000000
12,635,0,,,,,,0.0000,0.770622,0.000000
12,636,0,,,,,,0.0000,0.761862,0.000000
12,637,0,,,,,,0.0000,0.741792,0.000000
12,638,0,,,,,,0.0000,0.788662,0.000000
12,639,0,,,,,,0.0000,0.801772,0.000000
12,640,1,0.853919,0.003513,0.430287,0.000000,1.000000,1.0000,0.752943,0.218888
12,641,5,0.104922,0.051871,0.783336,0.138448,0.394589,9.0000,0.534143,0.739559
12,642,8,0.085475,0.037523,0.854498,0.125780,0.511096,14.0000,0.595553,0.842518
12,643,12,0.073121,0.049769,0.866509,0.114931,0.657937,16.0000,0.712983,0.865847
12,644,11,0.071885,0.044845,0.870215,0.114087,0.584945,7.0000,0.726540,0.873046
12,645,12,0.071183,0.041701,0.870893,0.120646,0.667889,5.0000,0.695336,0.874362
12,646,12,0.066378,0.031746,0.882199,0.116213,0.659282,7.0000,0.625131,0.896325
12,647,13,0.063037,0.030799,0.883669,0.106415,0.669643,7.0000,0.650061,0.899180
12,648,18,0.057890,0.028608,0.892296,0.089960,0.760687,10.0000,0.698085,0.915937
12,649,19,0.057601,0.028522,0.892947,0.089036,0.787737,11.0000,0.694308,0.917201
12,650,1,0.846693,0.001727,0.294048,0.000000,1.000000,3.0000,0.839071,0.207232
12,651,6,0.177745,0.137321,0.656113,0.180883,0.519396,6.0000,0.684890,0.493430
12,652,6,0.123812,0.105600,0.722394,0.167864,0.405931,6.0000,0.570917,0.625198
12,653,7,0.125256,0.095221,0.798563,0.111182,0.331806,7.0000,0.610675,0.684263
12,654,8,0.124814,0.093001,0.799755,0.154011,0.478016,7.0000,0.739498,0.686633
12,655,10,0.124649,0.095600,0.801350,0.155382,0.672653,12.0000,0.708764,0.689804
12,656,10,0.104236,0.077985,0.826106,0.137572,0.663933,8.0000,0.644393,0.739019
12,657,11,0.103496,0.076400,0.826351,0.134667,0.752477,8.0000,0.644252,0.739506
12,658,8,0.088363,0.048415,0.848919,0.152525,0.633149,9.0000,0.700509,0.784371
12,659,10,0.081214,0.050993,0.862967,0.102661,0.730704,8.0000,0.704769,0.812299
12,660,3,0.238593,0.073297,0.698989,0.394981,0.303376,3.0000,0.822855,0.437509
12,661,5,0.214270,0.088395,0.730727,0.126381,0.697484,5.0000,0.711581,0.502128
12,662,6,0.152618,0.092800,0.755488,0.151640,0.512161,8.0000,0.630664,0.552542
12,663,8,0.147024,0.104184,0.774972,0.080527,0.615102,6.0000,0.636929,0.592212
12,664,7,0.135187,0.071167,0.780585,0.093122,0.617300,10.0000,0.732563,0.603640
12,665,8,0.138654,0.079224,0.809222,0.100145,0.480233,8.0000,0.744071,0.661946
12,666,9,0.136091,0.075855,0.828211,0.093951,0.565244,3.0000,0.674656,0.700607
12,667,11,0.114444,0.058624,0.849559,0.064098,0.631166,8.0000,0.592945,0.744071
12,668,12,0.114392,0.056235,0.849593,0.072414,0.681157,14.0000,0.676688,0.744141
12,669,14,0.109865,0.051688,0.857351,0.046812,0.723535,5.0000,0.658655,0.759936
12,670,1,0.557287,0.147197,0.282409,0.000000,1.000000,1.0000,0.799657,0.221020
12,671,6,0.127438,0.091355,0.748772,0.224016,0.501441,9.0000,0.738457,0.559258
12,672,8,0.092767,0.053633,0.886494,0.105518,0.502026,19.0000,0.665833,0.794325
12,673,10,0.080256,0.059031,0.903632,0.096592,0.619836,11.0000,0.567953,0.829439
12,674,10,0.080256,0.059595,0.909552,0.088850,0.510421,7.0000,0.723231,0.841570
12,675,11,0.075628,0.056941,0.910037,0.066984,0.550961,7.0000,0.744268,0.842564
12,676,11,0.075628,0.056941,0.910037,0.066984,0.550961,5.0000,0.670236,0.842564
12,677,11,0.075623,0.056947,0.910208,0.066963,0.552330,10.0000,0.643281,0.842914
12,678,11,0.066815,0.048985,0.919181,0.053905,0.484197,10.0000,0.685023,0.861300
12,679,11,0.066815,0.048985,0.919181,0.053905,0.484197,5.0000,0.732867,0.861300
12,680,2,0.337812,0.180695,0.514317,0.000000,0.185957,3.0000,0.850229,0.213900
12,681,6,0.178924,0.131079,0.699069,0.077409,0.752531,10.0000,0.750997,0.546125
12,682,10,0.088438,0.069025,0.841731,0.099879,0.619112,13.0000,0.622719,0.694962
12,683,10,0.078831,0.049360,0.869369,0.116751,0.686905,8.0000,0.662976,0.736746
12,684,12,0.069109,0.045106,0.896215,0.113215,0.744968,9.0000,0.721211,0.792316
12,685,11,0.064770,0.027217,0.925636,0.100429,0.763531,9.0000,0.697648,0.853220
12,686,12,0.055877,0.029697,0.932955,0.094764,0.747245,5.0000,0.592129,0.868369
12,687,15,0.045990,0.032771,0.951660,0.044341,0.666050,10.0000,0.617800,0.907088
12,688,15,0.045990,0.032771,0.951660,0.044341,0.666050,8.0000,0.764102,0.907088
12,689,15,0.045646,0.032275,0.951728,0.042968,0.667398,11.0000,0.725642,0.907231
12,690,2,0.362524,0.028033,0.664364,0.000000,0.038497,5.0000,0.786202,0.287240
12,691,5,0.157358,0.086335,0.792473,0.255430,0.614095,13.0000,0.679409,0.557070
12,692,6,0.108097,0.068665,0.842799,0.111836,0.544902,11.0000,0.615296,0.663068
12,693,7,0.100908,0.074381,0.847483,0.100135,0.415714,9.0000,0.735980,0.672934
12,694,8,0.100908,0.091498,0.847864,0.087474,0.316066,12.0000,0.740635,0.673735
12,695,9,0.099975,0.058850,0.884884,0.126329,0.789114,9.0000,0.713959,0.751710
12,696,12,0.076072,0.064101,0.905523,0.092283,0.657831,9.0000,0.646237,0.795180
12,697,12,0.076161,0.057614,0.908227,0.091887,0.717324,7.0000,0.672912,0.800876
12,698,13,0.078849,0.058312,0.914907,0.096477,0.792323,9.0000,0.730818,0.814944
12,699,15,0.063786,0.054176,0.922711,0.052840,0.728170,14.0000,0.711937,0.831382
12,700,4,0.281339,0.113593,0.677535,0.140277,0.982620,6.0000,0.775746,0.429570
12,701,6,0.157678,0.080590,0.822273,0.220782,0.501595,7.0000,0.719744,0.616336
12,702,8,0.126954,0.070214,0.869665,0.129567,0.513911,10.0000,0.639950,0.715592
12,703,15,0.059828,0.047579,0.928669,0.064616,0.818698,15.0000,0.657050,0.839168
12,704,13,0.045003,0.039322,0.938852,0.064239,0.631677,10.0000,0.665466,0.860495
12,705,14,0.042951,0.038255,0.939308,0.048442,0.621341,8.0000,0.675850,0.861449
12,706,17,0.042291,0.043109,0.949079,0.050525,0.636014,8.0000,0.692719,0.881914
12,707,17,0.042291,0.043109,0.949079,0.050525,0.636014,15.0000,0.649091,0.881914
12,708,18,0.042267,0.041987,0.949112,0.052094,0.687203,8.0000,0.681138,0.881983
12,709,18,0.040642,0.039793,0.949889,0.052101,0.703201,12.0000,0.679859,0.883611
12,710,4,0.296687,0.048743,0.718163,0.800380,1.054996,4.0000,0.829986,0.400553
12,711,4,0.289198,0.043334,0.748153,0.783593,1.051905,6.0000,0.760470,0.463721
12,712,6,0.136059,0.050382,0.826441,0.208276,0.557521,11.0000,0.608215,0.628614
12,713,10,0.085663,0.056702,0.860009,0.082563,0.711661,10.0000,0.614765,0.699317
12,714,13,0.057617,0.053538,0.913869,0.086437,0.603182,13.0000,0.699722,0.812759
12,715,14,0.074778,0.048106,0.930880,0.060407,0.727406,10.0000,0.785912,0.848589
12,716,15,0.074226,0.050573,0.931901,0.048262,0.733912,11.0000,0.682091,0.850738
12,717,11,0.069305,0.030486,0.940028,0.114511,0.754553,9.0000,0.615664,0.867857
12,718,13,0.041462,0.029989,0.943565,0.076598,0.725133,11.0000,0.680505,0.875307
12,719,14,0.038154,0.027213,0.945069,0.077383,0.781509,9.0000,0.726889,0.878475
12,720,3,0.233364,0.026212,0.743747,0.457912,0.381583,5.0000,0.850853,0.476705
12,721,4,0.230200,0.021529,0.754028,0.640177,0.705549,10.0000,0.657649,0.497987
12,722,7,0.109259,0.034589,0.867688,0.097708,0.553797,12.0000,0.638246,0.733265
12,723,11,0.098641,0.061424,0.889334,0.065359,0.614223,11.0000,0.701579,0.778073
12,724,13,0.076735,0.060679,0.902563,0.068117,0.670997,13.0000,0.693863,0.805458
12,725,13,0.093338,0.043119,0.931101,0.064813,0.806697,12.0000,0.610570,0.864532
12,726,14,0.093282,0.043373,0.931562,0.064752,0.857751,14.0000,0.602818,0.865486
12,727,13,0.093295,0.044851,0.931814,0.063838,0.813848,8.0000,0.681401,0.866008
12,728,14,0.086610,0.036726,0.939251,0.061577,0.837114,12.0000,0.664366,0.881402
12,729,14,0.086610,0.036726,0.939251,0.061577,0.837114,6.0000,0.664303,0.881402
12,730,2,0.362691,0.017796,0.664058,0.000000,0.021628,5.0000,0.806204,0.338554
12,731,6,0.126186,0.043844,0.828417,0.336262,0.716392,9.0000,0.719413,0.675325
12,732,9,0.118358,0.043393,0.855211,0.282397,0.883884,15.0000,0.562451,0.730225
12,733,13,0.095301,0.065000,0.878626,0.114878,0.730617,13.0000,0.651548,0.778204
12,734,16,0.072092,0.062893,0.890178,0.059084,0.680440,9.0000,0.741115,0.801872
12,735,16,0.071645,0.058577,0.909236,0.050370,0.675422,13.0000,0.740115,0.840923
12,736,16,0.063172,0.045641,0.915636,0.060920,0.752596,12.0000,0.644704,0.854036
12,737,17,0.060663,0.046953,0.916617,0.059516,0.717314,19.0000,0.659911,0.856046
12,738,18,0.052762,0.045010,0.922485,0.049461,0.686983,8.0000,0.687474,0.868071
12,739,20,0.044842,0.044702,0.927694,0.045335,0.745779,9.0000,0.659745,0.878744
12,740,1,0.843450,0.018480,0.434122,0.000000,1.000000,1.0000,0.845033,0.170403
12,741,3,0.205044,0.013536,0.778190,0.312851,0.272289,4.0000,0.731563,0.598764
12,742,9,0.129004,0.067862,0.814168,0.070548,0.741722,9.0000,0.688684,0.672016
12,743,10,0.112923,0.068150,0.845163,0.071671,0.591451,9.0000,0.597451,0.735122
12,744,11,0.112910,0.065087,0.845469,0.082700,0.668241,6.0000,0.624110,0.735744
12,745,12,0.108056,0.057552,0.872166,0.053653,0.667768,8.0000,0.716928,0.790101
12,746,13,0.108050,0.055639,0.873598,0.052357,0.697463,10.0000,0.728702,0.793017
12,747,13,0.109236,0.048620,0.878260,0.067929,0.736321,11.0000,0.691280,0.802508
12,748,12,0.109742,0.047603,0.882282,0.069449,0.749442,12.0000,0.578908,0.810696
12,749,14,0.075686,0.045787,0.904087,0.070765,0.732238,13.0000,0.640333,0.855093
12,750,2,0.324540,0.058383,0.635195,0.000000,0.116407,2.0000,0.888484,0.399274
12,751,3,0.322593,0.047686,0.670821,0.924756,0.771193,4.0000,0.788166,0.430790
12,752,6,0.129093,0.053158,0.788349,0.223749,0.585336,8.0000,0.550294,0.664438
12,753,8,0.119156,0.055361,0.806709,0.167765,0.672258,10.0000,0.579578,0.700937
12,754,8,0.119156,0.055361,0.806709,0.167765,0.672258,1.0000,0.762103,0.700937
12,755,10,0.139340,0.039663,0.847529,0.069710,0.827163,10.0000,0.806063,0.781609
12,756,11,0.132823,0.038050,0.863444,0.066603,0.823506,7.0000,0.650908,0.813249
12,757,11,0.132823,0.038050,0.863444,0.066603,0.823506,6.0000,0.589876,0.813249
12,758,11,0.128363,0.022972,0.894003,0.058015,0.935213,10.0000,0.633345,0.874000
12,759,14,0.077756,0.026177,0.906933,0.085524,0.912646,13.0000,0.702807,0.899706
12,760,2,0.335773,0.061948,0.546995,0.000000,0.131550,2.0000,0.784535,0.312064
12,761,5,0.150586,0.082751,0.684928,0.254913,0.673642,6.0000,0.676601,0.546028
12,762,7,0.147970,0.058309,0.724155,0.071224,0.706677,9.0000,0.602850,0.606987
12,763,10,0.079624,0.052437,0.790623,0.105320,0.489215,10.0000,0.647089,0.736095
12,764,11,0.072797,0.052359,0.808372,0.100828,0.406867,6.0000,0.726475,0.770572
12,765,12,0.071339,0.059028,0.812211,0.071584,0.411799,12.0000,0.762624,0.778028
12,766,13,0.071192,0.063166,0.812541,0.078336,0.505228,5.0000,0.645199,0.778670
12,767,15,0.069431,0.060478,0.816053,0.068314,0.511908,3.0000,0.583059,0.785492
12,768,16,0.070004,0.059796,0.823632,0.058649,0.637521,6.0000,0.723968,0.800214
12,769,18,0.068605,0.058690,0.824951,0.053749,0.724786,11.0000,0.745846,0.802775
12,770,3,0.256706,0.071948,0.628660,0.795259,0.870417,4.0000,0.761811,0.548715
12,771,6,0.127189,0.052267,0.750238,0.201445,0.771286,8.0000,0.660613,0.757688
12,772,8,0.085671,0.048146,0.802633,0.150944,0.586590,6.0000,0.647684,0.800617
12,773,9,0.083960,0.041691,0.803756,0.157985,0.711218,4.0000,0.689664,0.802781
12,774,10,0.079791,0.056637,0.804065,0.067022,0.630152,3.0000,0.725725,0.803376
12,775,11,0.077517,0.062656,0.807521,0.065500,0.523569,7.0000,0.722959,0.810035
12,776,14,0.077342,0.060915,0.810254,0.083474,0.729641,11.0000,0.630954,0.815301
12,777,15,0.074157,0.062760,0.813964,0.061817,0.733892,7.0000,0.618863,0.822451
12,778,16,0.061843,0.045883,0.830223,0.055422,0.753437,10.0000,0.719233,0.851947
12,779,16,0.061743,0.045595,0.833203,0.054671,0.746062,7.0000,0.709056,0.854698
12,780,2,0.654856,0.108756,0.207891,0.000000,0.793405,2.0000,0.830010,0.163373
12,781,3,0.245283,0.084544,0.577872,0.596395,0.697292,6.0000,0.611565,0.540924
12,782,8,0.112332,0.100396,0.689859,0.111271,0.490952,7.0000,0.594682,0.691105
12,783,11,0.074453,0.080087,0.773601,0.063136,0.589767,9.0000,0.713758,0.816581
12,784,11,0.068113,0.073409,0.776812,0.045391,0.586524,6.0000,0.696461,0.822762
12,785,11,0.059746,0.056981,0.804473,0.030823,0.471908,9.0000,0.634167,0.876012
12,786,14,0.057603,0.041182,0.821809,0.036723,0.663690,10.0000,0.629312,0.909385
12,787,14,0.057603,0.041182,0.821809,0.036723,0.663690,6.0000,0.728410,0.909385
12,788,14,0.057603,0.041182,0.821809,0.036723,0.663690,7.0000,0.735224,0.909385
12,789,14,0.057603,0.041182,0.821809,0.036723,0.663690,5.0000,0.637511,0.909385
12,790,1,0.774729,0.039580,0.372823,0.000000,1.000000,1.0000,0.754868,0.242938
12,791,3,0.229240,0.086257,0.548396,0.493131,0.455282,3.0000,0.646684,0.456307
12,792,5,0.266440,0.045781,0.644720,0.022131,1.133766,6.0000,0.639508,0.646098
12,793,7,0.266061,0.044751,0.651888,0.017033,1.226979,6.0000,0.683605,0.653911
12,794,8,0.151053,0.050210,0.693228,0.182979,1.034145,7.0000,0.767791,0.735366
12,795,8,0.151053,0.050210,0.693228,0.182979,1.034145,1.0000,0.729498,0.735366
12,796,10,0.114642,0.052612,0.704003,0.111416,0.765249,6.0000,0.673035,0.756595
12,797,10,0.122766,0.051055,0.712301,0.106990,0.936237,4.0000,0.654334,0.772946
12,798,10,0.087047,0.049697,0.738689,0.078892,0.764376,11.0000,0.701398,0.824939
12,799,10,0.086660,0.048866,0.739551,0.078947,0.766847,2.0000,0.680235,0.826637
12,800,0,,,,,,0.0000,0.902467,0.000000
12,801,0,,,,,,0.0000,0.877242,0.000000
12,802,0,,,,,,0.0000,0.750837,0.000000
12,803,0,,,,,,0.0000,0.744227,0.000000
12,804,0,,,,,,0.0000,0.788124,0.000000
12,805,0,,,,,,0.0000,0.812579,0.000000
12,806,0,,,,,,0.0000,0.761858,0.000000
12,807,0,,,,,,0.0000,0.732580,0.000000
12,808,0,,,,,,0.0000,0.755356,0.000000
12,809,0,,,,,,0.0000,0.839853,0.000000
12,810,0,,,,,,0.0000,0.810776,0.000000
12,811,0,,,,,,0.0000,0.710945,0.000000
12,812,0,,,,,,0.0000,0.744037,0.000000
12,813,0,,,,,,0.0000,0.848845,0.000000
12,814,0,,,,,,0.0000,0.766840,0.000000
12,815,0,,,,,,0.0000,0.770945,0.000000
12,816,0,,,,,,0.0000,0.725721,0.000000
12,817,0,,,,,,0.0000,0.765625,0.000000
12,818,0,,,,,,0.0000,0.750213,0.000000
12,819,0,,,,,,0.0000,0.755864,0.000000
12,820,0,,,,,,0.0000,0.747278,0.000000
12,821,0,,,,,,0.0000,0.726260,0.000000
12,822,0,,,,,,0.0000,0.774634,0.000000
12,823,0,,,,,,0.0000,0.832278,0.000000
12,824,0,,,,,,0.0000,0.773296,0.000000
12,825,0,,,,,,0.0000,0.771043,0.000000
12,826,0,,,,,,0.0000,0.812907,0.000000
12,827,0,,,,,,0.0000,0.746949,0.000000
12,828,0,,,,,,0.0000,0.740588,0.000000
12,829,0,,,,,,0.0000,0.748722,0.000000
12,830,0,,,,,,0.0000,0.817669,0.000000
12,831,0,,,,,,0.0000,0.824412,0.000000
12,832,0,,,,,,0.0000,0.715868,0.000000
12,833,0,,,,,,0.0000,0.709650,0.000000
12,834,0,,,,,,0.0000,0.803118,0.000000
12,835,0,,,,,,0.0000,0.863679,0.000000
12,836,0,,,,,,0.0000,0.762946,0.000000
12,837,0,,,,,,0.0000,0.679575,0.000000
12,838,0,,,,,,0.0000,0.774142,0.000000
12,839,0,,,,,,0.0000,0.783224,0.000000
12,840,0,,,,,,0.0000,0.798169,0.000000
12,841,0,,,,,,0.0000,0.728996,0.000000
12,842,0,,,,,,0.0000,0.755870,0.000000
12,843,0,,,,,,0.0000,0.771653,0.000000
12,844,0,,,,,,0.0000,0.774931,0.000000
12,845,0,,,,,,0.0000,0.744436,0.000000
12,846,0,,,,,,0.0000,0.766939,0.000000
12,847,0,,,,,,0.0000,0.798679,0.000000
12,848,0,,,,,,0.0000,0.751426,0.000000
12,849,0,,,,,,0.0000,0.761413,0.000000
12,850,0,,,,,,0.0000,0.801005,0.000000
12,851,0,,,,,,0.0000,0.794883,0.000000
12,852,0,,,,,,0.0000,0.772265,0.000000
12,853,0,,,,,,0.0000,0.798123,0.000000
12,854,0,,,,,,0.0000,0.767132,0.000000
12,855,0,,,,,,0.0000,0.707484,0.000000
12,856,0,,,,,,0.0000,0.741778,0.000000
12,857,0,,,,,,0.0000,0.833721,0.000000
12,858,0,,,,,,0.0000,0.835339,0.000000
12,859,0,,,,,,0.0000,0.747112,0.000000
12,860,0,,,,,,0.0000,0.717872,0.000000
12,861,0,,,,,,0.0000,0.799008,0.000000
12,862,0,,,,,,0.0000,0.885196,0.000000
12,863,0,,,,,,0.0000,0.781858,0.000000
12,864,0,,,,,,0.0000,0.685830,0.000000
12,865,0,,,,,,0.0000,0.724921,0.000000
12,866,0,,,,,,0.0000,0.796460,0.000000
12,867,0,,,,,,0.0000,0.803424,0.000000
12,868,0,,,,,,0.0000,0.770573,0.000000
12,869,0,,,,,,0.0000,0.705641,0.000000
12,870,0,,,,,,0.0000,0.788569,0.000000
12,871,0,,,,,,0.0000,0.841840,0.000000
12,872,0,,,,,,0.0000,0.764052,0.000000
12,873,0,,,,,,0.0000,0.754291,0.000000
12,874,0,,,,,,0.0000,0.735500,0.000000
12,875,0,,,,,,0.0000,0.750443,0.000000
12,876,0,,,,,,0.0000,0.802613,0.000000
12,877,0,,,,,,0.0000,0.754597,0.000000
12,878,0,,,,,,0.0000,0.702522,0.000000
12,879,0,,,,,,0.0000,0.778302,0.000000
12,880,0,,,,,,0.0000,0.846797,0.000000
12,881,0,,,,,,0.0000,0.821053,0.000000
12,882,0,,,,,,0.0000,0.781250,0.000000
12,883,0,,,,,,0.0000,0.761679,0.000000
12,884,0,,,,,,0.0000,0.764393,0.000000
12,885,0,,,,,,0.0000,0.822683,0.000000
12,886,0,,,,,,0.0000,0.800666,0.000000
12,887,0,,,,,,0.0000,0.782533,0.000000
12,888,0,,,,,,0.0000,0.792202,0.000000
12,889,0,,,,,,0.0000,0.768052,0.000000
12,890,0,,,,,,0.0000,0.778796,0.000000
12,891,0,,,,,,0.0000,0.776544,0.000000
12,892,0,,,,,,0.0000,0.816028,0.000000
12,893,0,,,,,,0.0000,0.815167,0.000000
12,894,0,,,,,,0.0000,0.732833,0.000000
12,895,0,,,,,,0.0000,0.769632,0.000000
12,896,0,,,,,,0.0000,0.812714,0.000000
12,897,0,,,,,,0.0000,0.737185,0.000000
12,898,0,,,,,,0.0000,0.714421,0.000000
12,899,0,,,,,,0.0000,0.793893,0.000000
12,900,0,,,,,,0.0000,0.816439,0.000000
12,901,0,,,,,,0.0000,0.789067,0.000000
12,902,0,,,,,,0.0000,0.762112,0.000000
12,903,0,,,,,,0.0000,0.753180,0.000000
12,904,0,,,,,,0.0000,0.826547,0.000000
12,905,0,,,,,,0.0000,0.850556,0.000000
12,906,0,,,,,,0.0000,0.779175,0.000000
12,907,0,,,,,,0.0000,0.735387,0.000000
12,908,0,,,,,,0.0000,0.747235,0.000000
12,909,0,,,,,,0.0000,0.761911,0.000000
12,910,0,,,,,,0.0000,0.781133,0.000000
12,911,0,,,,,,0.0000,0.831438,0.000000
12,912,0,,,,,,0.0000,0.830892,0.000000
12,913,0,,,,,,0.0000,0.710190,0.000000
12,914,0,,,,,,0.0000,0.706123,0.000000
12,915,0,,,,,,0.0000,0.782586,0.000000
12,916,0,,,,,,0.0000,0.841704,0.000000
12,917,0,,,,,,0.0000,0.781809,0.000000
12,918,0,,,,,,0.0000,0.730666,0.000000
12,919,0,,,,,,0.0000,0.763959,0.000000
12,920,0,,,,,,0.0000,0.784623,0.000000
12,921,0,,,,,,0.0000,0.800165,0.000000
12,922,0,,,,,,0.0000,0.821882,0.000000
12,923,0,,,,,,0.0000,0.774002,0.000000
12,924,0,,,,,,0.0000,0.714850,0.000000
12,925,0,,,,,,0.0000,0.806267,0.000000
12,926,0,,,,,,0.0000,0.753404,0.000000
12,927,0,,,,,,0.0000,0.746557,0.000000
12,928,0,,,,,,0.0000,0.786084,0.000000
12,929,0,,,,,,0.0000,0.779916,0.000000
12,930,0,,,,,,0.0000,0.836239,0.000000
12,931,0,,,,,,0.0000,0.816536,0.000000
12,932,0,,,,,,0.0000,0.784128,0.000000
12,933,0,,,,,,0.0000,0.744003,0.000000
12,934,0,,,,,,0.0000,0.760621,0.000000
12,935,0,,,,,,0.0000,0.780858,0.000000
12,936,0,,,,,,0.0000,0.787358,0.000000
12,937,0,,,,,,0.0000,0.804060,0.000000
12,938,0,,,,,,0.0000,0.818946,0.000000
12,939,0,,,,,,0.0000,0.782495,0.000000
12,940,0,,,,,,0.0000,0.757213,0.000000
12,941,0,,,,,,0.0000,0.795012,0.000000
12,942,0,,,,,,0.0000,0.782562,0.000000
12,943,0,,,,,,0.0000,0.770840,0.000000
12,944,0,,,,,,0.0000,0.783990,0.000000
12,945,0,,,,,,0.0000,0.802803,0.000000
12,946,0,,,,,,0.0000,0.751314,0.000000
12,947,0,,,,,,0.0000,0.715737,0.000000
12,948,0,,,,,,0.0000,0.726509,0.000000
12,949,0,,,,,,0.0000,0.804256,0.000000
12,950,0,,,,,,0.0000,0.765863,0.000000
12,951,0,,,,,,0.0000,0.751920,0.000000
12,952,0,,,,,,0.0000,0.788558,0.000000
12,953,0,,,,,,0.0000,0.799573,0.000000
12,954,0,,,,,,0.0000,0.768672,0.000000
12,955,0,,,,,,0.0000,0.758993,0.000000
12,956,0,,,,,,0.0000,0.762921,0.000000
12,957,0,,,,,,0.0000,0.803647,0.000000
12,958,0,,,,,,0.0000,0.815459,0.000000
12,959,0,,,,,,0.0000,0.794581,0.000000
12,960,0,,,,,,0.0000,0.758879,0.000000
12,961,0,,,,,,0.0000,0.794571,0.000000
12,962,0,,,,,,0.0000,0.793009,0.000000
12,963,0,,,,,,0.0000,0.770769,0.000000
12,964,0,,,,,,0.0000,0.799270,0.000000
12,965,0,,,,,,0.0000,0.756296,0.000000
12,966,0,,,,,,0.0000,0.711641,0.000000
12,967,0,,,,,,0.0000,0.783425,0.000000
12,968,0,,,,,,0.0000,0.823709,0.000000
12,969,0,,,,,,0.0000,0.788062,0.000000
12,970,0,,,,,,0.0000,0.695571,0.000000
12,971,0,,,,,,0.0000,0.714026,0.000000
12,972,0,,,,,,0.0000,0.806219,0.000000
12,973,0,,,,,,0.0000,0.784289,0.000000
12,974,0,,,,,,0.0000,0.784707,0.000000
12,975,0,,,,,,0.0000,0.719149,0.000000
12,976,0,,,,,,0.0000,0.729374,0.000000
12,977,0,,,,,,0.0000,0.799562,0.000000
12,978,0,,,,,,0.0000,0.816886,0.000000
12,979,0,,,,,,0.0000,0.743599,0.000000
12,980,0,,,,,,0.0000,0.742039,0.000000
12,981,0,,,,,,0.0000,0.753968,0.000000
12,982,0,,,,,,0.0000,0.823329,0.000000
12,983,0,,,,,,0.0000,0.802753,0.000000
12,984,0,,,,,,0.0000,0.794023,0.000000
12,985,0,,,,,,0.0000,0.724560,0.000000
12,986,0,,,,,,0.0000,0.762526,0.000000
12,987,0,,,,,,0.0000,0.837968,0.000000
12,988,0,,,,,,0.0000,0.828318,0.000000
12,989,0,,,,,,0.0000,0.759355,0.000000
12,990,0,,,,,,0.0000,0.784486,0.000000
12,991,0,,,,,,0.0000,0.772508,0.000000
12,992,0,,,,,,0.0000,0.690490,0.000000
12,993,0,,,,,,0.0000,0.716033,0.000000
12,994,0,,,,,,0.0000,0.799568,0.000000
12,995,0,,,,,,0.0000,0.809655,0.000000
12,996,0,,,,,,0.0000,0.740092,0.000000
12,997,0,,,,,,0.0000,0.765663,0.000000
12,998,0,,,,,,0.0000,0.770950,0.000000
12,999,0,,,,,,0.0000,0.756076,0.000000
12,1000,0,,,,,,0.0000,0.735173,0.000000
13,1,7,0.259134,0.175316,0.536592,0.187450,0.875981,9.0000,1.064357,0.490375
13,2,9,0.187481,0.158301,0.627748,0.088570,0.623453,8.0000,1.243058,0.611974
13,3,9,0.163590,0.140206,0.658589,0.111722,0.736713,4.0000,1.295021,0.661569
13,4,9,0.128857,0.118723,0.736732,0.152361,0.728437,6.0000,1.186526,0.774719
13,5,12,0.122633,0.115069,0.741822,0.076469,0.608647,6.0000,1.197919,0.782687
13,6,9,0.097938,0.065242,0.768362,0.054208,0.501147,9.0000,1.204738,0.817582
13,7,10,0.096261,0.062798,0.772041,0.063033,0.581739,5.0000,1.198277,0.824801
13,8,11,0.077922,0.055125,0.796043,0.050646,0.521967,8.0000,1.218755,0.839397
13,9,12,0.068629,0.050444,0.809059,0.041549,0.525432,6.0000,1.243567,0.848653
13,10,0,,,,,,0.0000,1.374853,0.000000
13,11,0,,,,,,0.0000,1.380243,0.000000
13,12,0,,,,,,0.0000,1.356708,0.000000
13,13,0,,,,,,0.0000,1.364170,0.000000
13,14,0,,,,,,0.0000,1.322809,0.000000
13,15,0,,,,,,0.0000,1.367995,0.000000
13,16,0,,,,,,0.0000,1.355306,0.000000
13,17,0,,,,,,0.0000,1.332069,0.000000
13,18,0,,,,,,0.0000,1.352034,0.000000
13,19,0,,,,,,0.0000,1.389051,0.000000
13,20,0,,,,,,0.0000,1.330667,0.000000
13,21,0,,,,,,0.0000,1.323469,0.000000
13,22,0,,,,,,0.0000,1.300811,0.000000
13,23,0,,,,,,0.0000,1.342997,0.000000
13,24,0,,,,,,0.0000,1.355818,0.000000
13,25,0,,,,,,0.0000,1.324594,0.000000
13,26,0,,,,,,0.0000,1.306979,0.000000
13,27,0,,,,,,0.0000,1.281199,0.000000
13,28,0,,,,,,0.0000,1.360716,0.000000
13,29,0,,,,,,0.0000,1.335025,0.000000
13,30,0,,,,,,0.0000,1.320043,0.000000
13,31,0,,,,,,0.0000,1.302981,0.000000
13,32,0,,,,,,0.0000,1.311376,0.000000
13,33,0,,,,,,0.0000,1.336997,0.000000
13,34,0,,,,,,0.0000,1.333038,0.000000
13,35,0,,,,,,0.0000,1.294676,0.000000
13,36,0,,,,,,0.0000,1.322702,0.000000
13,37,0,,,,,,0.0000,1.320355,0.000000
13,38,0,,,,,,0.0000,1.321241,0.000000
13,39,0,,,,,,0.0000,1.300844,0.000000
13,40,0,,,,,,0.0000,1.306209,0.000000
13,41,0,,,,,,0.0000,1.282032,0.000000
13,42,0,,,,,,0.0000,1.306598,0.000000
13,43,0,,,,,,0.0000,1.347371,0.000000
13,44,0,,,,,,0.0000,1.338264,0.000000
13,45,0,,,,,,0.0000,1.316460,0.000000
13,46,0,,,,,,0.0000,1.288771,0.000000
13,47,0,,,,,,0.0000,1.383096,0.000000
13,48,0,,,,,,0.0000,1.364956,0.000000
13,49,0,,,,,,0.0000,1.300602,0.000000
13,50,0,,,,,,0.0000,1.287964,0.000000
13,51,0,,,,,,0.0000,1.305001,0.000000
13,52,0,,,,,,0.0000,1.274468,0.000000
13,53,0,,,,,,0.0000,1.320528,0.000000
13,54,0,,,,,,0.0000,1.321136,0.000000
13,55,0,,,,,,0.0000,1.299159,0.000000
13,56,0,,,,,,0.0000,1.325626,0.000000
13,57,0,,,,,,0.0000,1.276453,0.000000
13,58,0,,,,,,0.0000,1.283239,0.000000
13,59,0,,,,,,0.0000,1.299524,0.000000
13,60,0,,,,,,0.0000,1.326895,0.000000
13,61,0,,,,,,0.0000,1.328306,0.000000
13,62,0,,,,,,0.0000,1.315093,0.000000
13,63,0,,,,,,0.0000,1.279327,0.000000
13,64,0,,,,,,0.0000,1.334356,0.000000
13,65,0,,,,,,0.0000,1.361968,0.000000
13,66,0,,,,,,0.0000,1.361043,0.000000
13,67,0,,,,,,0.0000,1.314200,0.000000
13,68,0,,,,,,0.0000,1.319317,0.000000
13,69,0,,,,,,0.0000,1.299541,0.000000
13,70,0,,,,,,0.0000,1.328734,0.000000
13,71,0,,,,,,0.0000,1.320197,0.000000
13,72,0,,,,,,0.0000,1.338861,0.000000
13,73,0,,,,,,0.0000,1.363811,0.000000
13,74,0,,,,,,0.0000,1.312621,0.000000
13,75,0,,,,,,0.0000,1.249856,0.000000
13,76,0,,,,,,0.0000,1.323093,0.000000
13,77,0,,,,,,0.0000,1.360702,0.000000
13,78,0,,,,,,0.0000,1.315541,0.000000
13,79,0,,,,,,0.0000,1.272636,0.000000
13,80,0,,,,,,0.0000,1.301567,0.000000
13,81,0,,,,,,0.0000,1.357397,0.000000
13,82,0,,,,,,0.0000,1.329454,0.000000
13,83,0,,,,,,0.0000,1.341939,0.000000
13,84,0,,,,,,0.0000,1.301193,0.000000
13,85,0,,,,,,0.0000,1.275434,0.000000
13,86,0,,,,,,0.0000,1.281106,0.000000
13,87,0,,,,,,0.0000,1.304588,0.000000
13,88,0,,,,,,0.0000,1.312144,0.000000
13,89,0,,,,,,0.0000,1.317249,0.000000
13,90,0,,,,,,0.0000,1.298899,0.000000
13,91,0,,,,,,0.0000,1.313763,0.000000
13,92,0,,,,,,0.0000,1.291840,0.000000
13,93,0,,,,,,0.0000,1.292134,0.000000
13,94,0,,,,,,0.0000,1.353156,0.000000
13,95,0,,,,,,0.0000,1.361873,0.000000
13,96,0,,,,,,0.0000,1.316861,0.000000
13,97,0,,,,,,0.0000,1.263069,0.000000
13,98,0,,,,,,0.0000,1.308834,0.000000
13,99,0,,,,,,0.0000,1.385325,0.000000
13,100,0,,,,,,0.0000,1.329127,0.000000
13,101,0,,,,,,0.0000,1.285505,0.000000
13,102,0,,,,,,0.0000,1.272365,0.000000
13,103,0,,,,,,0.0000,1.341133,0.000000
13,104,0,,,,,,0.0000,1.342428,0.000000
13,105,0,,,,,,0.0000,1.343715,0.000000
13,106,0,,,,,,0.0000,1.320973,0.000000
13,107,0,,,,,,0.0000,1.317369,0.000000
13,108,0,,,,,,0.0000,1.304226,0.000000
13,109,0,,,,,,0.0000,1.320308,0.000000
13,110,0,,,,,,0.0000,1.323127,0.000000
13,111,0,,,,,,0.0000,1.289937,0.000000
13,112,0,,,,,,0.0000,1.328108,0.000000
13,113,0,,,,,,0.0000,1.350561,0.000000
13,114,0,,,,,,0.0000,1.289086,0.000000
13,115,0,,,,,,0.0000,1.301173,0.000000
13,116,0,,,,,,0.0000,1.346954,0.000000
13,117,0,,,,,,0.0000,1.330361,0.000000
13,118,0,,,,,,0.0000,1.322700,0.000000
13,119,0,,,,,,0.0000,1.310740,0.000000
13,120,0,,,,,,0.0000,1.290672,0.000000
13,121,0,,,,,,0.0000,1.349326,0.000000
13,122,0,,,,,,0.0000,1.313838,0.000000
13,123,0,,,,,,0.0000,1.240687,0.000000
13,124,0,,,,,,0.0000,1.280469,0.000000
13,125,0,,,,,,0.0000,1.371932,0.000000
13,126,0,,,,,,0.0000,1.305853,0.000000
13,127,0,,,,,,0.0000,1.264585,0.000000
13,128,0,,,,,,0.0000,1.322229,0.000000
13,129,0,,,,,,0.0000,1.360512,0.000000
13,130,0,,,,,,0.0000,1.294797,0.000000
13,131,0,,,,,,0.0000,1.299987,0.000000
13,132,0,,,,,,0.0000,1.359878,0.000000
13,133,0,,,,,,0.0000,1.300028,0.000000
13,134,0,,,,,,0.0000,1.267848,0.000000
13,135,0,,,,,,0.0000,1.312256,0.000000
13,136,0,,,,,,0.0000,1.350138,0.000000
13,137,0,,,,,,0.0000,1.297350,0.000000
13,138,0,,,,,,0.0000,1.313769,0.000000
13,139,0,,,,,,0.0000,1.318761,0.000000
13,140,0,,,,,,0.0000,1.320040,0.000000
13,141,0,,,,,,0.0000,1.348099,0.000000
13,142,0,,,,,,0.0000,1.328098,0.000000
13,143,0,,,,,,0.0000,1.317219,0.000000
13,144,0,,,,,,0.0000,1.307190,0.000000
13,145,0,,,,,,0.0000,1.339916,0.000000
13,146,0,,,,,,0.0000,1.342087,0.000000
13,147,0,,,,,,0.0000,1.331439,0.000000
13,148,0,,,,,,0.0000,1.369457,0.000000
13,149,0,,,,,,0.0000,1.374078,0.000000
13,150,0,,,,,,0.0000,1.321707,0.000000
13,151,0,,,,,,0.0000,1.334898,0.000000
13,152,0,,,,,,0.0000,1.297698,0.000000
13,153,0,,,,,,0.0000,1.295423,0.000000
13,154,0,,,,,,0.0000,1.300841,0.000000
13,155,0,,,,,,0.0000,1.324322,0.000000
13,156,0,,,,,,0.0000,1.329369,0.000000
13,157,0,,,,,,0.0000,1.293910,0.000000
13,158,0,,,,,,0.0000,1.270866,0.000000
13,159,0,,,,,,0.0000,1.286711,0.000000
13,160,0,,,,,,0.0000,1.305236,0.000000
13,161,0,,,,,,0.0000,1.299362,0.000000
13,162,0,,,,,,0.0000,1.307682,0.000000
13,163,0,,,,,,0.0000,1.322535,0.000000
13,164,0,,,,,,0.0000,1.330953,0.000000
13,165,0,,,,,,0.0000,1.340748,0.000000
13,166,0,,,,,,0.0000,1.339424,0.000000
13,167,0,,,,,,0.0000,1.309370,0.000000
13,168,0,,,,,,0.0000,1.236494,0.000000
13,169,0,,,,,,0.0000,1.347777,0.000000
13,170,0,,,,,,0.0000,1.366616,0.000000
13,171,0,,,,,,0.0000,1.319967,0.000000
13,172,0,,,,,,0.0000,1.254341,0.000000
13,173,0,,,,,,0.0000,1.304611,0.000000
13,174,0,,,,,,0.0000,1.332776,0.000000
13,175,0,,,,,,0.0000,1.320704,0.000000
13,176,0,,,,,,0.0000,1.318792,0.000000
13,177,0,,,,,,0.0000,1.311552,0.000000
13,178,0,,,,,,0.0000,1.343068,0.000000
13,179,0,,,,,,0.0000,1.303529,0.000000
13,180,0,,,,,,0.0000,1.253801,0.000000
13,181,0,,,,,,0.0000,1.306772,0.000000
13,182,0,,,,,,0.0000,1.335689,0.000000
13,183,0,,,,,,0.0000,1.319303,0.000000
13,184,0,,,,,,0.0000,1.274681,0.000000
13,185,0,,,,,,0.0000,1.256609,0.000000
13,186,0,,,,,,0.0000,1.332296,0.000000
13,187,0,,,,,,0.0000,1.334717,0.000000
13,188,0,,,,,,0.0000,1.303823,0.000000
13,189,0,,,,,,0.0000,1.285843,0.000000
13,190,0,,,,,,0.0000,1.299362,0.000000
13,191,0,,,,,,0.0000,1.369448,0.000000
13,192,0,,,,,,0.0000,1.317006,0.000000
13,193,0,,,,,,0.0000,1.266481,0.000000
13,194,0,,,,,,0.0000,1.329942,0.000000
13,195,0,,,,,,0.0000,1.342636,0.000000
13,196,0,,,,,,0.0000,1.317627,0.000000
13,197,0,,,,,,0.0000,1.313364,0.000000
13,198,0,,,,,,0.0000,1.311781,0.000000
13,199,0,,,,,,0.0000,1.317020,0.000000
13,200,0,,,,,,0.0000,1.326386,0.000000
13,201,0,,,,,,0.0000,1.271053,0.000000
13,202,0,,,,,,0.0000,1.307311,0.000000
13,203,0,,,,,,0.0000,1.327259,0.000000
13,204,0,,,,,,0.0000,1.340006,0.000000
13,205,0,,,,,,0.0000,1.318740,0.000000
13,206,0,,,,,,0.0000,1.293887,0.000000
13,207,0,,,,,,0.0000,1.327252,0.000000
13,208,0,,,,,,0.0000,1.331693,0.000000
13,209,0,,,,,,0.0000,1.329138,0.000000
13,210,0,,,,,,0.0000,1.281736,0.000000
13,211,0,,,,,,0.0000,1.295788,0.000000
13,212,0,,,,,,0.0000,1.342079,0.000000
13,213,0,,,,,,0.0000,1.347007,0.000000
13,214,0,,,,,,0.0000,1.341604,0.000000
13,215,0,,,,,,0.0000,1.313688,0.000000
13,216,0,,,,,,0.0000,1.279872,0.000000
13,217,0,,,,,,0.0000,1.321471,0.000000
13,218,0,,,,,,0.0000,1.353173,0.000000
13,219,0,,,,,,0.0000,1.330126,0.000000
13,220,0,,,,,,0.0000,1.292708,0.000000
13,221,0,,,,,,0.0000,1.277125,0.000000
13,222,0,,,,,,0.0000,1.326450,0.000000
13,223,0,,,,,,0.0000,1.325118,0.000000
13,224,0,,,,,,0.0000,1.292060,0.000000
13,225,0,,,,,,0.0000,1.266187,0.000000
13,226,0,,,,,,0.0000,1.300230,0.000000
13,227,0,,,,,,0.0000,1.322217,0.000000
13,228,0,,,,,,0.0000,1.313453,0.000000
13,229,0,,,,,,0.0000,1.298025,0.000000
13,230,0,,,,,,0.0000,1.314793,0.000000
13,231,0,,,,,,0.0000,1.335985,0.000000
13,232,0,,,,,,0.0000,1.338338,0.000000
13,233,0,,,,,,0.0000,1.309146,0.000000
13,234,0,,,,,,0.0000,1.280531,0.000000
13,235,0,,,,,,0.0000,1.281997,0.000000
13,236,0,,,,,,0.0000,1.332974,0.000000
13,237,0,,,,,,0.0000,1.370681,0.000000
13,238,0,,,,,,0.0000,1.296991,0.000000
13,239,0,,,,,,0.0000,1.273702,0.000000
13,240,0,,,,,,0.0000,1.288607,0.000000
13,241,1,0.854244,0.002858,0.427080,0.000000,1.000000,2.0000,1.349883,0.217496
13,242,6,0.133498,0.105043,0.813715,0.270663,0.602034,10.0000,0.984401,0.621865
13,243,7,0.115456,0.093186,0.848915,0.136151,0.571426,14.0000,0.872779,0.683966
13,244,9,0.101401,0.078663,0.878460,0.132738,0.706750,8.0000,1.039482,0.713929
13,245,10,0.082283,0.078411,0.903423,0.125173,0.653664,6.0000,1.207452,0.762417
13,246,10,0.082283,0.078411,0.903423,0.125173,0.653664,3.0000,1.119956,0.762417
13,247,12,0.079787,0.071998,0.907151,0.035219,0.688595,7.0000,1.033457,0.769660
13,248,14,0.079551,0.073651,0.908623,0.040114,0.644528,7.0000,1.062909,0.772518
13,249,15,0.079210,0.071707,0.909346,0.042313,0.695024,3.0000,1.158946,0.773924
13,250,1,0.844635,0.002391,0.442928,0.000000,1.000000,3.0000,1.436655,0.216077
13,251,3,0.191421,0.077164,0.755611,0.023634,0.301124,3.0000,1.183084,0.560429
13,252,5,0.137002,0.082184,0.850368,0.123251,0.239029,9.0000,0.935197,0.634147
13,253,6,0.137002,0.116631,0.851307,0.194360,0.429526,9.0000,1.041129,0.636014
13,254,7,0.131450,0.103607,0.860012,0.207925,0.536561,10.0000,1.180900,0.653319
13,255,8,0.117805,0.097213,0.868182,0.079182,0.535564,7.0000,1.159633,0.669561
13,256,7,0.107020,0.044741,0.923188,0.164007,0.486161,10.0000,1.081658,0.729359
13,257,10,0.096529,0.077557,0.930752,0.103892,0.615633,6.0000,1.114273,0.744397
13,258,8,0.098627,0.043557,0.960633,0.117956,0.596639,7.0000,1.112083,0.803802
13,259,9,0.095110,0.042899,0.969972,0.115772,0.633610,4.0000,1.160622,0.822368
13,260,1,0.834560,0.001072,0.454859,0.000000,1.000000,1.0000,1.352710,0.208203
13,261,3,0.222498,0.049035,0.821729,0.523882,0.482632,3.0000,1.157134,0.535743
13,262,7,0.100448,0.041228,0.902208,0.145956,0.724159,7.0000,1.044155,0.699599
13,263,12,0.077472,0.074768,0.932428,0.028562,0.657960,13.0000,1.017682,0.743910
13,264,13,0.072544,0.063495,0.952569,0.050499,0.721226,10.0000,1.160401,0.774888
13,265,13,0.063543,0.053112,0.985028,0.031468,0.705503,6.0000,1.152441,0.840976
13,266,13,0.063094,0.052244,1.004447,0.026898,0.660318,7.0000,1.034448,0.851874
13,267,13,0.063094,0.052244,1.004447,0.026898,0.660318,8.0000,1.060365,0.851874
13,268,14,0.062499,0.050355,1.004662,0.027642,0.696001,7.0000,1.201435,0.852313
13,269,15,0.055759,0.051928,1.012719,0.026243,0.658022,10.0000,1.168838,0.868715
13,270,3,0.332477,0.075950,0.706304,1.048824,0.930194,3.0000,1.365449,0.270542
13,271,3,0.328879,0.073793,0.724451,1.038175,0.928774,2.0000,1.220844,0.307724
13,272,4,0.191232,0.095011,0.787150,0.404832,0.629803,2.0000,1.093252,0.436194
13,273,7,0.137103,0.108595,0.895369,0.158474,0.425023,11.0000,1.091588,0.603634
13,274,7,0.126715,0.095286,0.918349,0.149158,0.490084,8.0000,1.099015,0.650720
13,275,7,0.103848,0.075405,0.942308,0.084600,0.401735,4.0000,1.121426,0.699812
13,276,8,0.087490,0.066331,0.964266,0.126771,0.535053,7.0000,1.082221,0.744803
13,277,9,0.070012,0.054519,0.983109,0.086836,0.405989,7.0000,1.094453,0.783413
13,278,10,0.073052,0.050516,1.001782,0.070537,0.461522,6.0000,1.174012,0.821673
13,279,12,0.071222,0.051783,1.007061,0.055965,0.544659,6.0000,1.220898,0.832489
13,280,2,0.353773,0.007932,0.796441,0.000000,0.008568,4.0000,1.420557,0.374765
13,281,3,0.219755,0.085334,0.841524,0.332809,0.249944,7.0000,1.175297,0.468087
13,282,4,0.175035,0.079389,0.885232,0.254259,0.430917,11.0000,0.933772,0.558562
13,283,4,0.173445,0.079200,0.892882,0.246385,0.427228,7.0000,1.084336,0.574399
13,284,6,0.100417,0.067700,0.955175,0.148510,0.396869,9.0000,1.261426,0.703347
13,285,7,0.097756,0.064131,0.957343,0.177829,0.596309,3.0000,1.185959,0.707834
13,286,8,0.096838,0.072936,0.962859,0.120291,0.464866,10.0000,1.051951,0.719253
13,287,9,0.082103,0.071968,0.975403,0.097985,0.405435,10.0000,1.038770,0.745220
13,288,9,0.066370,0.060520,0.983744,0.100518,0.367361,14.0000,1.148344,0.762486
13,289,9,0.066370,0.060520,0.983744,0.100518,0.367361,7.0000,1.122822,0.762486
13,290,1,0.836222,0.024060,0.449499,0.000000,1.000000,5.0000,1.320694,0.156397
13,291,2,0.314948,0.132131,0.649470,0.000000,0.253818,5.0000,1.144299,0.250204
13,292,7,0.168197,0.094513,0.873017,0.090834,0.748904,14.0000,0.992314,0.553536
13,293,9,0.118682,0.080536,0.918629,0.088459,0.595389,8.0000,1.091221,0.649606
13,294,10,0.097420,0.073553,0.943657,0.091104,0.531265,11.0000,1.184974,0.702322
13,295,13,0.093215,0.064677,0.948123,0.075239,0.593661,10.0000,1.152828,0.711727
13,296,16,0.094687,0.058433,0.977262,0.088851,0.722057,14.0000,0.987559,0.731568
13,297,17,0.094142,0.047176,1.024272,0.044878,0.755159,12.0000,1.108874,0.830583
13,298,19,0.093374,0.046432,1.025430,0.033884,0.783330,11.0000,1.131456,0.833022
13,299,19,0.093374,0.046432,1.025430,0.033884,0.783330,3.0000,1.189666,0.833022
13,300,2,0.336097,0.011292,0.803414,0.000000,0.021624,5.0000,1.403231,0.377512
13,301,4,0.160180,0.111866,0.856393,0.223629,0.301900,3.0000,1.156761,0.488468
13,302,6,0.148920,0.093679,0.897363,0.146820,0.556908,8.0000,1.045063,0.560101
13,303,8,0.114271,0.091021,0.941708,0.130795,0.650389,8.0000,1.060797,0.652976
13,304,9,0.093906,0.067761,0.969746,0.130142,0.551709,11.0000,1.209639,0.711697
13,305,10,0.090671,0.068589,0.977787,0.103736,0.575110,5.0000,1.159224,0.728538
13,306,10,0.090671,0.068589,0.977787,0.103736,0.575110,6.0000,1.096861,0.728538
13,307,10,0.090671,0.068589,0.977787,0.103736,0.575110,3.0000,1.114801,0.728538
13,308,10,0.090671,0.068589,0.977787,0.103736,0.575110,10.0000,1.074376,0.728538
13,309,12,0.086461,0.069100,0.991517,0.063966,0.592737,6.0000,1.116305,0.757293
13,310,2,0.742516,0.021885,0.530119,0.000000,0.914991,3.0000,1.522551,0.289460
13,311,3,0.307311,0.054789,0.766731,0.921290,0.841779,6.0000,1.218817,0.329028
13,312,5,0.172008,0.038140,0.912742,0.180871,0.724284,14.0000,0.866315,0.595673
13,313,8,0.089570,0.081450,0.965866,0.130083,0.451853,13.0000,0.939253,0.707565
13,314,12,0.083788,0.079751,0.999232,0.052409,0.534029,11.0000,1.254871,0.777843
13,315,12,0.083787,0.079745,0.999289,0.052617,0.533914,10.0000,1.326978,0.777962
13,316,13,0.082650,0.080442,0.999592,0.051764,0.457379,7.0000,1.097339,0.778602
13,317,13,0.076474,0.076839,1.004021,0.052221,0.448095,5.0000,0.983105,0.787928
13,318,13,0.076469,0.076839,1.004152,0.052163,0.448151,4.0000,1.153693,0.788204
13,319,15,0.076469,0.080553,1.005320,0.044914,0.515684,10.0000,1.195980,0.790664
13,320,1,0.819588,0.209662,0.241824,0.000000,1.000000,1.0000,1.398144,0.000000
13,321,4,0.143208,0.072106,0.904953,0.184270,0.114295,10.0000,1.154080,0.599385
13,322,7,0.102073,0.068382,0.970238,0.164509,0.465955,6.0000,0.991576,0.734526
13,323,9,0.092631,0.063373,0.986098,0.119854,0.596693,12.0000,1.030708,0.767357
13,324,10,0.080702,0.054980,1.011425,0.112859,0.626588,5.0000,1.169947,0.819785
13,325,11,0.080702,0.059821,1.011878,0.104363,0.529136,6.0000,1.183019,0.820723
13,326,12,0.065219,0.037310,1.043267,0.091727,0.707705,11.0000,1.187200,0.885698
13,327,13,0.058066,0.037393,1.043961,0.055870,0.605589,7.0000,1.130331,0.887135
13,328,14,0.053705,0.029668,1.049858,0.052506,0.651267,8.0000,1.124731,0.899342
13,329,14,0.053705,0.029668,1.049858,0.052506,0.651267,6.0000,1.140615,0.899342
13,330,1,0.719602,0.021095,0.505671,0.000000,1.000000,2.0000,1.358363,0.324461
13,331,3,0.267210,0.187190,0.667763,0.674062,0.728834,2.0000,1.241495,0.324461
13,332,7,0.182492,0.183536,0.750132,0.062323,0.523103,7.0000,1.120264,0.460526
13,333,7,0.147557,0.137298,0.857995,0.172445,0.562083,9.0000,1.076158,0.553680
13,334,8,0.134614,0.093784,0.894892,0.194748,0.708821,10.0000,1.157220,0.602657
13,335,10,0.088379,0.080921,0.979684,0.070426,0.347626,10.0000,1.157726,0.776395
13,336,9,0.064368,0.055027,1.000726,0.106513,0.458315,10.0000,1.113077,0.819511
13,337,10,0.064368,0.058978,1.000891,0.118530,0.549850,9.0000,1.073176,0.819848
13,338,11,0.062833,0.056463,1.001922,0.119233,0.635267,9.0000,1.096196,0.821960
13,339,11,0.055680,0.053139,1.014363,0.109543,0.687377,5.0000,1.102362,0.847453
13,340,1,0.741109,0.084582,0.400995,0.000000,1.000000,1.0000,1.407877,0.178231
13,341,5,0.234834,0.116844,0.672262,0.242462,0.853499,4.0000,1.153544,0.272077
13,342,8,0.155464,0.093535,0.816577,0.216131,0.905469,8.0000,0.962165,0.550936
13,343,9,0.161082,0.092747,0.850707,0.222267,0.990183,8.0000,1.076475,0.619730
13,344,8,0.138157,0.052846,0.923315,0.164296,0.675229,8.0000,1.189860,0.686687
13,345,9,0.108895,0.056422,0.965049,0.090386,0.585340,7.0000,1.101544,0.771658
13,346,10,0.109876,0.046128,0.980875,0.098793,0.703812,6.0000,1.069650,0.803882
13,347,13,0.079820,0.057825,0.989784,0.057617,0.589470,7.0000,1.070914,0.822019
13,348,14,0.078318,0.054495,0.992310,0.056833,0.623345,11.0000,1.091401,0.827163
13,349,15,0.078276,0.055873,0.992681,0.058496,0.670179,13.0000,1.142780,0.827918
13,350,1,0.847921,0.004170,0.434352,0.000000,1.000000,1.0000,1.395806,0.201985
13,351,1,0.847921,0.004170,0.434352,0.000000,1.000000,1.0000,1.136239,0.201985
13,352,4,0.207549,0.081943,0.809074,0.507894,0.646802,9.0000,0.872836,0.556228
13,353,8,0.082139,0.078029,0.926642,0.115193,0.508745,11.0000,1.060059,0.789955
13,354,9,0.080317,0.075996,0.933158,0.087700,0.544539,3.0000,1.254544,0.802910
13,355,10,0.079848,0.075721,0.944707,0.088467,0.552392,4.0000,1.169672,0.825868
13,356,12,0.077063,0.069568,0.945314,0.090576,0.715894,7.0000,1.021725,0.827076
13,357,12,0.077063,0.069568,0.945314,0.090576,0.715894,7.0000,1.044175,0.827076
13,358,13,0.071843,0.064359,0.948156,0.065593,0.744308,11.0000,1.154111,0.832726
13,359,14,0.067737,0.062820,0.950036,0.056447,0.724555,5.0000,1.151343,0.836462
13,360,2,0.379818,0.029276,0.691261,0.000000,0.036632,3.0000,1.398004,0.338283
13,361,3,0.253571,0.130889,0.716975,0.289626,0.225069,2.0000,1.168106,0.388230
13,362,5,0.117526,0.052425,0.859946,0.200474,0.336849,7.0000,1.011461,0.665942
13,363,9,0.106033,0.084871,0.874354,0.085241,0.591454,8.0000,1.039999,0.693927
13,364,11,0.091424,0.070735,0.882063,0.078875,0.610725,9.0000,1.135635,0.708901
13,365,11,0.087975,0.066700,0.886103,0.086327,0.631465,5.0000,1.154374,0.716750
13,366,12,0.074470,0.074469,0.917511,0.060506,0.548568,5.0000,1.143161,0.777757
13,367,12,0.074470,0.074469,0.917511,0.060506,0.548568,10.0000,1.141564,0.777757
13,368,13,0.070685,0.069846,0.920894,0.065725,0.568993,6.0000,1.115600,0.784329
13,369,14,0.069437,0.072465,0.921723,0.054980,0.567621,5.0000,1.207306,0.785939
13,370,0,,,,,,0.0000,1.446766,0.000000
13,371,0,,,,,,0.0000,1.467913,0.000000
13,372,0,,,,,,0.0000,1.315135,0.000000
13,373,0,,,,,,0.0000,1.278428,0.000000
13,374,0,,,,,,0.0000,1.329511,0.000000
13,375,0,,,,,,0.0000,1.363284,0.000000
13,376,0,,,,,,0.0000,1.316306,0.000000
13,377,0,,,,,,0.0000,1.294561,0.000000
13,378,0,,,,,,0.0000,1.312823,0.000000
13,379,0,,,,,,0.0000,1.359389,0.000000
13,380,0,,,,,,0.0000,1.354642,0.000000
13,381,0,,,,,,0.0000,1.269169,0.000000
13,382,0,,,,,,0.0000,1.254250,0.000000
13,383,0,,,,,,0.0000,1.345959,0.000000
13,384,0,,,,,,0.0000,1.346102,0.000000
13,385,0,,,,,,0.0000,1.320714,0.000000
13,386,0,,,,,,0.0000,1.288977,0.000000
13,387,0,,,,,,0.0000,1.298524,0.000000
13,388,0,,,,,,0.0000,1.368491,0.000000
13,389,0,,,,,,0.0000,1.357032,0.000000
13,390,0,,,,,,0.0000,1.294795,0.000000
13,391,0,,,,,,0.0000,1.297485,0.000000
13,392,0,,,,,,0.0000,1.371792,0.000000
13,393,0,,,,,,0.0000,1.324389,0.000000
13,394,0,,,,,,0.0000,1.274757,0.000000
13,395,0,,,,,,0.0000,1.280274,0.000000
13,396,0,,,,,,0.0000,1.337312,0.000000
13,397,0,,,,,,0.0000,1.369833,0.000000
13,398,0,,,,,,0.0000,1.328347,0.000000
13,399,0,,,,,,0.0000,1.271168,0.000000
13,400,0,,,,,,0.0000,1.301910,0.000000
13,401,0,,,,,,0.0000,1.361246,0.000000
13,402,0,,,,,,0.0000,1.333087,0.000000
13,403,0,,,,,,0.0000,1.306776,0.000000
13,404,0,,,,,,0.0000,1.312268,0.000000
13,405,0,,,,,,0.0000,1.336922,0.000000
13,406,0,,,,,,0.0000,1.333192,0.000000
13,407,0,,,,,,0.0000,1.304689,0.000000
13,408,0,,,,,,0.0000,1.339120,0.000000
13,409,0,,,,,,0.0000,1.321965,0.000000
13,410,0,,,,,,0.0000,1.322300,0.000000
13,411,0,,,,,,0.0000,1.306692,0.000000
13,412,0,,,,,,0.0000,1.311126,0.000000
13,413,0,,,,,,0.0000,1.302585,0.000000
13,414,0,,,,,,0.0000,1.288815,0.000000
13,415,0,,,,,,0.0000,1.324944,0.000000
13,416,0,,,,,,0.0000,1.349503,0.000000
13,417,0,,,,,,0.0000,1.293598,0.000000
13,418,0,,,,,,0.0000,1.276526,0.000000
13,419,0,,,,,,0.0000,1.346716,0.000000
13,420,0,,,,,,0.0000,1.338883,0.000000
13,421,0,,,,,,0.0000,1.346363,0.000000
13,422,0,,,,,,0.0000,1.266290,0.000000
13,423,0,,,,,,0.0000,1.275491,0.000000
13,424,0,,,,,,0.0000,1.336990,0.000000
13,425,0,,,,,,0.0000,1.335628,0.000000
13,426,0,,,,,,0.0000,1.327038,0.000000
13,427,0,,,,,,0.0000,1.287888,0.000000
13,428,0,,,,,,0.0000,1.300182,0.000000
13,429,0,,,,,,0.0000,1.324537,0.000000
13,430,0,,,,,,0.0000,1.313828,0.000000
13,431,0,,,,,,0.0000,1.268516,0.000000
13,432,0,,,,,,0.0000,1.303190,0.000000
13,433,0,,,,,,0.0000,1.320956,0.000000
13,434,0,,,,,,0.0000,1.290422,0.000000
13,435,0,,,,,,0.0000,1.314922,0.000000
13,436,0,,,,,,0.0000,1.312627,0.000000
13,437,0,,,,,,0.0000,1.313483,0.000000
13,438,0,,,,,,0.0000,1.280599,0.000000
13,439,0,,,,,,0.0000,1.282762,0.000000
13,440,0,,,,,,0.0000,1.329289,0.000000
13,441,0,,,,,,0.0000,1.311889,0.000000
13,442,0,,,,,,0.0000,1.340015,0.000000
13,443,0,,,,,,0.0000,1.355070,0.000000
13,444,0,,,,,,0.0000,1.283723,0.000000
13,445,0,,,,,,0.0000,1.298658,0.000000
13,446,0,,,,,,0.0000,1.332368,0.000000
13,447,0,,,,,,0.0000,1.330961,0.000000
13,448,0,,,,,,0.0000,1.283900,0.000000
13,449,0,,,,,,0.0000,1.290509,0.000000
13,450,0,,,,,,0.0000,1.349922,0.000000
13,451,0,,,,,,0.0000,1.351854,0.000000
13,452,0,,,,,,0.0000,1.334606,0.000000
13,453,0,,,,,,0.0000,1.264109,0.000000
13,454,0,,,,,,0.0000,1.296095,0.000000
13,455,0,,,,,,0.0000,1.351970,0.000000
13,456,0,,,,,,0.0000,1.371870,0.000000
13,457,0,,,,,,0.0000,1.313451,0.000000
13,458,0,,,,,,0.0000,1.304024,0.000000
13,459,0,,,,,,0.0000,1.316628,0.000000
13,460,0,,,,,,0.0000,1.355524,0.000000
13,461,0,,,,,,0.0000,1.310893,0.000000
13,462,0,,,,,,0.0000,1.292011,0.000000
13,463,0,,,,,,0.0000,1.299465,0.000000
13,464,0,,,,,,0.0000,1.360734,0.000000
13,465,0,,,,,,0.0000,1.359844,0.000000
13,466,0,,,,,,0.0000,1.277591,0.000000
13,467,0,,,,,,0.0000,1.296449,0.000000
13,468,0,,,,,,0.0000,1.332926,0.000000
13,469,0,,,,,,0.0000,1.334933,0.000000
13,470,0,,,,,,0.0000,1.309894,0.000000
13,471,0,,,,,,0.0000,1.345394,0.000000
13,472,0,,,,,,0.0000,1.295171,0.000000
13,473,0,,,,,,0.0000,1.280456,0.000000
13,474,0,,,,,,0.0000,1.310358,0.000000
13,475,0,,,,,,0.0000,1.355681,0.000000
13,476,0,,,,,,0.0000,1.375211,0.000000
13,477,0,,,,,,0.0000,1.301383,0.000000
13,478,0,,,,,,0.0000,1.238260,0.000000
13,479,0,,,,,,0.0000,1.310970,0.000000
13,480,0,,,,,,0.0000,1.402025,0.000000
13,481,0,,,,,,0.0000,1.341528,0.000000
13,482,0,,,,,,0.0000,1.261394,0.000000
13,483,0,,,,,,0.0000,1.287851,0.000000
13,484,0,,,,,,0.0000,1.328751,0.000000
13,485,0,,,,,,0.0000,1.315278,0.000000
13,486,0,,,,,,0.0000,1.318205,0.000000
13,487,0,,,,,,0.0000,1.303166,0.000000
13,488,0,,,,,,0.0000,1.306111,0.000000
13,489,0,,,,,,0.0000,1.336394,0.000000
13,490,0,,,,,,0.0000,1.308455,0.000000
13,491,0,,,,,,0.0000,1.328199,0.000000
13,492,0,,,,,,0.0000,1.302747,0.000000
13,493,0,,,,,,0.0000,1.317385,0.000000
13,494,0,,,,,,0.0000,1.320408,0.000000
13,495,0,,,,,,0.0000,1.315083,0.000000
13,496,0,,,,,,0.0000,1.292659,0.000000
13,497,0,,,,,,0.0000,1.330529,0.000000
13,498,0,,,,,,0.0000,1.357868,0.000000
13,499,0,,,,,,0.0000,1.362970,0.000000
13,500,0,,,,,,0.0000,1.328711,0.000000
13,501,0,,,,,,0.0000,1.273343,0.000000
13,502,0,,,,,,0.0000,1.323647,0.000000
13,503,0,,,,,,0.0000,1.395808,0.000000
13,504,0,,,,,,0.0000,1.356954,0.000000
13,505,0,,,,,,0.0000,1.290646,0.000000
13,506,0,,,,,,0.0000,1.255018,0.000000
13,507,0,,,,,,0.0000,1.311746,0.000000
13,508,0,,,,,,0.0000,1.316544,0.000000
13,509,0,,,,,,0.0000,1.307981,0.000000
13,510,0,,,,,,0.0000,1.295339,0.000000
13,511,0,,,,,,0.0000,1.307855,0.000000
13,512,0,,,,,,0.0000,1.323099,0.000000
13,513,0,,,,,,0.0000,1.332580,0.000000
13,514,0,,,,,,0.0000,1.311642,0.000000
13,515,0,,,,,,0.0000,1.311427,0.000000
13,516,0,,,,,,0.0000,1.346204,0.000000
13,517,0,,,,,,0.0000,1.343161,0.000000
13,518,0,,,,,,0.0000,1.331090,0.000000
13,519,0,,,,,,0.0000,1.354941,0.000000
13,520,0,,,,,,0.0000,1.368279,0.000000
13,521,0,,,,,,0.0000,1.316745,0.000000
13,522,0,,,,,,0.0000,1.272082,0.000000
13,523,0,,,,,,0.0000,1.302738,0.000000
13,524,0,,,,,,0.0000,1.357075,0.000000
13,525,0,,,,,,0.0000,1.329054,0.000000
13,526,0,,,,,,0.0000,1.288698,0.000000
13,527,0,,,,,,0.0000,1.314428,0.000000
13,528,0,,,,,,0.0000,1.326061,0.000000
13,529,0,,,,,,0.0000,1.318620,0.000000
13,530,0,,,,,,0.0000,1.330279,0.000000
13,531,0,,,,,,0.0000,1.303075,0.000000
13,532,0,,,,,,0.0000,1.323092,0.000000
13,533,0,,,,,,0.0000,1.283334,0.000000
13,534,0,,,,,,0.0000,1.282866,0.000000
13,535,0,,,,,,0.0000,1.323556,0.000000
13,536,0,,,,,,0.0000,1.310394,0.000000
13,537,0,,,,,,0.0000,1.309714,0.000000
13,538,0,,,,,,0.0000,1.324078,0.000000
13,539,0,,,,,,0.0000,1.318356,0.000000
13,540,0,,,,,,0.0000,1.312666,0.000000
13,541,0,,,,,,0.0000,1.300553,0.000000
13,542,0,,,,,,0.0000,1.313892,0.000000
13,543,0,,,,,,0.0000,1.329000,0.000000
13,544,0,,,,,,0.0000,1.313679,0.000000
13,545,0,,,,,,0.0000,1.312509,0.000000
13,546,0,,,,,,0.0000,1.319210,0.000000
13,547,0,,,,,,0.0000,1.318658,0.000000
13,548,0,,,,,,0.0000,1.302511,0.000000
13,549,0,,,,,,0.0000,1.309144,0.000000
13,550,0,,,,,,0.0000,1.376907,0.000000
13,551,0,,,,,,0.0000,1.358842,0.000000
13,552,0,,,,,,0.0000,1.296178,0.000000
13,553,0,,,,,,0.0000,1.285415,0.000000
13,554,0,,,,,,0.0000,1.332380,0.000000
13,555,0,,,,,,0.0000,1.337869,0.000000
13,556,0,,,,,,0.0000,1.284584,0.000000
13,557,0,,,,,,0.0000,1.312308,0.000000
13,558,0,,,,,,0.0000,1.333286,0.000000
13,559,0,,,,,,0.0000,1.323868,0.000000
13,560,0,,,,,,0.0000,1.302831,0.000000
13,561,0,,,,,,0.0000,1.327496,0.000000
13,562,0,,,,,,0.0000,1.349464,0.000000
13,563,0,,,,,,0.0000,1.289942,0.000000
13,564,0,,,,,,0.0000,1.307011,0.000000
13,565,0,,,,,,0.0000,1.312759,0.000000
13,566,0,,,,,,0.0000,1.336368,0.000000
13,567,0,,,,,,0.0000,1.344289,0.000000
13,568,0,,,,,,0.0000,1.288890,0.000000
13,569,0,,,,,,0.0000,1.296751,0.000000
13,570,0,,,,,,0.0000,1.319850,0.000000
13,571,0,,,,,,0.0000,1.359105,0.000000
13,572,0,,,,,,0.0000,1.377138,0.000000
13,573,0,,,,,,0.0000,1.317336,0.000000
13,574,0,,,,,,0.0000,1.322365,0.000000
13,575,0,,,,,,0.0000,1.291685,0.000000
13,576,0,,,,,,0.0000,1.322284,0.000000
13,577,0,,,,,,0.0000,1.325998,0.000000
13,578,0,,,,,,0.0000,1.330824,0.000000
13,579,0,,,,,,0.0000,1.329189,0.000000
13,580,0,,,,,,0.0000,1.281765,0.000000
13,581,0,,,,,,0.0000,1.312901,0.000000
13,582,0,,,,,,0.0000,1.330381,0.000000
13,583,0,,,,,,0.0000,1.299842,0.000000
13,584,0,,,,,,0.0000,1.297568,0.000000
13,585,0,,,,,,0.0000,1.336317,0.000000
13,586,0,,,,,,0.0000,1.334840,0.000000
13,587,0,,,,,,0.0000,1.316322,0.000000
13,588,0,,,,,,0.0000,1.348721,0.000000
13,589,0,,,,,,0.0000,1.358508,0.000000
13,590,0,,,,,,0.0000,1.275120,0.000000
13,591,0,,,,,,0.0000,1.295500,0.000000
13,592,0,,,,,,0.0000,1.271502,0.000000
13,593,0,,,,,,0.0000,1.286980,0.000000
13,594,0,,,,,,0.0000,1.348533,0.000000
13,595,0,,,,,,0.0000,1.371765,0.000000
13,596,0,,,,,,0.0000,1.299948,0.000000
13,597,0,,,,,,0.0000,1.284802,0.000000
13,598,0,,,,,,0.0000,1.310485,0.000000
13,599,0,,,,,,0.0000,1.323523,0.000000
13,600,0,,,,,,0.0000,1.311656,0.000000
13,601,0,,,,,,0.0000,1.322081,0.000000
13,602,0,,,,,,0.0000,1.305485,0.000000
13,603,0,,,,,,0.0000,1.306728,0.000000
13,604,0,,,,,,0.0000,1.325657,0.000000
13,605,0,,,,,,0.0000,1.338435,0.000000
13,606,0,,,,,,0.0000,1.313846,0.000000
13,607,0,,,,,,0.0000,1.317440,0.000000
13,608,0,,,,,,0.0000,1.296399,0.000000
13,609,0,,,,,,0.0000,1.300447,0.000000
13,610,0,,,,,,0.0000,1.309934,0.000000
13,611,0,,,,,,0.0000,1.298983,0.000000
13,612,0,,,,,,0.0000,1.323278,0.000000
13,613,0,,,,,,0.0000,1.312023,0.000000
13,614,0,,,,,,0.0000,1.322777,0.000000
13,615,0,,,,,,0.0000,1.363993,0.000000
13,616,0,,,,,,0.0000,1.337264,0.000000
13,617,0,,,,,,0.0000,1.250910,0.000000
13,618,0,,,,,,0.0000,1.281980,0.000000
13,619,0,,,,,,0.0000,1.326433,0.000000
13,620,0,,,,,,0.0000,1.334955,0.000000
13,621,0,,,,,,0.0000,1.295416,0.000000
13,622,0,,,,,,0.0000,1.321904,0.000000
13,623,0,,,,,,0.0000,1.321563,0.000000
13,624,0,,,,,,0.0000,1.325628,0.000000
13,625,0,,,,,,0.0000,1.285819,0.000000
13,626,0,,,,,,0.0000,1.295136,0.000000
13,627,0,,,,,,0.0000,1.352351,0.000000
13,628,0,,,,,,0.0000,1.345933,0.000000
13,629,0,,,,,,0.0000,1.299658,0.000000
13,630,0,,,,,,0.0000,1.314131,0.000000
13,631,0,,,,,,0.0000,1.280380,0.000000
13,632,0,,,,,,0.0000,1.325981,0.000000
13,633,0,,,,,,0.0000,1.337355,0.000000
13,634,0,,,,,,0.0000,1.322696,0.000000
13,635,0,,,,,,0.0000,1.299702,0.000000
13,636,0,,,,,,0.0000,1.327765,0.000000
13,637,0,,,,,,0.0000,1.336463,0.000000
13,638,0,,,,,,0.0000,1.338623,0.000000
13,639,0,,,,,,0.0000,1.298390,0.000000
13,640,0,,,,,,0.0000,1.330813,0.000000
13,641,1,0.858252,0.005150,0.416614,0.000000,1.000000,1.0000,1.346139,0.200477
13,642,5,0.174037,0.098488,0.775402,0.315056,0.598198,7.0000,1.024299,0.554335
13,643,9,0.137228,0.113023,0.810283,0.094625,0.498650,12.0000,0.955066,0.622088
13,644,12,0.115538,0.112215,0.864833,0.091870,0.509067,15.0000,1.071912,0.728046
13,645,12,0.113925,0.110305,0.872915,0.082516,0.499520,13.0000,1.201418,0.743746
13,646,13,0.102098,0.095795,0.881021,0.068660,0.511948,12.0000,1.139091,0.759491
13,647,12,0.083740,0.073906,0.916880,0.076382,0.430213,7.0000,0.999194,0.778837
13,648,12,0.083740,0.073906,0.916880,0.076382,0.430213,7.0000,1.046126,0.778837
13,649,12,0.083740,0.073906,0.916880,0.076382,0.430213,6.0000,1.127511,0.778837
13,650,2,0.390370,0.121578,0.525440,0.000000,0.476138,2.0000,1.396548,0.287054
13,651,4,0.141952,0.091603,0.817664,0.126314,0.246633,5.0000,1.237236,0.618353
13,652,8,0.085264,0.073418,0.920690,0.052210,0.335173,9.0000,0.986456,0.754367
13,653,11,0.080892,0.074453,0.950020,0.085120,0.521335,11.0000,0.963249,0.782703
13,654,11,0.064436,0.048989,0.963026,0.068544,0.466458,7.0000,1.211581,0.808558
13,655,11,0.061126,0.044191,0.966751,0.066334,0.453637,5.0000,1.202990,0.815964
13,656,11,0.061054,0.044185,0.967192,0.065937,0.453374,4.0000,1.184572,0.816841
13,657,15,0.055328,0.039755,0.994241,0.058888,0.686218,10.0000,1.105466,0.870616
13,658,15,0.055275,0.039686,0.994545,0.058827,0.685823,6.0000,1.096593,0.871219
13,659,15,0.055275,0.039686,0.994545,0.058827,0.685823,8.0000,1.160279,0.871219
13,660,2,0.622723,0.338909,0.217526,0.000000,0.763687,2.0000,1.436921,0.026942
13,661,3,0.277105,0.182007,0.668820,0.584668,0.734335,7.0000,1.150088,0.441542
13,662,6,0.150013,0.098463,0.846254,0.250508,0.605313,7.0000,0.950502,0.607592
13,663,9,0.105836,0.080459,0.900911,0.122436,0.732666,12.0000,0.949567,0.718874
13,664,11,0.103084,0.072981,0.939774,0.112394,0.767711,12.0000,1.213187,0.740549
13,665,11,0.134830,0.037021,0.966064,0.122051,0.930993,8.0000,1.205151,0.783453
13,666,12,0.134810,0.041202,0.974086,0.117766,0.960274,13.0000,1.064979,0.790058
13,667,14,0.062956,0.038334,1.005839,0.096496,0.721190,8.0000,1.072094,0.854708
13,668,14,0.062956,0.038334,1.005839,0.096496,0.721190,2.0000,1.110164,0.854708
13,669,15,0.062179,0.037081,1.006759,0.091684,0.763885,8.0000,1.123420,0.856581
13,670,1,0.736289,0.260150,0.264446,0.000000,1.000000,1.0000,1.392959,0.009523
13,671,5,0.239936,0.150970,0.686283,0.115889,0.785956,6.0000,1.187291,0.411673
13,672,9,0.152646,0.095764,0.863514,0.097041,0.946350,14.0000,1.036432,0.631662
13,673,11,0.146290,0.088657,0.903682,0.074225,0.854035,11.0000,1.027819,0.661580
13,674,12,0.068337,0.067135,0.974509,0.091451,0.708551,14.0000,1.124466,0.774656
13,675,13,0.065183,0.060170,0.977731,0.089103,0.775111,5.0000,1.250212,0.781259
13,676,15,0.064037,0.064342,0.980355,0.089149,0.712081,7.0000,1.136045,0.786634
13,677,15,0.062960,0.066385,0.990000,0.054198,0.600663,10.0000,1.055758,0.797531
13,678,13,0.053105,0.056399,1.001777,0.056461,0.581397,7.0000,1.074221,0.821662
13,679,15,0.051910,0.050439,1.006695,0.033055,0.681775,10.0000,1.228306,0.831740
13,680,4,0.305123,0.119110,0.645950,0.432588,0.924604,5.0000,1.436375,0.379608
13,681,7,0.081715,0.060516,0.952004,0.153585,0.447207,6.0000,1.134233,0.758212
13,682,8,0.073820,0.052833,0.974242,0.154343,0.526927,7.0000,0.969411,0.781952
13,683,11,0.064467,0.051992,0.991135,0.096336,0.515012,12.0000,1.118374,0.816922
13,684,12,0.063532,0.048826,0.993411,0.103587,0.573794,13.0000,1.203173,0.821415
13,685,12,0.063522,0.048796,0.993492,0.103595,0.574041,11.0000,1.227309,0.821582
13,686,13,0.062339,0.046884,1.019240,0.049368,0.543642,9.0000,1.076728,0.835963
13,687,13,0.062281,0.046737,1.019871,0.049188,0.544816,7.0000,1.057391,0.837268
13,688,16,0.062030,0.043299,1.023957,0.049772,0.654302,8.0000,1.161070,0.845727
13,689,17,0.061813,0.049693,1.030761,0.057223,0.568131,7.0000,1.078631,0.859811
13,690,2,0.739738,0.048776,0.487242,0.000000,0.902715,3.0000,1.396389,0.219350
13,691,4,0.214765,0.104875,0.832401,0.374308,0.518554,7.0000,1.203908,0.463195
13,692,5,0.214599,0.094054,0.855166,0.300461,0.748400,7.0000,0.978193,0.474404
13,693,9,0.137381,0.113442,0.902836,0.071357,0.710663,11.0000,1.024257,0.574809
13,694,9,0.087773,0.065743,0.967323,0.103871,0.650509,9.0000,1.164469,0.710634
13,695,12,0.079099,0.066086,1.002190,0.065446,0.541492,14.0000,1.115119,0.784073
13,696,13,0.058930,0.045235,1.031659,0.058022,0.543996,9.0000,1.156173,0.846141
13,697,14,0.045867,0.042797,1.047850,0.047523,0.630959,8.0000,1.091125,0.880243
13,698,16,0.039616,0.039674,1.051463,0.052816,0.667456,14.0000,1.064504,0.887855
13,699,16,0.043659,0.039931,1.056533,0.069760,0.730528,11.0000,1.106105,0.898533
13,700,1,0.826314,0.006115,0.472953,0.000000,1.000000,4.0000,1.381962,0.194814
13,701,6,0.167705,0.073924,0.873617,0.205867,0.747201,9.0000,1.213488,0.523788
13,702,5,0.161235,0.074850,0.905162,0.183236,0.608786,8.0000,0.974188,0.589591
13,703,6,0.155103,0.101996,0.906715,0.167122,0.479768,7.0000,1.018409,0.592843
13,704,7,0.140923,0.082239,0.948776,0.120678,0.616643,14.0000,1.104664,0.673957
13,705,8,0.137307,0.076997,0.954796,0.096312,0.587879,8.0000,1.136366,0.686565
13,706,9,0.073585,0.055062,0.989801,0.067069,0.497128,14.0000,1.069132,0.759878
13,707,11,0.067113,0.051773,1.031272,0.066887,0.462438,12.0000,1.149502,0.840555
13,708,12,0.063735,0.048921,1.034748,0.053804,0.508395,10.0000,1.162344,0.847835
13,709,12,0.063735,0.048921,1.034748,0.053804,0.508395,11.0000,1.063085,0.847835
13,710,1,0.789577,0.357917,0.127952,0.000000,1.000000,1.0000,1.334404,0.000000
13,711,4,0.275969,0.102514,0.814303,0.749413,0.948975,9.0000,1.284853,0.388336
13,712,6,0.124014,0.098215,0.931867,0.248676,0.458801,11.0000,1.009752,0.635956
13,713,6,0.091763,0.055417,0.987450,0.166543,0.466923,7.0000,0.925734,0.753026
13,714,9,0.084309,0.058943,1.008873,0.120868,0.515518,9.0000,1.147889,0.798149
13,715,10,0.081954,0.056187,1.010373,0.114611,0.619621,5.0000,1.288916,0.801308
13,716,10,0.081954,0.056187,1.010373,0.114611,0.619621,10.0000,1.157565,0.801308
13,717,12,0.079103,0.065863,1.014761,0.051834,0.711049,7.0000,1.045656,0.810551
13,718,12,0.079103,0.065863,1.014761,0.051834,0.711049,5.0000,1.064931,0.810551
13,719,13,0.052184,0.047498,1.042273,0.060194,0.540773,14.0000,1.133883,0.868498
13,720,1,0.677062,0.246804,0.214349,0.000000,1.000000,1.0000,1.451196,0.029078
13,721,3,0.382355,0.255525,0.564212,0.726049,0.832852,4.0000,1.206859,0.179446
13,722,5,0.178505,0.120149,0.836890,0.213038,0.643922,11.0000,0.966718,0.574100
13,723,7,0.079590,0.065325,0.939166,0.092316,0.463306,10.0000,1.019729,0.721174
13,724,9,0.075655,0.058559,0.975245,0.043515,0.404154,10.0000,1.223612,0.744892
13,725,9,0.075655,0.058559,0.975245,0.043515,0.404154,6.0000,1.198228,0.744892
13,726,8,0.070885,0.043662,0.991823,0.040926,0.443306,8.0000,1.057633,0.779208
13,727,10,0.062040,0.044979,1.019215,0.063950,0.631507,10.0000,1.023187,0.835910
13,728,12,0.060682,0.041857,1.021526,0.053550,0.768093,5.0000,1.135382,0.840694
13,729,13,0.060335,0.042000,1.029839,0.048825,0.731950,8.0000,1.187741,0.857903
13,730,1,0.831208,0.078499,0.364100,0.000000,1.000000,1.0000,1.390741,0.068388
13,731,3,0.281450,0.117047,0.788578,0.802089,0.758233,3.0000,1.156245,0.485581
13,732,5,0.175677,0.122603,0.881080,0.038226,0.399910,11.0000,0.993363,0.574355
13,733,5,0.173987,0.121755,0.889130,0.036376,0.396814,7.0000,1.183332,0.590850
13,734,7,0.125480,0.107078,0.936233,0.032640,0.173408,5.0000,1.213469,0.687363
13,735,6,0.120431,0.045818,0.951558,0.058489,0.336472,10.0000,1.100615,0.718765
13,736,8,0.118258,0.087445,0.953364,0.109919,0.454428,9.0000,1.050636,0.722465
13,737,10,0.063308,0.039746,1.019379,0.104466,0.438864,7.0000,1.115808,0.857730
13,738,10,0.063308,0.039746,1.019379,0.104466,0.438864,4.0000,1.215753,0.857730
13,739,10,0.059285,0.032377,1.031430,0.106232,0.433445,8.0000,1.142166,0.882422
13,740,4,0.303708,0.157568,0.745697,0.490436,0.666935,4.0000,1.316689,0.325054
13,741,6,0.181960,0.075927,0.844788,0.199833,0.800739,9.0000,1.133299,0.526805
13,742,10,0.152342,0.052906,0.963179,0.075543,0.743054,13.0000,1.016481,0.767851
13,743,10,0.094070,0.058745,0.965416,0.095648,0.593547,6.0000,1.048552,0.772406
13,744,10,0.140510,0.053919,0.977449,0.060259,0.674676,4.0000,1.160370,0.796905
13,745,11,0.095714,0.067538,0.979435,0.104859,0.587395,9.0000,1.153773,0.800950
13,746,12,0.095160,0.065539,0.980043,0.102333,0.632374,8.0000,1.140875,0.802187
13,747,12,0.095160,0.065539,0.980043,0.102333,0.632374,5.0000,1.192073,0.802187
13,748,16,0.070914,0.068910,0.991083,0.034793,0.687694,11.0000,1.133505,0.824666
13,749,17,0.070633,0.066980,0.992201,0.031518,0.719009,7.0000,1.099965,0.826940
13,750,3,0.310714,0.024012,0.815237,0.837566,0.725860,6.0000,1.367160,0.514751
13,751,5,0.207431,0.084575,0.843016,0.185742,0.627558,7.0000,1.179951,0.569978
13,752,7,0.155467,0.100459,0.878607,0.099415,0.533934,6.0000,0.966224,0.640732
13,753,7,0.116458,0.069349,0.904095,0.108835,0.510182,6.0000,1.068696,0.691403
13,754,10,0.097371,0.060162,0.925399,0.072837,0.594024,6.0000,1.139091,0.733757
13,755,11,0.093323,0.056752,0.930545,0.028651,0.636357,8.0000,1.104905,0.743986
13,756,12,0.088164,0.055955,0.950526,0.029302,0.615087,9.0000,1.118309,0.783708
13,757,13,0.065479,0.055719,0.961790,0.053815,0.495942,6.0000,1.090394,0.806101
13,758,13,0.065479,0.055719,0.961790,0.053815,0.495942,6.0000,1.105225,0.806101
13,759,15,0.065024,0.061554,0.965163,0.039262,0.518778,10.0000,1.120403,0.812807
13,760,0,,,,,,0.0000,1.418146,0.000000
13,761,0,,,,,,0.0000,1.461691,0.000000
13,762,0,,,,,,0.0000,1.360241,0.000000
13,763,0,,,,,,0.0000,1.228238,0.000000
13,764,0,,,,,,0.0000,1.275190,0.000000
13,765,0,,,,,,0.0000,1.412232,0.000000
13,766,0,,,,,,0.0000,1.372565,0.000000
13,767,0,,,,,,0.0000,1.261044,0.000000
13,768,0,,,,,,0.0000,1.256189,0.000000
13,769,1,0.855186,0.000966,0.424608,0.000000,1.000000,1.0000,1.372489,0.213476
13,770,0,,,,,,0.0000,1.359123,0.000000
13,771,0,,,,,,0.0000,1.294882,0.000000
13,772,0,,,,,,0.0000,1.328264,0.000000
13,773,0,,,,,,0.0000,1.366327,0.000000
13,774,0,,,,,,0.0000,1.316423,0.000000
13,775,0,,,,,,0.0000,1.281900,0.000000
13,776,0,,,,,,0.0000,1.308871,0.000000
13,777,0,,,,,,0.0000,1.350257,0.000000
13,778,0,,,,,,0.0000,1.353622,0.000000
13,779,0,,,,,,0.0000,1.309029,0.000000
13,780,0,,,,,,0.0000,1.305335,0.000000
13,781,0,,,,,,0.0000,1.308984,0.000000
13,782,0,,,,,,0.0000,1.309625,0.000000
13,783,0,,,,,,0.0000,1.320592,0.000000
13,784,0,,,,,,0.0000,1.322067,0.000000
13,785,0,,,,,,0.0000,1.332584,0.000000
13,786,0,,,,,,0.0000,1.343260,0.000000
13,787,0,,,,,,0.0000,1.315738,0.000000
13,788,0,,,,,,0.0000,1.326406,0.000000
13,789,0,,,,,,0.0000,1.278523,0.000000
13,790,0,,,,,,0.0000,1.312874,0.000000
13,791,0,,,,,,0.0000,1.346089,0.000000
13,792,0,,,,,,0.0000,1.364910,0.000000
13,793,0,,,,,,0.0000,1.290555,0.000000
13,794,0,,,,,,0.0000,1.287919,0.000000
13,795,0,,,,,,0.0000,1.333559,0.000000
13,796,0,,,,,,0.0000,1.341791,0.000000
13,797,0,,,,,,0.0000,1.272624,0.000000
13,798,0,,,,,,0.0000,1.284147,0.000000
13,799,0,,,,,,0.0000,1.309920,0.000000
13,800,0,,,,,,0.0000,1.310689,0.000000
13,801,0,,,,,,0.0000,1.281653,0.000000
13,802,0,,,,,,0.0000,1.322262,0.000000
13,803,0,,,,,,0.0000,1.342691,0.000000
13,804,0,,,,,,0.0000,1.315179,0.000000
13,805,0,,,,,,0.0000,1.297058,0.000000
13,806,0,,,,,,0.0000,1.289126,0.000000
13,807,0,,,,,,0.0000,1.318038,0.000000
13,808,0,,,,,,0.0000,1.321429,0.000000
13,809,0,,,,,,0.0000,1.321954,0.000000
13,810,0,,,,,,0.0000,1.321878,0.000000
13,811,0,,,,,,0.0000,1.351180,0.000000
13,812,0,,,,,,0.0000,1.324336,0.000000
13,813,0,,,,,,0.0000,1.265021,0.000000
13,814,0,,,,,,0.0000,1.332690,0.000000
13,815,0,,,,,,0.0000,1.346280,0.000000
13,816,0,,,,,,0.0000,1.298889,0.000000
13,817,0,,,,,,0.0000,1.269056,0.000000
13,818,0,,,,,,0.0000,1.261781,0.000000
13,819,0,,,,,,0.0000,1.310999,0.000000
13,820,0,,,,,,0.0000,1.329153,0.000000
13,821,0,,,,,,0.0000,1.303107,0.000000
13,822,0,,,,,,0.0000,1.279020,0.000000
13,823,0,,,,,,0.0000,1.331088,0.000000
13,824,0,,,,,,0.0000,1.327279,0.000000
13,825,0,,,,,,0.0000,1.335012,0.000000
13,826,0,,,,,,0.0000,1.307263,0.000000
13,827,0,,,,,,0.0000,1.285740,0.000000
13,828,0,,,,,,0.0000,1.355335,0.000000
13,829,0,,,,,,0.0000,1.344314,0.000000
13,830,0,,,,,,0.0000,1.308206,0.000000
13,831,0,,,,,,0.0000,1.299186,0.000000
13,832,0,,,,,,0.0000,1.304090,0.000000
13,833,0,,,,,,0.0000,1.351192,0.000000
13,834,0,,,,,,0.0000,1.304442,0.000000
13,835,0,,,,,,0.0000,1.279613,0.000000
13,836,0,,,,,,0.0000,1.292638,0.000000
13,837,0,,,,,,0.0000,1.297101,0.000000
13,838,0,,,,,,0.0000,1.344974,0.000000
13,839,0,,,,,,0.0000,1.324695,0.000000
13,840,0,,,,,,0.0000,1.325918,0.000000
13,841,0,,,,,,0.0000,1.290041,0.000000
13,842,0,,,,,,0.0000,1.294943,0.000000
13,843,0,,,,,,0.0000,1.283130,0.000000
13,844,0,,,,,,0.0000,1.303073,0.000000
13,845,0,,,,,,0.0000,1.326531,0.000000
13,846,0,,,,,,0.0000,1.330677,0.000000
13,847,0,,,,,,0.0000,1.303009,0.000000
13,848,0,,,,,,0.0000,1.312869,0.000000
13,849,0,,,,,,0.0000,1.332917,0.000000
13,850,0,,,,,,0.0000,1.295758,0.000000
13,851,0,,,,,,0.0000,1.294114,0.000000
13,852,0,,,,,,0.0000,1.303473,0.000000
13,853,0,,,,,,0.0000,1.332624,0.000000
13,854,0,,,,,,0.0000,1.324914,0.000000
13,855,0,,,,,,0.0000,1.317175,0.000000
13,856,0,,,,,,0.0000,1.292055,0.000000
13,857,0,,,,,,0.0000,1.333199,0.000000
13,858,0,,,,,,0.0000,1.332359,0.000000
13,859,0,,,,,,0.0000,1.328973,0.000000
13,860,0,,,,,,0.0000,1.291278,0.000000
13,861,0,,,,,,0.0000,1.256292,0.000000
13,862,0,,,,,,0.0000,1.315555,0.000000
13,863,0,,,,,,0.0000,1.365795,0.000000
13,864,0,,,,,,0.0000,1.302247,0.000000
13,865,0,,,,,,0.0000,1.257272,0.000000
13,866,0,,,,,,0.0000,1.344119,0.000000
13,867,0,,,,,,0.0000,1.390541,0.000000
13,868,0,,,,,,0.0000,1.316559,0.000000
13,869,0,,,,,,0.0000,1.259014,0.000000
13,870,0,,,,,,0.0000,1.331758,0.000000
13,871,0,,,,,,0.0000,1.366353,0.000000
13,872,0,,,,,,0.0000,1.352328,0.000000
13,873,0,,,,,,0.0000,1.302440,0.000000
13,874,0,,,,,,0.0000,1.291078,0.000000
13,875,0,,,,,,0.0000,1.321638,0.000000
13,876,0,,,,,,0.0000,1.308854,0.000000
13,877,0,,,,,,0.0000,1.348728,0.000000
13,878,0,,,,,,0.0000,1.350736,0.000000
13,879,0,,,,,,0.0000,1.299498,0.000000
13,880,0,,,,,,0.0000,1.286697,0.000000
13,881,0,,,,,,0.0000,1.323388,0.000000
13,882,0,,,,,,0.0000,1.359818,0.000000
13,883,0,,,,,,0.0000,1.312031,0.000000
13,884,0,,,,,,0.0000,1.296733,0.000000
13,885,0,,,,,,0.0000,1.306889,0.000000
13,886,0,,,,,,0.0000,1.339620,0.000000
13,887,0,,,,,,0.0000,1.295115,0.000000
13,888,0,,,,,,0.0000,1.297004,0.000000
13,889,0,,,,,,0.0000,1.320744,0.000000
13,890,0,,,,,,0.0000,1.333416,0.000000
13,891,0,,,,,,0.0000,1.344215,0.000000
13,892,0,,,,,,0.0000,1.312593,0.000000
13,893,0,,,,,,0.0000,1.348007,0.000000
13,894,0,,,,,,0.0000,1.309662,0.000000
13,895,0,,,,,,0.0000,1.259854,0.000000
13,896,0,,,,,,0.0000,1.323018,0.000000
13,897,0,,,,,,0.0000,1.369306,0.000000
13,898,0,,,,,,0.0000,1.377379,0.000000
13,899,0,,,,,,0.0000,1.275778,0.000000
13,900,0,,,,,,0.0000,1.300646,0.000000
13,901,0,,,,,,0.0000,1.315929,0.000000
13,902,0,,,,,,0.0000,1.306558,0.000000
13,903,0,,,,,,0.0000,1.323502,0.000000
13,904,0,,,,,,0.0000,1.328104,0.000000
13,905,0,,,,,,0.0000,1.309783,0.000000
13,906,0,,,,,,0.0000,1.309625,0.000000
13,907,0,,,,,,0.0000,1.309923,0.000000
13,908,0,,,,,,0.0000,1.305273,0.000000
13,909,0,,,,,,0.0000,1.336473,0.000000
13,910,0,,,,,,0.0000,1.366551,0.000000
13,911,0,,,,,,0.0000,1.326350,0.000000
13,912,0,,,,,,0.0000,1.267202,0.000000
13,913,0,,,,,,0.0000,1.257981,0.000000
13,914,0,,,,,,0.0000,1.299746,0.000000
13,915,0,,,,,,0.0000,1.432310,0.000000
13,916,0,,,,,,0.0000,1.349830,0.000000
13,917,0,,,,,,0.0000,1.244829,0.000000
13,918,0,,,,,,0.0000,1.309372,0.000000
13,919,0,,,,,,0.0000,1.338930,0.000000
13,920,0,,,,,,0.0000,1.349121,0.000000
13,921,0,,,,,,0.0000,1.309867,0.000000
13,922,0,,,,,,0.0000,1.341823,0.000000
13,923,0,,,,,,0.0000,1.313117,0.000000
13,924,0,,,,,,0.0000,1.304046,0.000000
13,925,0,,,,,,0.0000,1.277819,0.000000
13,926,0,,,,,,0.0000,1.326156,0.000000
13,927,0,,,,,,0.0000,1.329226,0.000000
13,928,0,,,,,,0.0000,1.297081,0.000000
13,929,0,,,,,,0.0000,1.281234,0.000000
13,930,0,,,,,,0.0000,1.295864,0.000000
13,931,0,,,,,,0.0000,1.364097,0.000000
13,932,0,,,,,,0.0000,1.331354,0.000000
13,933,0,,,,,,0.0000,1.292167,0.000000
13,934,0,,,,,,0.0000,1.308380,0.000000
13,935,0,,,,,,0.0000,1.272842,0.000000
13,936,0,,,,,,0.0000,1.337016,0.000000
13,937,0,,,,,,0.0000,1.351099,0.000000
13,938,0,,,,,,0.0000,1.296450,0.000000
13,939,0,,,,,,0.0000,1.301628,0.000000
13,940,0,,,,,,0.0000,1.319833,0.000000
13,941,0,,,,,,0.0000,1.350260,0.000000
13,942,0,,,,,,0.0000,1.308649,0.000000
13,943,0,,,,,,0.0000,1.295401,0.000000
13,944,0,,,,,,0.0000,1.291002,0.000000
13,945,0,,,,,,0.0000,1.309697,0.000000
13,946,0,,,,,,0.0000,1.312630,0.000000
13,947,0,,,,,,0.0000,1.303612,0.000000
13,948,0,,,,,,0.0000,1.286478,0.000000
13,949,0,,,,,,0.0000,1.337387,0.000000
13,950,0,,,,,,0.0000,1.290396,0.000000
13,951,0,,,,,,0.0000,1.325271,0.000000
13,952,0,,,,,,0.0000,1.342152,0.000000
13,953,0,,,,,,0.0000,1.325320,0.000000
13,954,0,,,,,,0.0000,1.322094,0.000000
13,955,0,,,,,,0.0000,1.313567,0.000000
13,956,0,,,,,,0.0000,1.334494,0.000000
13,957,0,,,,,,0.0000,1.334184,0.000000
13,958,0,,,,,,0.0000,1.311180,0.000000
13,959,0,,,,,,0.0000,1.316205,0.000000
13,960,0,,,,,,0.0000,1.289143,0.000000
13,961,0,,,,,,0.0000,1.268498,0.000000
13,962,0,,,,,,0.0000,1.330254,0.000000
13,963,0,,,,,,0.0000,1.337792,0.000000
13,964,0,,,,,,0.0000,1.298497,0.000000
13,965,0,,,,,,0.0000,1.274631,0.000000
13,966,0,,,,,,0.0000,1.310461,0.000000
13,967,0,,,,,,0.0000,1.335482,0.000000
13,968,0,,,,,,0.0000,1.274764,0.000000
13,969,0,,,,,,0.0000,1.295716,0.000000
13,970,0,,,,,,0.0000,1.318796,0.000000
13,971,0,,,,,,0.0000,1.347833,0.000000
13,972,0,,,,,,0.0000,1.297478,0.000000
13,973,0,,,,,,0.0000,1.283662,0.000000
13,974,0,,,,,,0.0000,1.350838,0.000000
13,975,0,,,,,,0.0000,1.367404,0.000000
13,976,0,,,,,,0.0000,1.289159,0.000000
13,977,0,,,,,,0.0000,1.302863,0.000000
13,978,0,,,,,,0.0000,1.350238,0.000000
13,979,0,,,,,,0.0000,1.347031,0.000000
13,980,0,,,,,,0.0000,1.292924,0.000000
13,981,0,,,,,,0.0000,1.297407,0.000000
13,982,0,,,,,,0.0000,1.325226,0.000000
13,983,0,,,,,,0.0000,1.337447,0.000000
13,984,0,,,,,,0.0000,1.313296,0.000000
13,985,0,,,,,,0.0000,1.292704,0.000000
13,986,0,,,,,,0.0000,1.308195,0.000000
13,987,0,,,,,,0.0000,1.358105,0.000000
13,988,0,,,,,,0.0000,1.319747,0.000000
13,989,0,,,,,,0.0000,1.323547,0.000000
13,990,0,,,,,,0.0000,1.330466,0.000000
13,991,0,,,,,,0.0000,1.308734,0.000000
13,992,0,,,,,,0.0000,1.291383,0.000000
13,993,0,,,,,,0.0000,1.319057,0.000000
13,994,0,,,,,,0.0000,1.302573,0.000000
13,995,0,,,,,,0.0000,1.311061,0.000000
13,996,0,,,,,,0.0000,1.339268,0.000000
13,997,0,,,,,,0.0000,1.342761,0.000000
13,998,0,,,,,,0.0000,1.293981,0.000000
13,999,0,,,,,,0.0000,1.292620,0.000000
13,1000,0,,,,,,0.0000,1.308338,0.000000
14,1,5,0.258584,0.108945,0.429536,0.173521,0.679774,19.0000,0.792077,0.589296
14,2,9,0.117918,0.070188,0.529818,0.066003,0.822530,13.0000,0.757608,0.705154
14,3,9,0.117918,0.070188,0.529818,0.066003,0.822530,2.0000,0.719448,0.705154
14,4,9,0.117918,0.070188,0.529818,0.066003,0.822530,3.0000,0.713382,0.705154
14,5,11,0.090000,0.064401,0.571407,0.109610,0.766177,12.0000,0.762590,0.765186
14,6,13,0.085825,0.065133,0.590406,0.036708,0.736305,10.0000,0.703865,0.802466
14,7,15,0.079648,0.058017,0.607083,0.030088,0.769777,9.0000,0.681764,0.830774
14,8,14,0.069119,0.045214,0.621314,0.030440,0.765219,3.0000,0.696233,0.847583
14,9,16,0.056033,0.044359,0.625011,0.028940,0.698622,7.0000,0.745982,0.853253
14,10,0,,,,,,0.0000,0.791300,0.000000
14,11,0,,,,,,0.0000,0.793665,0.000000
14,12,0,,,,,,0.0000,0.729997,0.000000
14,13,0,,,,,,0.0000,0.691102,0.000000
14,14,0,,,,,,0.0000,0.746647,0.000000
14,15,0,,,,,,0.0000,0.776522,0.000000
14,16,0,,,,,,0.0000,0.752851,0.000000
14,17,0,,,,,,0.0000,0.735179,0.000000
14,18,0,,,,,,0.0000,0.765658,0.000000
14,19,0,,,,,,0.0000,0.755106,0.000000
14,20,0,,,,,,0.0000,0.776799,0.000000
14,21,0,,,,,,0.0000,0.721303,0.000000
14,22,0,,,,,,0.0000,0.740761,0.000000
14,23,0,,,,,,0.0000,0.773237,0.000000
14,24,0,,,,,,0.0000,0.758746,0.000000
14,25,0,,,,,,0.0000,0.735304,0.000000
14,26,0,,,,,,0.0000,0.772276,0.000000
14,27,0,,,,,,0.0000,0.757312,0.000000
14,28,0,,,,,,0.0000,0.720672,0.000000
14,29,0,,,,,,0.0000,0.761571,0.000000
14,30,0,,,,,,0.0000,0.810061,0.000000
14,31,0,,,,,,0.0000,0.755239,0.000000
14,32,0,,,,,,0.0000,0.674460,0.000000
14,33,0,,,,,,0.0000,0.725818,0.000000
14,34,0,,,,,,0.0000,0.801847,0.000000
14,35,0,,,,,,0.0000,0.797141,0.000000
14,36,0,,,,,,0.0000,0.735746,0.000000
14,37,0,,,,,,0.0000,0.751064,0.000000
14,38,0,,,,,,0.0000,0.751799,0.000000
14,39,0,,,,,,0.0000,0.724119,0.000000
14,40,0,,,,,,0.0000,0.742026,0.000000
14,41,0,,,,,,0.0000,0.781372,0.000000
14,42,0,,,,,,0.0000,0.794946,0.000000
14,43,0,,,,,,0.0000,0.764503,0.000000
14,44,0,,,,,,0.0000,0.767667,0.000000
14,45,0,,,,,,0.0000,0.738507,0.000000
14,46,0,,,,,,0.0000,0.734158,0.000000
14,47,0,,,,,,0.0000,0.746543,0.000000
14,48,0,,,,,,0.0000,0.807603,0.000000
14,49,0,,,,,,0.0000,0.792892,0.000000
14,50,0,,,,,,0.0000,0.733501,0.000000
14,51,0,,,,,,0.0000,0.747119,0.000000
14,52,0,,,,,,0.0000,0.748193,0.000000
14,53,0,,,,,,0.0000,0.788902,0.000000
14,54,0,,,,,,0.0000,0.753785,0.000000
14,55,0,,,,,,0.0000,0.742628,0.000000
14,56,0,,,,,,0.0000,0.766106,0.000000
14,57,0,,,,,,0.0000,0.749850,0.000000
14,58,0,,,,,,0.0000,0.732941,0.000000
14,59,0,,,,,,0.0000,0.756005,0.000000
14,60,0,,,,,,0.0000,0.776846,0.000000
14,61,0,,,,,,0.0000,0.742407,0.000000
14,62,0,,,,,,0.0000,0.770797,0.000000
14,63,0,,,,,,0.0000,0.756165,0.000000
14,64,0,,,,,,0.0000,0.730145,0.000000
14,65,0,,,,,,0.0000,0.772045,0.000000
14,66,0,,,,,,0.0000,0.759026,0.000000
14,67,0,,,,,,0.0000,0.710509,0.000000
14,68,0,,,,,,0.0000,0.725930,0.000000
14,69,0,,,,,,0.0000,0.761126,0.000000
14,70,0,,,,,,0.0000,0.763049,0.000000
14,71,0,,,,,,0.0000,0.746052,0.000000
14,72,0,,,,,,0.0000,0.747879,0.000000
14,73,0,,,,,,0.0000,0.743488,0.000000
14,74,0,,,,,,0.0000,0.766005,0.000000
14,75,0,,,,,,0.0000,0.766888,0.000000
14,76,0,,,,,,0.0000,0.729575,0.000000
14,77,0,,,,,,0.0000,0.738970,0.000000
14,78,0,,,,,,0.0000,0.759826,0.000000
14,79,0,,,,,,0.0000,0.775643,0.000000
14,80,0,,,,,,0.0000,0.747868,0.000000
14,81,0,,,,,,0.0000,0.745104,0.000000
14,82,0,,,,,,0.0000,0.711608,0.000000
14,83,0,,,,,,0.0000,0.706720,0.000000
14,84,0,,,,,,0.0000,0.748460,0.000000
14,85,0,,,,,,0.0000,0.800317,0.000000
14,86,0,,,,,,0.0000,0.784884,0.000000
14,87,0,,,,,,0.0000,0.725124,0.000000
14,88,0,,,,,,0.0000,0.700317,0.000000
14,89,0,,,,,,0.0000,0.747661,0.000000
14,90,0,,,,,,0.0000,0.750108,0.000000
14,91,0,,,,,,0.0000,0.740838,0.000000
14,92,0,,,,,,0.0000,0.734790,0.000000
14,93,0,,,,,,0.0000,0.740653,0.000000
14,94,0,,,,,,0.0000,0.728129,0.000000
14,95,0,,,,,,0.0000,0.805926,0.000000
14,96,0,,,,,,0.0000,0.780060,0.000000
14,97,0,,,,,,0.0000,0.718470,0.000000
14,98,0,,,,,,0.0000,0.729611,0.000000
14,99,0,,,,,,0.0000,0.771131,0.000000
14,100,0,,,,,,0.0000,0.787565,0.000000
14,101,0,,,,,,0.0000,0.741311,0.000000
14,102,0,,,,,,0.0000,0.713916,0.000000
14,103,0,,,,,,0.0000,0.764732,0.000000
14,104,0,,,,,,0.0000,0.754626,0.000000
14,105,0,,,,,,0.0000,0.771358,0.000000
14,106,0,,,,,,0.0000,0.734677,0.000000
14,107,0,,,,,,0.0000,0.734601,0.000000
14,108,0,,,,,,0.0000,0.763856,0.000000
14,109,0,,,,,,0.0000,0.783104,0.000000
14,110,0,,,,,,0.0000,0.719541,0.000000
14,111,0,,,,,,0.0000,0.742066,0.000000
14,112,0,,,,,,0.0000,0.769114,0.000000
14,113,0,,,,,,0.0000,0.769696,0.000000
14,114,0,,,,,,0.0000,0.741482,0.000000
14,115,0,,,,,,0.0000,0.725740,0.000000
14,116,0,,,,,,0.0000,0.753465,0.000000
14,117,0,,,,,,0.0000,0.772422,0.000000
14,118,0,,,,,,0.0000,0.758094,0.000000
14,119,0,,,,,,0.0000,0.719040,0.000000
14,120,0,,,,,,0.0000,0.738474,0.000000
14,121,0,,,,,,0.0000,0.755183,0.000000
14,122,0,,,,,,0.0000,0.731516,0.000000
14,123,0,,,,,,0.0000,0.750840,0.000000
14,124,0,,,,,,0.0000,0.768925,0.000000
14,125,0,,,,,,0.0000,0.748765,0.000000
14,126,0,,,,,,0.0000,0.741826,0.000000
14,127,0,,,,,,0.0000,0.797818,0.000000
14,128,0,,,,,,0.0000,0.774616,0.000000
14,129,0,,,,,,0.0000,0.785921,0.000000
14,130,0,,,,,,0.0000,0.758926,0.000000
14,131,0,,,,,,0.0000,0.730550,0.000000
14,132,0,,,,,,0.0000,0.747374,0.000000
14,133,0,,,,,,0.0000,0.786946,0.000000
14,134,0,,,,,,0.0000,0.780187,0.000000
14,135,0,,,,,,0.0000,0.720450,0.000000
14,136,0,,,,,,0.0000,0.740884,0.000000
14,137,0,,,,,,0.0000,0.764206,0.000000
14,138,0,,,,,,0.0000,0.770015,0.000000
14,139,0,,,,,,0.0000,0.725908,0.000000
14,140,0,,,,,,0.0000,0.708735,0.000000
14,141,0,,,,,,0.0000,0.768845,0.000000
14,142,0,,,,,,0.0000,0.784533,0.000000
14,143,0,,,,,,0.0000,0.715270,0.000000
14,144,0,,,,,,0.0000,0.743397,0.000000
14,145,0,,,,,,0.0000,0.737139,0.000000
14,146,0,,,,,,0.0000,0.756705,0.000000
14,147,0,,,,,,0.0000,0.734504,0.000000
14,148,0,,,,,,0.0000,0.759876,0.000000
14,149,0,,,,,,0.0000,0.773891,0.000000
14,150,0,,,,,,0.0000,0.768490,0.000000
14,151,0,,,,,,0.0000,0.722572,0.000000
14,152,0,,,,,,0.0000,0.755689,0.000000
14,153,0,,,,,,0.0000,0.758366,0.000000
14,154,0,,,,,,0.0000,0.740954,0.000000
14,155,0,,,,,,0.0000,0.726244,0.000000
14,156,0,,,,,,0.0000,0.759752,0.000000
14,157,0,,,,,,0.0000,0.751733,0.000000
14,158,0,,,,,,0.0000,0.717485,0.000000
14,159,0,,,,,,0.0000,0.740469,0.000000
14,160,0,,,,,,0.0000,0.771750,0.000000
14,161,0,,,,,,0.0000,0.780477,0.000000
14,162,0,,,,,,0.0000,0.751095,0.000000
14,163,0,,,,,,0.0000,0.716246,0.000000
14,164,0,,,,,,0.0000,0.786292,0.000000
14,165,0,,,,,,0.0000,0.776312,0.000000
14,166,0,,,,,,0.0000,0.792468,0.000000
14,167,0,,,,,,0.0000,0.735530,0.000000
14,168,0,,,,,,0.0000,0.728907,0.000000
14,169,0,,,,,,0.0000,0.735687,0.000000
14,170,0,,,,,,0.0000,0.803587,0.000000
14,171,0,,,,,,0.0000,0.743285,0.000000
14,172,0,,,,,,0.0000,0.688372,0.000000
14,173,0,,,,,,0.0000,0.738990,0.000000
14,174,0,,,,,,0.0000,0.758889,0.000000
14,175,0,,,,,,0.0000,0.752365,0.000000
14,176,0,,,,,,0.0000,0.716981,0.000000
14,177,0,,,,,,0.0000,0.754061,0.000000
14,178,0,,,,,,0.0000,0.744696,0.000000
14,179,0,,,,,,0.0000,0.758710,0.000000
14,180,0,,,,,,0.0000,0.786610,0.000000
14,181,0,,,,,,0.0000,0.786039,0.000000
14,182,0,,,,,,0.0000,0.714892,0.000000
14,183,0,,,,,,0.0000,0.737078,0.000000
14,184,0,,,,,,0.0000,0.770131,0.000000
14,185,0,,,,,,0.0000,0.748144,0.000000
14,186,0,,,,,,0.0000,0.729840,0.000000
14,187,0,,,,,,0.0000,0.713371,0.000000
14,188,0,,,,,,0.0000,0.765227,0.000000
14,189,0,,,,,,0.0000,0.821453,0.000000
14,190,0,,,,,,0.0000,0.735943,0.000000
14,191,0,,,,,,0.0000,0.693896,0.000000
14,192,0,,,,,,0.0000,0.739032,0.000000
14,193,0,,,,,,0.0000,0.790873,0.000000
14,194,0,,,,,,0.0000,0.769110,0.000000
14,195,0,,,,,,0.0000,0.721043,0.000000
14,196,0,,,,,,0.0000,0.721804,0.000000
14,197,0,,,,,,0.0000,0.788538,0.000000
14,198,0,,,,,,0.0000,0.789245,0.000000
14,199,0,,,,,,0.0000,0.770358,0.000000
14,200,0,,,,,,0.0000,0.767157,0.000000
14,201,0,,,,,,0.0000,0.722487,0.000000
14,202,0,,,,,,0.0000,0.785096,0.000000
14,203,0,,,,,,0.0000,0.726549,0.000000
14,204,0,,,,,,0.0000,0.727635,0.000000
14,205,0,,,,,,0.0000,0.748897,0.000000
14,206,0,,,,,,0.0000,0.809750,0.000000
14,207,0,,,,,,0.0000,0.753821,0.000000
14,208,0,,,,,,0.0000,0.723954,0.000000
14,209,0,,,,,,0.0000,0.740860,0.000000
14,210,0,,,,,,0.0000,0.771674,0.000000
14,211,0,,,,,,0.0000,0.740007,0.000000
14,212,0,,,,,,0.0000,0.708300,0.000000
14,213,0,,,,,,0.0000,0.746592,0.000000
14,214,0,,,,,,0.0000,0.788455,0.000000
14,215,0,,,,,,0.0000,0.769924,0.000000
14,216,0,,,,,,0.0000,0.745256,0.000000
14,217,0,,,,,,0.0000,0.724209,0.000000
14,218,0,,,,,,0.0000,0.723192,0.000000
14,219,0,,,,,,0.0000,0.760956,0.000000
14,220,0,,,,,,0.0000,0.760737,0.000000
14,221,0,,,,,,0.0000,0.751136,0.000000
14,222,0,,,,,,0.0000,0.746951,0.000000
14,223,0,,,,,,0.0000,0.765764,0.000000
14,224,0,,,,,,0.0000,0.755457,0.000000
14,225,0,,,,,,0.0000,0.738425,0.000000
14,226,0,,,,,,0.0000,0.736949,0.000000
14,227,0,,,,,,0.0000,0.737202,0.000000
14,228,0,,,,,,0.0000,0.751189,0.000000
14,229,0,,,,,,0.0000,0.746508,0.000000
14,230,0,,,,,,0.0000,0.763498,0.000000
14,231,0,,,,,,0.0000,0.765777,0.000000
14,232,0,,,,,,0.0000,0.766113,0.000000
14,233,0,,,,,,0.0000,0.744495,0.000000
14,234,0,,,,,,0.0000,0.748283,0.000000
14,235,0,,,,,,0.0000,0.759717,0.000000
14,236,0,,,,,,0.0000,0.720310,0.000000
14,237,0,,,,,,0.0000,0.709947,0.000000
14,238,0,,,,,,0.0000,0.742198,0.000000
14,239,0,,,,,,0.0000,0.764235,0.000000
14,240,1,0.856784,0.002229,0.245212,0.000000,1.000000,1.0000,0.769316,0.206684
14,241,3,0.255226,0.141687,0.458746,0.039048,0.102892,5.0000,0.584161,0.329115
14,242,5,0.155688,0.058200,0.610361,0.272946,0.710593,9.0000,0.609012,0.615598
14,243,11,0.106269,0.068315,0.692445,0.197653,0.778841,16.0000,0.650457,0.736656
14,244,13,0.094298,0.064741,0.704232,0.127011,0.545569,16.0000,0.713187,0.759550
14,245,12,0.087108,0.046126,0.725779,0.134489,0.550998,7.0000,0.716298,0.801404
14,246,15,0.053035,0.041503,0.756039,0.073021,0.574645,10.0000,0.660477,0.860182
14,247,16,0.051183,0.040297,0.756516,0.063560,0.583930,6.0000,0.669403,0.861108
14,248,18,0.049977,0.040001,0.759305,0.065284,0.608559,13.0000,0.716024,0.866526
14,249,18,0.048715,0.038831,0.760566,0.064777,0.605445,8.0000,0.693394,0.868976
14,250,3,0.169176,0.040246,0.647976,0.017580,0.126594,4.0000,0.770411,0.659924
14,251,6,0.154840,0.034188,0.711247,0.169012,0.639458,4.0000,0.689779,0.731447
14,252,6,0.154840,0.034188,0.711247,0.169012,0.639458,4.0000,0.624517,0.731447
14,253,7,0.154234,0.072982,0.712875,0.099839,0.600723,8.0000,0.718095,0.734684
14,254,8,0.144487,0.069166,0.715124,0.083690,0.616600,8.0000,0.723297,0.739155
14,255,10,0.111202,0.059181,0.737236,0.050629,0.576697,13.0000,0.634933,0.783115
14,256,9,0.118929,0.027473,0.753691,0.074602,0.827522,11.0000,0.651215,0.815827
14,257,14,0.063197,0.051626,0.771970,0.051449,0.616591,14.0000,0.637277,0.852165
14,258,15,0.056709,0.037459,0.777290,0.054515,0.667510,17.0000,0.685986,0.862742
14,259,16,0.056267,0.036624,0.777653,0.054950,0.714991,11.0000,0.678017,0.863465
14,260,4,0.306881,0.020784,0.618463,0.815745,1.079976,7.0000,0.790063,0.500151
14,261,4,0.306881,0.020784,0.618463,0.815745,1.079976,2.0000,0.701444,0.500151
14,262,6,0.170561,0.022647,0.670212,0.428944,0.953256,8.0000,0.651313,0.605019
14,263,7,0.115926,0.052156,0.735851,0.116289,0.603730,11.0000,0.687459,0.738661
14,264,10,0.113185,0.046064,0.755539,0.078711,0.785224,14.0000,0.671762,0.778746
14,265,12,0.087762,0.053501,0.757704,0.085264,0.713610,9.0000,0.741934,0.783154
14,266,12,0.111718,0.041466,0.763002,0.052027,0.882097,12.0000,0.642723,0.793940
14,267,13,0.102847,0.022850,0.769138,0.072314,0.917589,15.0000,0.639775,0.806435
14,268,16,0.053445,0.027542,0.799211,0.050930,0.781673,14.0000,0.674497,0.867663
14,269,16,0.053445,0.027542,0.799211,0.050930,0.781673,10.0000,0.704065,0.867663
14,270,2,0.330081,0.016994,0.572522,0.000000,0.072188,3.0000,0.860154,0.407828
14,271,4,0.266350,0.065368,0.596973,0.123707,0.993391,6.0000,0.697727,0.457159
14,272,8,0.107836,0.046238,0.744878,0.184370,0.765861,13.0000,0.595211,0.734483
14,273,9,0.106957,0.049878,0.745427,0.171781,0.859513,8.0000,0.642890,0.735609
14,274,9,0.106957,0.049878,0.745427,0.171781,0.859513,4.0000,0.721617,0.735609
14,275,13,0.101699,0.042901,0.764343,0.081203,0.881106,7.0000,0.710062,0.771580
14,276,16,0.117692,0.032668,0.795388,0.030960,0.875590,6.0000,0.656627,0.835190
14,277,17,0.117687,0.031711,0.795503,0.033474,0.900519,10.0000,0.659733,0.835426
14,278,16,0.116725,0.030981,0.798971,0.030665,0.853365,8.0000,0.655855,0.842532
14,279,17,0.115895,0.027734,0.800735,0.033169,0.885217,11.0000,0.707680,0.846146
14,280,3,0.314039,0.065314,0.541243,0.936871,0.789500,4.0000,0.765475,0.287393
14,281,7,0.180127,0.064543,0.690640,0.144596,0.869742,8.0000,0.670411,0.596649
14,282,9,0.108363,0.067641,0.751104,0.109003,0.752348,11.0000,0.646112,0.721811
14,283,12,0.107209,0.068746,0.753176,0.089954,0.907705,15.0000,0.677061,0.726101
14,284,12,0.100037,0.068526,0.759235,0.051364,0.739032,12.0000,0.705460,0.738642
14,285,11,0.095412,0.044671,0.779391,0.058545,0.673192,9.0000,0.736208,0.780366
14,286,10,0.148431,0.031853,0.788863,0.043578,0.838811,7.0000,0.693774,0.799972
14,287,10,0.148426,0.031861,0.789119,0.043406,0.839292,17.0000,0.684762,0.800502
14,288,11,0.080078,0.035422,0.793700,0.094075,0.719972,10.0000,0.700667,0.809984
14,289,12,0.070988,0.043868,0.803178,0.075533,0.604138,7.0000,0.664499,0.829606
14,290,4,0.203880,0.125545,0.615767,0.271809,0.473479,4.0000,0.774911,0.418781
14,291,5,0.166869,0.119243,0.631032,0.234448,0.453744,7.0000,0.759566,0.450934
14,292,6,0.116566,0.070709,0.735211,0.177643,0.432234,6.0000,0.657636,0.670359
14,293,8,0.094940,0.068472,0.759588,0.054237,0.373192,12.0000,0.632752,0.721705
14,294,9,0.080619,0.067002,0.791342,0.056556,0.208521,7.0000,0.672428,0.788585
14,295,9,0.074024,0.040433,0.821786,0.130746,0.443096,7.0000,0.697433,0.852708
14,296,10,0.067571,0.038597,0.826517,0.119354,0.523259,6.0000,0.662674,0.862674
14,297,10,0.067571,0.038597,0.826517,0.119354,0.523259,7.0000,0.608867,0.862674
14,298,12,0.056861,0.037935,0.833479,0.055416,0.611357,9.0000,0.657776,0.877337
14,299,13,0.055949,0.037163,0.834923,0.038076,0.626184,15.0000,0.751105,0.880379
14,300,3,0.283483,0.080687,0.597051,0.806917,0.679915,5.0000,0.895447,0.377219
14,301,5,0.262081,0.099140,0.605339,0.645693,1.034294,8.0000,0.696585,0.394578
14,302,6,0.206339,0.048801,0.729894,0.134821,0.933751,12.0000,0.597331,0.655441
14,303,8,0.144995,0.043106,0.769504,0.123114,0.771846,13.0000,0.641713,0.738398
14,304,11,0.091923,0.035713,0.796474,0.127913,0.769310,13.0000,0.772712,0.794884
14,305,12,0.090657,0.034899,0.797359,0.120017,0.800561,14.0000,0.773459,0.796737
14,306,13,0.090626,0.034090,0.797984,0.119001,0.855193,11.0000,0.628464,0.798046
14,307,13,0.090626,0.034090,0.797984,0.119001,0.855193,10.0000,0.589799,0.798046
14,308,14,0.086609,0.032968,0.820393,0.083422,0.773756,19.0000,0.671886,0.844978
14,309,14,0.083715,0.023944,0.835344,0.082579,0.825109,13.0000,0.745061,0.876291
14,310,2,0.357919,0.016947,0.575428,0.000000,0.023329,5.0000,0.871978,0.333818
14,311,4,0.279810,0.046862,0.661664,0.767877,0.990339,11.0000,0.665605,0.515452
14,312,6,0.160947,0.048683,0.718292,0.379320,0.856651,8.0000,0.562090,0.634726
14,313,8,0.135612,0.056235,0.760221,0.184898,0.804305,13.0000,0.660250,0.723038
14,314,10,0.103025,0.045136,0.803370,0.105362,0.748011,8.0000,0.698458,0.813921
14,315,12,0.101927,0.046561,0.804418,0.086532,0.751300,8.0000,0.732851,0.816128
14,316,14,0.065895,0.048771,0.814637,0.088170,0.730210,6.0000,0.655815,0.837651
14,317,15,0.054382,0.041493,0.826845,0.083025,0.798468,16.0000,0.650534,0.863364
14,318,16,0.053873,0.045156,0.829719,0.070043,0.813135,11.0000,0.649923,0.869418
14,319,17,0.050682,0.046335,0.833495,0.041954,0.756320,9.0000,0.721622,0.877370
14,320,3,0.329074,0.039663,0.528501,1.065617,0.980680,4.0000,0.848433,0.301067
14,321,6,0.249606,0.049202,0.624445,0.082986,1.126308,6.0000,0.705673,0.459623
14,322,7,0.164035,0.054327,0.681950,0.172323,0.890088,12.0000,0.583864,0.578661
14,323,11,0.142853,0.041973,0.744232,0.152812,1.081148,11.0000,0.652301,0.707586
14,324,13,0.100492,0.051305,0.760286,0.084437,0.990871,6.0000,0.734995,0.740817
14,325,14,0.092309,0.056988,0.776116,0.083931,0.884181,14.0000,0.711769,0.773586
14,326,14,0.072109,0.042852,0.818977,0.080175,0.781841,11.0000,0.604301,0.862310
14,327,16,0.071791,0.041793,0.819934,0.074027,0.854017,12.0000,0.647597,0.864289
14,328,17,0.071692,0.043351,0.821639,0.074056,0.782995,8.0000,0.684418,0.867820
14,329,17,0.071692,0.043351,0.821639,0.074056,0.782995,7.0000,0.706954,0.867820
14,330,3,0.301614,0.042921,0.600060,0.885662,0.770137,3.0000,0.803168,0.434963
14,331,3,0.301313,0.042933,0.601692,0.884656,0.770234,6.0000,0.674394,0.438308
14,332,5,0.241874,0.049558,0.662127,0.043864,1.000649,8.0000,0.612880,0.562139
14,333,5,0.245662,0.046977,0.674701,0.041156,1.025418,10.0000,0.694448,0.587903
14,334,6,0.138921,0.059209,0.739675,0.179242,0.735165,5.0000,0.753322,0.721035
14,335,6,0.135866,0.052358,0.744885,0.174563,0.758161,5.0000,0.732243,0.731711
14,336,10,0.074422,0.057464,0.768285,0.056925,0.729706,11.0000,0.646417,0.779656
14,337,13,0.065716,0.055267,0.774453,0.048866,0.672811,12.0000,0.682522,0.792295
14,338,15,0.062317,0.065176,0.779466,0.047142,0.727932,11.0000,0.637110,0.802565
14,339,12,0.069697,0.043259,0.807679,0.116693,0.710454,12.0000,0.690397,0.860375
14,340,2,0.844485,0.026114,0.326564,0.000000,0.997772,2.0000,0.797034,0.156241
14,341,3,0.275695,0.074503,0.567099,0.653542,0.505284,7.0000,0.745477,0.395079
14,342,6,0.136331,0.083698,0.685473,0.256818,0.429827,8.0000,0.596109,0.636091
14,343,8,0.117038,0.085393,0.718587,0.140203,0.453336,10.0000,0.610616,0.703511
14,344,9,0.116527,0.087101,0.719955,0.107265,0.503673,13.0000,0.721443,0.706296
14,345,9,0.081987,0.056110,0.774409,0.087379,0.524120,15.0000,0.713286,0.817166
14,346,8,0.070890,0.027000,0.792973,0.153145,0.569141,7.0000,0.689640,0.854963
14,347,8,0.070890,0.027000,0.792973,0.153145,0.569141,13.0000,0.660430,0.854963
14,348,9,0.055559,0.028631,0.793545,0.087497,0.526818,7.0000,0.640827,0.856128
14,349,9,0.055559,0.028631,0.793545,0.087497,0.526818,12.0000,0.717584,0.856128
14,350,2,0.786179,0.010777,0.366970,0.000000,0.944201,5.0000,0.841327,0.256495
14,351,5,0.274142,0.065906,0.595338,0.070432,1.094626,12.0000,0.635582,0.526320
14,352,8,0.087752,0.045924,0.723541,0.131936,0.816048,9.0000,0.622813,0.774868
14,353,13,0.077669,0.049148,0.752007,0.089147,0.738271,15.0000,0.689216,0.816818
14,354,14,0.077655,0.047651,0.752025,0.090920,0.789446,5.0000,0.727613,0.816854
14,355,15,0.077381,0.045549,0.756690,0.089056,0.825545,10.0000,0.696080,0.821789
14,356,16,0.074030,0.037779,0.775140,0.094556,0.860034,19.0000,0.652531,0.858468
14,357,16,0.072703,0.031105,0.798468,0.093537,0.862162,14.0000,0.692430,0.904844
14,358,18,0.063915,0.031851,0.798576,0.064015,0.849221,10.0000,0.629725,0.905060
14,359,16,0.063836,0.032498,0.799292,0.061573,0.755493,11.0000,0.661262,0.906483
14,360,2,0.320382,0.164335,0.333156,0.000000,0.248805,2.0000,0.853659,0.155516
14,361,4,0.201805,0.148847,0.481023,0.332531,0.487645,4.0000,0.653482,0.426448
14,362,6,0.141143,0.067677,0.651446,0.256282,0.604080,15.0000,0.576929,0.661896
14,363,8,0.111609,0.069701,0.696866,0.149764,0.518135,13.0000,0.661076,0.750121
14,364,9,0.111227,0.080164,0.697065,0.127051,0.554443,5.0000,0.730723,0.750509
14,365,12,0.096741,0.070300,0.705764,0.094200,0.685230,9.0000,0.716216,0.767405
14,366,14,0.087422,0.074994,0.711829,0.091146,0.735096,7.0000,0.590787,0.779186
14,367,16,0.087260,0.070229,0.712312,0.089739,0.819214,9.0000,0.602006,0.780124
14,368,17,0.087190,0.068140,0.712838,0.088570,0.857812,9.0000,0.704907,0.781146
14,369,17,0.087190,0.068140,0.712838,0.088570,0.857812,3.0000,0.720456,0.781146
14,370,3,0.290910,0.145913,0.367301,0.785951,0.821817,4.0000,0.791342,0.263231
14,371,5,0.228661,0.120019,0.412069,0.504368,0.913108,3.0000,0.689564,0.349492
14,372,7,0.131294,0.067851,0.647866,0.107853,0.734577,15.0000,0.623168,0.754019
14,373,9,0.090240,0.070880,0.660631,0.117998,0.663216,7.0000,0.623368,0.778614
14,374,11,0.065750,0.056405,0.695217,0.088906,0.482422,10.0000,0.684301,0.815271
14,375,12,0.059334,0.045244,0.709639,0.093994,0.586389,10.0000,0.688517,0.841003
14,376,13,0.049579,0.043815,0.726643,0.071738,0.583352,5.0000,0.641938,0.873767
14,377,14,0.048919,0.042660,0.727711,0.070505,0.660909,9.0000,0.612352,0.875824
14,378,15,0.048401,0.042064,0.727905,0.059229,0.705125,9.0000,0.695732,0.876199
14,379,16,0.048401,0.040967,0.731274,0.056299,0.732969,6.0000,0.718066,0.882691
14,380,2,0.318900,0.072284,0.415031,0.000000,0.189341,2.0000,0.812801,0.379779
14,381,4,0.184755,0.052359,0.551161,0.430626,0.663147,6.0000,0.685392,0.641840
14,382,7,0.128216,0.079947,0.577439,0.126845,0.695994,9.0000,0.637243,0.677250
14,383,8,0.127334,0.074794,0.581005,0.132929,0.800726,8.0000,0.684418,0.684115
14,384,10,0.126518,0.082705,0.582483,0.086825,0.929414,9.0000,0.690319,0.686960
14,385,8,0.103101,0.042763,0.629268,0.196542,0.867454,4.0000,0.652917,0.774616
14,386,10,0.087763,0.049775,0.635089,0.153449,0.799699,8.0000,0.617011,0.785823
14,387,10,0.094583,0.040868,0.665342,0.172790,0.851877,14.0000,0.659522,0.844063
14,388,12,0.086032,0.043835,0.681718,0.131630,0.834607,8.0000,0.609167,0.852669
14,389,13,0.078991,0.042291,0.688447,0.121920,0.812072,6.0000,0.672336,0.865623
14,390,2,0.734334,0.186257,0.171180,0.000000,0.903181,2.0000,0.867699,0.042419
14,391,6,0.131995,0.122485,0.518241,0.137011,0.403525,5.0000,0.705635,0.595567
14,392,14,0.092696,0.080316,0.610506,0.046463,0.673799,14.0000,0.630377,0.777363
14,393,14,0.092696,0.080316,0.610506,0.046463,0.673799,2.0000,0.617272,0.777363
14,394,14,0.092398,0.078065,0.610599,0.048521,0.680270,7.0000,0.722299,0.777545
14,395,15,0.092398,0.076774,0.613416,0.046757,0.630555,6.0000,0.759917,0.783097
14,396,13,0.081599,0.061283,0.626931,0.050637,0.615076,12.0000,0.666090,0.802296
14,397,14,0.078445,0.059119,0.639434,0.048253,0.610193,5.0000,0.650040,0.813650
14,398,14,0.078370,0.057439,0.641698,0.049278,0.652758,12.0000,0.677227,0.818111
14,399,14,0.078370,0.057439,0.641698,0.049278,0.652758,5.0000,0.736448,0.818111
14,400,2,0.285327,0.034023,0.420360,0.000000,0.370461,2.0000,0.757792,0.489479
14,401,2,0.285327,0.034023,0.420360,0.000000,0.370461,2.0000,0.678574,0.489479
14,402,6,0.119231,0.064801,0.570347,0.172549,0.636995,9.0000,0.580014,0.738415
14,403,6,0.108206,0.042488,0.600016,0.156896,0.633744,8.0000,0.670737,0.796632
14,404,6,0.108206,0.042488,0.600016,0.156896,0.633744,3.0000,0.721320,0.796632
14,405,7,0.104047,0.029206,0.623396,0.134671,0.742915,10.0000,0.749195,0.841694
14,406,7,0.104047,0.029206,0.623396,0.134671,0.742915,6.0000,0.647694,0.841694
14,407,7,0.104047,0.029206,0.623396,0.134671,0.742915,5.0000,0.637800,0.841694
14,408,8,0.102468,0.032806,0.627054,0.070565,0.782658,5.0000,0.681467,0.848871
14,409,8,0.102468,0.032806,0.627054,0.070565,0.782658,7.0000,0.686172,0.848871
14,410,1,0.734285,0.085802,0.234186,0.000000,1.000000,1.0000,0.792625,0.215015
14,411,4,0.269116,0.093279,0.447261,0.676833,1.088952,7.0000,0.641781,0.570157
14,412,8,0.135017,0.069964,0.489931,0.122047,0.837671,13.0000,0.612757,0.648218
14,413,10,0.103084,0.062372,0.541504,0.104831,0.833343,10.0000,0.662920,0.751531
14,414,12,0.084452,0.061390,0.591055,0.059776,0.696515,9.0000,0.730746,0.814642
14,415,11,0.084541,0.055495,0.604260,0.118504,0.722446,6.0000,0.648752,0.841494
14,416,12,0.078242,0.047199,0.609315,0.054928,0.744818,11.0000,0.615370,0.851774
14,417,13,0.056377,0.048151,0.613186,0.074832,0.657755,8.0000,0.678378,0.858294
14,418,14,0.049278,0.042412,0.624515,0.021008,0.676248,11.0000,0.748471,0.881333
14,419,14,0.049278,0.042412,0.624515,0.021008,0.676248,6.0000,0.682108,0.881333
14,420,1,0.619647,0.209437,0.111270,0.000000,1.000000,1.0000,0.705435,0.093044
14,421,2,0.337100,0.107714,0.326019,0.000000,0.175036,4.0000,0.667093,0.384872
14,422,7,0.160369,0.105111,0.437098,0.144027,0.684206,10.0000,0.638779,0.559906
14,423,6,0.148644,0.071567,0.457343,0.160792,0.488967,1.0000,0.682146,0.600572
14,424,7,0.155872,0.046051,0.517228,0.076168,0.692281,6.0000,0.691399,0.720858
14,425,9,0.095413,0.050666,0.546737,0.102297,0.581899,8.0000,0.633765,0.780131
14,426,10,0.096648,0.043147,0.567457,0.128507,0.768224,8.0000,0.697799,0.821750
14,427,11,0.096648,0.058471,0.568181,0.119354,0.690398,7.0000,0.712045,0.823204
14,428,12,0.096520,0.056226,0.571807,0.118666,0.730546,9.0000,0.709735,0.826493
14,429,12,0.096520,0.056226,0.571807,0.118666,0.730546,9.0000,0.709498,0.826493
14,430,1,0.733445,0.214364,0.032502,0.000000,1.000000,1.0000,0.823960,0.013665
14,431,3,0.270109,0.169402,0.218025,0.477607,0.724424,2.0000,0.726558,0.235465
14,432,4,0.157810,0.123743,0.394022,0.054410,0.309675,7.0000,0.630694,0.551748
14,433,5,0.124663,0.087793,0.478903,0.199361,0.473555,4.0000,0.691572,0.717018
14,434,8,0.114030,0.074139,0.505498,0.116328,0.718363,4.0000,0.719865,0.769279
14,435,8,0.084206,0.043383,0.543827,0.112160,0.653301,6.0000,0.698285,0.840540
14,436,8,0.084206,0.043383,0.543827,0.112160,0.653301,1.0000,0.636777,0.840540
14,437,9,0.077063,0.045710,0.550514,0.042717,0.667312,3.0000,0.647174,0.847547
14,438,9,0.077063,0.045710,0.550514,0.042717,0.667312,8.0000,0.665663,0.847547
14,439,9,0.077063,0.045710,0.550514,0.042717,0.667312,4.0000,0.691314,0.847547
14,440,2,0.325635,0.100807,0.244850,0.000000,0.364582,2.0000,0.790634,0.341117
14,441,6,0.131808,0.090295,0.423553,0.123724,0.476004,7.0000,0.686333,0.657568
14,442,7,0.089660,0.039119,0.499009,0.118490,0.439737,8.0000,0.605493,0.764536
14,443,8,0.084138,0.056060,0.500616,0.084492,0.339455,3.0000,0.675650,0.767883
14,444,9,0.075798,0.038737,0.529200,0.090602,0.489685,3.0000,0.740861,0.827410
14,445,12,0.065769,0.041202,0.542058,0.049766,0.556538,5.0000,0.670973,0.854186
14,446,12,0.065769,0.041202,0.542058,0.049766,0.556538,3.0000,0.656068,0.854186
14,447,13,0.064080,0.039872,0.544653,0.052645,0.598171,7.0000,0.657262,0.859591
14,448,15,0.063321,0.037542,0.557946,0.050385,0.628752,7.0000,0.644488,0.887275
14,449,16,0.061656,0.034507,0.561869,0.043231,0.640460,6.0000,0.675452,0.895444
14,450,0,,,,,,0.0000,0.818738,0.000000
14,451,0,,,,,,0.0000,0.838559,0.000000
14,452,0,,,,,,0.0000,0.783157,0.000000
14,453,0,,,,,,0.0000,0.692584,0.000000
14,454,0,,,,,,0.0000,0.758168,0.000000
14,455,0,,,,,,0.0000,0.862941,0.000000
14,456,0,,,,,,0.0000,0.764178,0.000000
14,457,0,,,,,,0.0000,0.703204,0.000000
14,458,0,,,,,,0.0000,0.722787,0.000000
14,459,0,,,,,,0.0000,0.848095,0.000000
14,460,0,,,,,,0.0000,0.776232,0.000000
14,461,0,,,,,,0.0000,0.717666,0.000000
14,462,0,,,,,,0.0000,0.744104,0.000000
14,463,0,,,,,,0.0000,0.786858,0.000000
14,464,0,,,,,,0.0000,0.739236,0.000000
14,465,0,,,,,,0.0000,0.712268,0.000000
14,466,0,,,,,,0.0000,0.769689,0.000000
14,467,0,,,,,,0.0000,0.773648,0.000000
14,468,0,,,,,,0.0000,0.794927,0.000000
14,469,0,,,,,,0.0000,0.732146,0.000000
14,470,0,,,,,,0.0000,0.743114,0.000000
14,471,0,,,,,,0.0000,0.787197,0.000000
14,472,0,,,,,,0.0000,0.800788,0.000000
14,473,0,,,,,,0.0000,0.761700,0.000000
14,474,0,,,,,,0.0000,0.744816,0.000000
14,475,0,,,,,,0.0000,0.734960,0.000000
14,476,0,,,,,,0.0000,0.743942,0.000000
14,477,0,,,,,,0.0000,0.752163,0.000000
14,478,0,,,,,,0.0000,0.733872,0.000000
14,479,0,,,,,,0.0000,0.770659,0.000000
14,480,0,,,,,,0.0000,0.759835,0.000000
14,481,0,,,,,,0.0000,0.755521,0.000000
14,482,0,,,,,,0.0000,0.753590,0.000000
14,483,0,,,,,,0.0000,0.733926,0.000000
14,484,0,,,,,,0.0000,0.758561,0.000000
14,485,0,,,,,,0.0000,0.750773,0.000000
14,486,0,,,,,,0.0000,0.721045,0.000000
14,487,0,,,,,,0.0000,0.729968,0.000000
14,488,0,,,,,,0.0000,0.740040,0.000000
14,489,0,,,,,,0.0000,0.768553,0.000000
14,490,0,,,,,,0.0000,0.741609,0.000000
14,491,0,,,,,,0.0000,0.731860,0.000000
14,492,0,,,,,,0.0000,0.715358,0.000000
14,493,0,,,,,,0.0000,0.789039,0.000000
14,494,0,,,,,,0.0000,0.801479,0.000000
14,495,0,,,,,,0.0000,0.722445,0.000000
14,496,0,,,,,,0.0000,0.734297,0.000000
14,497,0,,,,,,0.0000,0.735696,0.000000
14,498,0,,,,,,0.0000,0.759909,0.000000
14,499,0,,,,,,0.0000,0.724199,0.000000
14,500,0,,,,,,0.0000,0.741862,0.000000
14,501,0,,,,,,0.0000,0.759726,0.000000
14,502,0,,,,,,0.0000,0.785028,0.000000
14,503,0,,,,,,0.0000,0.771049,0.000000
14,504,0,,,,,,0.0000,0.742412,0.000000
14,505,0,,,,,,0.0000,0.744214,0.000000
14,506,0,,,,,,0.0000,0.709307,0.000000
14,507,0,,,,,,0.0000,0.734454,0.000000
14,508,0,,,,,,0.0000,0.791481,0.000000
14,509,0,,,,,,0.0000,0.764248,0.000000
14,510,0,,,,,,0.0000,0.717118,0.000000
14,511,0,,,,,,0.0000,0.710847,0.000000
14,512,0,,,,,,0.0000,0.755197,0.000000
14,513,0,,,,,,0.0000,0.797070,0.000000
14,514,0,,,,,,0.0000,0.766933,0.000000
14,515,0,,,,,,0.0000,0.711015,0.000000
14,516,0,,,,,,0.0000,0.742002,0.000000
14,517,0,,,,,,0.0000,0.821853,0.000000
14,518,0,,,,,,0.0000,0.774186,0.000000
14,519,0,,,,,,0.0000,0.710255,0.000000
14,520,0,,,,,,0.0000,0.702680,0.000000
14,521,0,,,,,,0.0000,0.748638,0.000000
14,522,0,,,,,,0.0000,0.784169,0.000000
14,523,0,,,,,,0.0000,0.752583,0.000000
14,524,0,,,,,,0.0000,0.754986,0.000000
14,525,0,,,,,,0.0000,0.741860,0.000000
14,526,0,,,,,,0.0000,0.729716,0.000000
14,527,0,,,,,,0.0000,0.745039,0.000000
14,528,0,,,,,,0.0000,0.753592,0.000000
14,529,0,,,,,,0.0000,0.743255,0.000000
14,530,0,,,,,,0.0000,0.733656,0.000000
14,531,0,,,,,,0.0000,0.728492,0.000000
14,532,0,,,,,,0.0000,0.749947,0.000000
14,533,0,,,,,,0.0000,0.734148,0.000000
14,534,0,,,,,,0.0000,0.737483,0.000000
14,535,0,,,,,,0.0000,0.782000,0.000000
14,536,0,,,,,,0.0000,0.767169,0.000000
14,537,0,,,,,,0.0000,0.725228,0.000000
14,538,0,,,,,,0.0000,0.733490,0.000000
14,539,0,,,,,,0.0000,0.781806,0.000000
14,540,0,,,,,,0.0000,0.779114,0.000000
14,541,0,,,,,,0.0000,0.772545,0.000000
14,542,0,,,,,,0.0000,0.742382,0.000000
14,543,0,,,,,,0.0000,0.730884,0.000000
14,544,0,,,,,,0.0000,0.771435,0.000000
14,545,0,,,,,,0.0000,0.740483,0.000000
14,546,0,,,,,,0.0000,0.769470,0.000000
14,547,0,,,,,,0.0000,0.753640,0.000000
14,548,0,,,,,,0.0000,0.766999,0.000000
14,549,0,,,,,,0.0000,0.750763,0.000000
14,550,0,,,,,,0.0000,0.740739,0.000000
14,551,0,,,,,,0.0000,0.765268,0.000000
14,552,0,,,,,,0.0000,0.783137,0.000000
14,553,0,,,,,,0.0000,0.781907,0.000000
14,554,0,,,,,,0.0000,0.732724,0.000000
14,555,0,,,,,,0.0000,0.762050,0.000000
14,556,0,,,,,,0.0000,0.750409,0.000000
14,557,0,,,,,,0.0000,0.774678,0.000000
14,558,0,,,,,,0.0000,0.745783,0.000000
14,559,0,,,,,,0.0000,0.771572,0.000000
14,560,0,,,,,,0.0000,0.730441,0.000000
14,561,0,,,,,,0.0000,0.755886,0.000000
14,562,0,,,,,,0.0000,0.715589,0.000000
14,563,0,,,,,,0.0000,0.736005,0.000000
14,564,0,,,,,,0.0000,0.789231,0.000000
14,565,0,,,,,,0.0000,0.769308,0.000000
14,566,0,,,,,,0.0000,0.750206,0.000000
14,567,0,,,,,,0.0000,0.751327,0.000000
14,568,0,,,,,,0.0000,0.732390,0.000000
14,569,0,,,,,,0.0000,0.734463,0.000000
14,570,0,,,,,,0.0000,0.721198,0.000000
14,571,0,,,,,,0.0000,0.756228,0.000000
14,572,0,,,,,,0.0000,0.766374,0.000000
14,573,0,,,,,,0.0000,0.737052,0.000000
14,574,0,,,,,,0.0000,0.757092,0.000000
14,575,0,,,,,,0.0000,0.790666,0.000000
14,576,0,,,,,,0.0000,0.772964,0.000000
14,577,0,,,,,,0.0000,0.762310,0.000000
14,578,0,,,,,,0.0000,0.745871,0.000000
14,579,0,,,,,,0.0000,0.742136,0.000000
14,580,0,,,,,,0.0000,0.781513,0.000000
14,581,0,,,,,,0.0000,0.766965,0.000000
14,582,0,,,,,,0.0000,0.728846,0.000000
14,583,0,,,,,,0.0000,0.752727,0.000000
14,584,0,,,,,,0.0000,0.747160,0.000000
14,585,0,,,,,,0.0000,0.768251,0.000000
14,586,0,,,,,,0.0000,0.740530,0.000000
14,587,0,,,,,,0.0000,0.754737,0.000000
14,588,0,,,,,,0.0000,0.757263,0.000000
14,589,0,,,,,,0.0000,0.764925,0.000000
14,590,0,,,,,,0.0000,0.750430,0.000000
14,591,0,,,,,,0.0000,0.737341,0.000000
14,592,0,,,,,,0.0000,0.745894,0.000000
14,593,0,,,,,,0.0000,0.763884,0.000000
14,594,0,,,,,,0.0000,0.722234,0.000000
14,595,0,,,,,,0.0000,0.769644,0.000000
14,596,0,,,,,,0.0000,0.822854,0.000000
14,597,0,,,,,,0.0000,0.772237,0.000000
14,598,0,,,,,,0.0000,0.724977,0.000000
14,599,0,,,,,,0.0000,0.752890,0.000000
14,600,0,,,,,,0.0000,0.786178,0.000000
14,601,0,,,,,,0.0000,0.781448,0.000000
14,602,0,,,,,,0.0000,0.756543,0.000000
14,603,0,,,,,,0.0000,0.747281,0.000000
14,604,0,,,,,,0.0000,0.795177,0.000000
14,605,0,,,,,,0.0000,0.784614,0.000000
14,606,0,,,,,,0.0000,0.728676,0.000000
14,607,0,,,,,,0.0000,0.753954,0.000000
14,608,0,,,,,,0.0000,0.760760,0.000000
14,609,0,,,,,,0.0000,0.776639,0.000000
14,610,0,,,,,,0.0000,0.751617,0.000000
14,611,0,,,,,,0.0000,0.730502,0.000000
14,612,0,,,,,,0.0000,0.772710,0.000000
14,613,0,,,,,,0.0000,0.785885,0.000000
14,614,0,,,,,,0.0000,0.755561,0.000000
14,615,0,,,,,,0.0000,0.758013,0.000000
14,616,0,,,,,,0.0000,0.751266,0.000000
14,617,0,,,,,,0.0000,0.692191,0.000000
14,618,0,,,,,,0.0000,0.719197,0.000000
14,619,0,,,,,,0.0000,0.798845,0.000000
14,620,0,,,,,,0.0000,0.788628,0.000000
14,621,0,,,,,,0.0000,0.707871,0.000000
14,622,0,,,,,,0.0000,0.748474,0.000000
14,623,0,,,,,,0.0000,0.763273,0.000000
14,624,0,,,,,,0.0000,0.773127,0.000000
14,625,0,,,,,,0.0000,0.735871,0.000000
14,626,0,,,,,,0.0000,0.741722,0.000000
14,627,0,,,,,,0.0000,0.771566,0.000000
14,628,0,,,,,,0.0000,0.799463,0.000000
14,629,0,,,,,,0.0000,0.772391,0.000000
14,630,0,,,,,,0.0000,0.724350,0.000000
14,631,0,,,,,,0.0000,0.697348,0.000000
14,632,0,,,,,,0.0000,0.765983,0.000000
14,633,0,,,,,,0.0000,0.770686,0.000000
14,634,0,,,,,,0.0000,0.765116,0.000000
14,635,0,,,,,,0.0000,0.750756,0.000000
14,636,0,,,,,,0.0000,0.759715,0.000000
14,637,0,,,,,,0.0000,0.769544,0.000000
14,638,0,,,,,,0.0000,0.761933,0.000000
14,639,0,,,,,,0.0000,0.742769,0.000000
14,640,1,0.857940,0.004530,0.242292,0.000000,1.000000,1.0000,0.758883,0.201794
14,641,5,0.133277,0.046287,0.638844,0.316402,0.500250,14.0000,0.555677,0.658701
14,642,10,0.059121,0.043286,0.712838,0.075894,0.586170,19.0000,0.566273,0.802429
14,643,12,0.055117,0.052609,0.724640,0.070848,0.551015,10.0000,0.638758,0.825353
14,644,13,0.053682,0.052961,0.725618,0.063137,0.582830,10.0000,0.690266,0.827252
14,645,13,0.053682,0.052961,0.725618,0.063137,0.582830,7.0000,0.645614,0.827252
14,646,13,0.052500,0.051858,0.727358,0.062582,0.581076,5.0000,0.598581,0.830632
14,647,14,0.049395,0.037363,0.754509,0.077879,0.706726,13.0000,0.631445,0.857210
14,648,16,0.036598,0.026922,0.770219,0.031065,0.808654,12.0000,0.686540,0.887726
14,649,17,0.035658,0.026127,0.770978,0.026485,0.841317,6.0000,0.684715,0.889200
14,650,2,0.383802,0.002168,0.541718,0.000000,0.003036,3.0000,0.787677,0.394421
14,651,4,0.235257,0.132403,0.564997,0.388549,0.440036,6.0000,0.618984,0.440699
14,652,7,0.166260,0.116980,0.649867,0.163781,0.591108,7.0000,0.629838,0.609423
14,653,7,0.135183,0.044282,0.686608,0.235267,0.726239,6.0000,0.682013,0.682465
14,654,11,0.092544,0.081090,0.711858,0.092032,0.685647,9.0000,0.774676,0.732661
14,655,12,0.086488,0.077921,0.717855,0.090163,0.708060,8.0000,0.755282,0.744584
14,656,11,0.090338,0.039477,0.768199,0.093242,0.648432,14.0000,0.672316,0.844669
14,657,12,0.088721,0.037894,0.771183,0.091631,0.715315,12.0000,0.645815,0.850601
14,658,14,0.088631,0.046235,0.771918,0.085390,0.820993,11.0000,0.670902,0.852062
14,659,15,0.088582,0.045110,0.779505,0.084007,0.846642,7.0000,0.652509,0.867147
14,660,3,0.292123,0.032648,0.631046,0.772348,0.672064,4.0000,0.836279,0.525276
14,661,4,0.158989,0.028814,0.721377,0.210942,0.350314,4.0000,0.644584,0.709192
14,662,6,0.121120,0.050445,0.754931,0.054646,0.276495,7.0000,0.553509,0.777509
14,663,8,0.114076,0.047705,0.763887,0.053720,0.471635,10.0000,0.655153,0.795744
14,664,10,0.111877,0.052094,0.766837,0.044887,0.492609,9.0000,0.757422,0.801749
14,665,10,0.111842,0.051915,0.767888,0.047463,0.489509,5.0000,0.756361,0.803889
14,666,10,0.111842,0.047857,0.771879,0.048912,0.509549,13.0000,0.596605,0.812016
14,667,11,0.060343,0.052687,0.785114,0.050498,0.378716,11.0000,0.620314,0.838962
14,668,12,0.060343,0.061726,0.785767,0.046810,0.414630,10.0000,0.702511,0.840291
14,669,14,0.058851,0.057020,0.788117,0.065655,0.531293,11.0000,0.700066,0.845076
14,670,2,0.361900,0.019247,0.557638,0.000000,0.020157,2.0000,0.822596,0.348041
14,671,4,0.244988,0.138453,0.632477,0.403120,0.524867,4.0000,0.688413,0.501386
14,672,5,0.126596,0.090448,0.712339,0.219411,0.417130,9.0000,0.606788,0.665023
14,673,9,0.084311,0.046239,0.754072,0.083528,0.678481,12.0000,0.725684,0.750534
14,674,11,0.074473,0.053209,0.797191,0.084016,0.531230,11.0000,0.675150,0.838885
14,675,10,0.075599,0.055066,0.798233,0.081036,0.464041,12.0000,0.650318,0.841019
14,676,12,0.060484,0.046638,0.811822,0.065853,0.427993,12.0000,0.638513,0.868863
14,677,12,0.060484,0.046638,0.811822,0.065853,0.427993,11.0000,0.654154,0.868863
14,678,12,0.060484,0.046638,0.811822,0.065853,0.427993,11.0000,0.694411,0.868863
14,679,13,0.058677,0.044851,0.812404,0.063117,0.498349,13.0000,0.655977,0.870057
14,680,2,0.349694,0.056608,0.487166,0.000000,0.079540,2.0000,0.768058,0.200795
14,681,6,0.212085,0.089862,0.665848,0.093027,0.898530,7.0000,0.711030,0.548688
14,682,6,0.143895,0.047915,0.743271,0.245221,0.744361,13.0000,0.667657,0.705597
14,683,6,0.140217,0.029565,0.767572,0.226721,0.729646,5.0000,0.651310,0.755899
14,684,7,0.140657,0.024873,0.784099,0.219687,0.857323,9.0000,0.650446,0.790111
14,685,9,0.073776,0.023140,0.814767,0.152022,0.708754,13.0000,0.699265,0.853594
14,686,13,0.053662,0.032962,0.826467,0.094213,0.779483,12.0000,0.658248,0.877814
14,687,14,0.049290,0.032603,0.839261,0.091480,0.798978,5.0000,0.642567,0.904297
14,688,14,0.047864,0.034342,0.847993,0.088768,0.697168,13.0000,0.711823,0.922373
14,689,14,0.047817,0.034265,0.848056,0.088844,0.698854,10.0000,0.704156,0.922503
14,690,2,0.347232,0.066704,0.490270,0.000000,0.091652,4.0000,0.777357,0.192998
14,691,4,0.179670,0.107424,0.580998,0.176412,0.417851,8.0000,0.658210,0.384093
14,692,5,0.137305,0.101309,0.674204,0.184973,0.274724,10.0000,0.678367,0.541864
14,693,6,0.141056,0.060429,0.747554,0.157712,0.682216,10.0000,0.683324,0.696357
14,694,8,0.138298,0.054609,0.750348,0.086245,0.764513,12.0000,0.706977,0.702242
14,695,7,0.146381,0.049295,0.755949,0.103500,0.720425,6.0000,0.702919,0.714040
14,696,9,0.146898,0.041550,0.773759,0.132503,0.946930,10.0000,0.714675,0.751552
14,697,10,0.151127,0.015071,0.785662,0.104301,1.006961,13.0000,0.642284,0.776623
14,698,13,0.053644,0.038666,0.821691,0.094020,0.674569,12.0000,0.640690,0.852510
14,699,15,0.051487,0.038755,0.823283,0.087233,0.789921,12.0000,0.661178,0.855863
14,700,2,0.304732,0.126241,0.484022,0.000000,0.237400,3.0000,0.828953,0.237149
14,701,3,0.306537,0.052645,0.591944,0.927589,0.834259,4.0000,0.718584,0.385214
14,702,5,0.131040,0.070424,0.723215,0.238679,0.467267,10.0000,0.567979,0.643853
14,703,8,0.130106,0.081529,0.725618,0.174640,0.743825,8.0000,0.624035,0.648887
14,704,10,0.089964,0.051106,0.781113,0.143179,0.792549,12.0000,0.645680,0.762711
14,705,11,0.084540,0.046391,0.803912,0.135841,0.792325,10.0000,0.749094,0.810461
14,706,11,0.084540,0.046273,0.803943,0.136571,0.795006,10.0000,0.685884,0.810526
14,707,13,0.085652,0.045455,0.809674,0.122628,0.899789,9.0000,0.675644,0.822529
14,708,13,0.058458,0.028300,0.844646,0.088346,0.897715,12.0000,0.688752,0.895772
14,709,12,0.058446,0.029069,0.844914,0.087270,0.842416,11.0000,0.684980,0.896334
14,710,2,0.356182,0.011891,0.584146,0.000000,0.017049,5.0000,0.790451,0.352181
14,711,3,0.213955,0.017921,0.673065,0.399870,0.336073,4.0000,0.755297,0.539466
14,712,7,0.093028,0.044533,0.755006,0.177796,0.587679,7.0000,0.656685,0.712053
14,713,9,0.080521,0.040360,0.784372,0.153755,0.723920,14.0000,0.623037,0.773905
14,714,10,0.077219,0.059663,0.785850,0.083601,0.728513,16.0000,0.682254,0.777020
14,715,12,0.056071,0.035554,0.800152,0.088905,0.740990,14.0000,0.696987,0.807142
14,716,14,0.054516,0.036605,0.802947,0.089125,0.840125,11.0000,0.636825,0.813029
14,717,15,0.053483,0.035043,0.804126,0.085045,0.891169,10.0000,0.621505,0.815513
14,718,16,0.052675,0.035769,0.804859,0.048869,0.832172,16.0000,0.675078,0.817057
14,719,19,0.049447,0.046799,0.805897,0.043591,0.815290,12.0000,0.730680,0.819243
14,720,5,0.208849,0.075154,0.635164,0.513741,0.747266,7.0000,0.779991,0.481813
14,721,9,0.152814,0.074020,0.733688,0.095470,0.825189,14.0000,0.633417,0.685760
14,722,11,0.146640,0.068933,0.742958,0.085796,0.919860,13.0000,0.617473,0.704949
14,723,12,0.135638,0.072544,0.764603,0.037951,0.850472,15.0000,0.680694,0.749754
14,724,15,0.062510,0.065640,0.799299,0.087036,0.636097,21.0000,0.727371,0.821576
14,725,16,0.061041,0.065376,0.810445,0.036664,0.551653,5.0000,0.673143,0.844649
14,726,17,0.061041,0.064120,0.814901,0.039929,0.572852,9.0000,0.640733,0.853873
14,727,17,0.058220,0.047761,0.833963,0.031957,0.666016,12.0000,0.664598,0.893331
14,728,17,0.058220,0.047762,0.833965,0.031956,0.666029,7.0000,0.657434,0.893336
14,729,17,0.053718,0.033450,0.843459,0.035058,0.687104,6.0000,0.677004,0.912987
14,730,2,0.748341,0.019349,0.335009,0.000000,0.913846,3.0000,0.796936,0.287554
14,731,6,0.112739,0.094755,0.672756,0.133983,0.555696,7.0000,0.679833,0.653186
14,732,9,0.099298,0.085060,0.724147,0.086993,0.416239,11.0000,0.560224,0.713284
14,733,8,0.104791,0.083538,0.748568,0.070384,0.374890,8.0000,0.630149,0.739256
14,734,10,0.074523,0.043696,0.804735,0.058526,0.529505,10.0000,0.701090,0.854343
14,735,12,0.056968,0.043738,0.806199,0.068556,0.451159,14.0000,0.660499,0.857342
14,736,15,0.051434,0.042565,0.811986,0.064771,0.555390,9.0000,0.654957,0.869201
14,737,15,0.051434,0.042565,0.811986,0.064771,0.555390,7.0000,0.681614,0.869201
14,738,16,0.051234,0.039654,0.812824,0.069447,0.619502,13.0000,0.709001,0.870916
14,739,16,0.050444,0.040209,0.815195,0.069464,0.621206,7.0000,0.645722,0.875775
14,740,2,0.375724,0.016306,0.544984,0.000000,0.018502,7.0000,0.772129,0.350051
14,741,4,0.230872,0.043404,0.689276,0.031396,0.729418,7.0000,0.699108,0.643833
14,742,6,0.152993,0.060784,0.733461,0.049464,0.587208,12.0000,0.585417,0.733795
14,743,7,0.073259,0.058015,0.773280,0.104837,0.388347,9.0000,0.704053,0.814867
14,744,11,0.066272,0.047319,0.778147,0.055650,0.745111,15.0000,0.779571,0.824776
14,745,12,0.054336,0.048070,0.789442,0.060743,0.637413,8.0000,0.678179,0.847773
14,746,13,0.054157,0.046188,0.791564,0.065645,0.702245,10.0000,0.589866,0.852095
14,747,18,0.049722,0.048636,0.800852,0.035850,0.776678,12.0000,0.661702,0.871004
14,748,19,0.049604,0.047344,0.800945,0.038046,0.813145,12.0000,0.733730,0.871195
14,749,19,0.049604,0.047344,0.800984,0.038077,0.813149,12.0000,0.676940,0.871273
14,750,2,0.327835,0.067491,0.499891,0.000000,0.116610,3.0000,0.741254,0.373828
14,751,5,0.221627,0.084940,0.564684,0.051680,0.851931,7.0000,0.685359,0.462761
14,752,6,0.136995,0.061045,0.711743,0.146083,0.668545,12.0000,0.680484,0.736815
14,753,6,0.136995,0.061045,0.711743,0.146083,0.668545,10.0000,0.698343,0.736815
14,754,7,0.135754,0.061114,0.716589,0.159524,0.793615,13.0000,0.672609,0.742067
14,755,6,0.130303,0.036054,0.737698,0.138960,0.664709,9.0000,0.694186,0.784032
14,756,7,0.076781,0.039681,0.765760,0.141075,0.470981,7.0000,0.702947,0.839821
14,757,8,0.076705,0.042389,0.771016,0.124470,0.483957,10.0000,0.669855,0.850269
14,758,9,0.075648,0.040230,0.771039,0.139743,0.586130,7.0000,0.682546,0.850315
14,759,9,0.075055,0.035575,0.778797,0.145871,0.625953,5.0000,0.722026,0.865739
14,760,0,,,,,,0.0000,0.821406,0.000000
14,761,0,,,,,,0.0000,0.818642,0.000000
14,762,0,,,,,,0.0000,0.754405,0.000000
14,763,0,,,,,,0.0000,0.713154,0.000000
14,764,0,,,,,,0.0000,0.740440,0.000000
14,765,0,,,,,,0.0000,0.792491,0.000000
14,766,0,,,,,,0.0000,0.770607,0.000000
14,767,0,,,,,,0.0000,0.784129,0.000000
14,768,0,,,,,,0.0000,0.757100,0.000000
14,769,0,,,,,,0.0000,0.770147,0.000000
14,770,0,,,,,,0.0000,0.786474,0.000000
14,771,0,,,,,,0.0000,0.774302,0.000000
14,772,0,,,,,,0.0000,0.728858,0.000000
14,773,0,,,,,,0.0000,0.727447,0.000000
14,774,0,,,,,,0.0000,0.745782,0.000000
14,775,0,,,,,,0.0000,0.785916,0.000000
14,776,0,,,,,,0.0000,0.800673,0.000000
14,777,0,,,,,,0.0000,0.714407,0.000000
14,778,0,,,,,,0.0000,0.750495,0.000000
14,779,0,,,,,,0.0000,0.745433,0.000000
14,780,0,,,,,,0.0000,0.756589,0.000000
14,781,0,,,,,,0.0000,0.757191,0.000000
14,782,0,,,,,,0.0000,0.724929,0.000000
14,783,0,,,,,,0.0000,0.776479,0.000000
14,784,0,,,,,,0.0000,0.710491,0.000000
14,785,0,,,,,,0.0000,0.754547,0.000000
14,786,0,,,,,,0.0000,0.749120,0.000000
14,787,0,,,,,,0.0000,0.749223,0.000000
14,788,0,,,,,,0.0000,0.768677,0.000000
14,789,0,,,,,,0.0000,0.736091,0.000000
14,790,0,,,,,,0.0000,0.730614,0.000000
14,791,0,,,,,,0.0000,0.760599,0.000000
14,792,0,,,,,,0.0000,0.752297,0.000000
14,793,0,,,,,,0.0000,0.747364,0.000000
14,794,0,,,,,,0.0000,0.739582,0.000000
14,795,0,,,,,,0.0000,0.750214,0.000000
14,796,0,,,,,,0.0000,0.744683,0.000000
14,797,0,,,,,,0.0000,0.738532,0.000000
14,798,0,,,,,,0.0000,0.756032,0.000000
14,799,0,,,,,,0.0000,0.783082,0.000000
14,800,0,,,,,,0.0000,0.763248,0.000000
14,801,0,,,,,,0.0000,0.779668,0.000000
14,802,0,,,,,,0.0000,0.742166,0.000000
14,803,0,,,,,,0.0000,0.776116,0.000000
14,804,0,,,,,,0.0000,0.777013,0.000000
14,805,0,,,,,,0.0000,0.722410,0.000000
14,806,0,,,,,,0.0000,0.739094,0.000000
14,807,0,,,,,,0.0000,0.763670,0.000000
14,808,0,,,,,,0.0000,0.782994,0.000000
14,809,0,,,,,,0.0000,0.741189,0.000000
14,810,0,,,,,,0.0000,0.748444,0.000000
14,811,0,,,,,,0.0000,0.769674,0.000000
14,812,0,,,,,,0.0000,0.727352,0.000000
14,813,0,,,,,,0.0000,0.728686,0.000000
14,814,0,,,,,,0.0000,0.750205,0.000000
14,815,0,,,,,,0.0000,0.763430,0.000000
14,816,0,,,,,,0.0000,0.716020,0.000000
14,817,0,,,,,,0.0000,0.755155,0.000000
14,818,0,,,,,,0.0000,0.785166,0.000000
14,819,0,,,,,,0.0000,0.721329,0.000000
14,820,0,,,,,,0.0000,0.746468,0.000000
14,821,0,,,,,,0.0000,0.775883,0.000000
14,822,0,,,,,,0.0000,0.778855,0.000000
14,823,0,,,,,,0.0000,0.742583,0.000000
14,824,0,,,,,,0.0000,0.743480,0.000000
14,825,0,,,,,,0.0000,0.747111,0.000000
14,826,0,,,,,,0.0000,0.772201,0.000000
14,827,0,,,,,,0.0000,0.740281,0.000000
14,828,0,,,,,,0.0000,0.763322,0.000000
14,829,0,,,,,,0.0000,0.772585,0.000000
14,830,0,,,,,,0.0000,0.735809,0.000000
14,831,0,,,,,,0.0000,0.736207,0.000000
14,832,0,,,,,,0.0000,0.738907,0.000000
14,833,0,,,,,,0.0000,0.773010,0.000000
14,834,0,,,,,,0.0000,0.774452,0.000000
14,835,0,,,,,,0.0000,0.759777,0.000000
14,836,0,,,,,,0.0000,0.734879,0.000000
14,837,0,,,,,,0.0000,0.769347,0.000000
14,838,0,,,,,,0.0000,0.810261,0.000000
14,839,0,,,,,,0.0000,0.747461,0.000000
14,840,0,,,,,,0.0000,0.705121,0.000000
14,841,0,,,,,,0.0000,0.767910,0.000000
14,842,0,,,,,,0.0000,0.829922,0.000000
14,843,0,,,,,,0.0000,0.790438,0.000000
14,844,0,,,,,,0.0000,0.703675,0.000000
14,845,0,,,,,,0.0000,0.720891,0.000000
14,846,0,,,,,,0.0000,0.750539,0.000000
14,847,0,,,,,,0.0000,0.821229,0.000000
14,848,0,,,,,,0.0000,0.787159,0.000000
14,849,0,,,,,,0.0000,0.715443,0.000000
14,850,0,,,,,,0.0000,0.716192,0.000000
14,851,0,,,,,,0.0000,0.730595,0.000000
14,852,0,,,,,,0.0000,0.765227,0.000000
14,853,0,,,,,,0.0000,0.796703,0.000000
14,854,0,,,,,,0.0000,0.748306,0.000000
14,855,0,,,,,,0.0000,0.740330,0.000000
14,856,0,,,,,,0.0000,0.764736,0.000000
14,857,0,,,,,,0.0000,0.757379,0.000000
14,858,0,,,,,,0.0000,0.738462,0.000000
14,859,0,,,,,,0.0000,0.688558,0.000000
14,860,0,,,,,,0.0000,0.737263,0.000000
14,861,0,,,,,,0.0000,0.788081,0.000000
14,862,0,,,,,,0.0000,0.758205,0.000000
14,863,0,,,,,,0.0000,0.733782,0.000000
14,864,0,,,,,,0.0000,0.770121,0.000000
14,865,0,,,,,,0.0000,0.768187,0.000000
14,866,0,,,,,,0.0000,0.728387,0.000000
14,867,0,,,,,,0.0000,0.717836,0.000000
14,868,0,,,,,,0.0000,0.752488,0.000000
14,869,0,,,,,,0.0000,0.788333,0.000000
14,870,0,,,,,,0.0000,0.745590,0.000000
14,871,0,,,,,,0.0000,0.721230,0.000000
14,872,0,,,,,,0.0000,0.756334,0.000000
14,873,0,,,,,,0.0000,0.803161,0.000000
14,874,0,,,,,,0.0000,0.785987,0.000000
14,875,0,,,,,,0.0000,0.708872,0.000000
14,876,0,,,,,,0.0000,0.715520,0.000000
14,877,0,,,,,,0.0000,0.787827,0.000000
14,878,0,,,,,,0.0000,0.781499,0.000000
14,879,0,,,,,,0.0000,0.764656,0.000000
14,880,0,,,,,,0.0000,0.741589,0.000000
14,881,0,,,,,,0.0000,0.734291,0.000000
14,882,0,,,,,,0.0000,0.770241,0.000000
14,883,0,,,,,,0.0000,0.796782,0.000000
14,884,0,,,,,,0.0000,0.748574,0.000000
14,885,0,,,,,,0.0000,0.728379,0.000000
14,886,0,,,,,,0.0000,0.771715,0.000000
14,887,0,,,,,,0.0000,0.796782,0.000000
14,888,0,,,,,,0.0000,0.753953,0.000000
14,889,0,,,,,,0.0000,0.750883,0.000000
14,890,0,,,,,,0.0000,0.711526,0.000000
14,891,0,,,,,,0.0000,0.733042,0.000000
14,892,0,,,,,,0.0000,0.781709,0.000000
14,893,0,,,,,,0.0000,0.770798,0.000000
14,894,0,,,,,,0.0000,0.723635,0.000000
14,895,0,,,,,,0.0000,0.734307,0.000000
14,896,0,,,,,,0.0000,0.783521,0.000000
14,897,0,,,,,,0.0000,0.804865,0.000000
14,898,0,,,,,,0.0000,0.764708,0.000000
14,899,0,,,,,,0.0000,0.737482,0.000000
14,900,0,,,,,,0.0000,0.711275,0.000000
14,901,0,,,,,,0.0000,0.763195,0.000000
14,902,0,,,,,,0.0000,0.762992,0.000000
14,903,0,,,,,,0.0000,0.762689,0.000000
14,904,0,,,,,,0.0000,0.743064,0.000000
14,905,0,,,,,,0.0000,0.721379,0.000000
14,906,0,,,,,,0.0000,0.736115,0.000000
14,907,0,,,,,,0.0000,0.784746,0.000000
14,908,0,,,,,,0.0000,0.723752,0.000000
14,909,0,,,,,,0.0000,0.708917,0.000000
14,910,0,,,,,,0.0000,0.747726,0.000000
14,911,0,,,,,,0.0000,0.806405,0.000000
14,912,0,,,,,,0.0000,0.776896,0.000000
14,913,0,,,,,,0.0000,0.715898,0.000000
14,914,0,,,,,,0.0000,0.721880,0.000000
14,915,0,,,,,,0.0000,0.783585,0.000000
14,916,0,,,,,,0.0000,0.757201,0.000000
14,917,0,,,,,,0.0000,0.751885,0.000000
14,918,0,,,,,,0.0000,0.761649,0.000000
14,919,0,,,,,,0.0000,0.777069,0.000000
14,920,0,,,,,,0.0000,0.796170,0.000000
14,921,0,,,,,,0.0000,0.731232,0.000000
14,922,0,,,,,,0.0000,0.706131,0.000000
14,923,0,,,,,,0.0000,0.772528,0.000000
14,924,0,,,,,,0.0000,0.783106,0.000000
14,925,0,,,,,,0.0000,0.738228,0.000000
14,926,0,,,,,,0.0000,0.746960,0.000000
14,927,0,,,,,,0.0000,0.742107,0.000000
14,928,0,,,,,,0.0000,0.735603,0.000000
14,929,0,,,,,,0.0000,0.755164,0.000000
14,930,0,,,,,,0.0000,0.743423,0.000000
14,931,0,,,,,,0.0000,0.756693,0.000000
14,932,0,,,,,,0.0000,0.750774,0.000000
14,933,0,,,,,,0.0000,0.800585,0.000000
14,934,0,,,,,,0.0000,0.762800,0.000000
14,935,0,,,,,,0.0000,0.732730,0.000000
14,936,0,,,,,,0.0000,0.770298,0.000000
14,937,0,,,,,,0.0000,0.821308,0.000000
14,938,0,,,,,,0.0000,0.723475,0.000000
14,939,0,,,,,,0.0000,0.692547,0.000000
14,940,0,,,,,,0.0000,0.735632,0.000000
14,941,0,,,,,,0.0000,0.820979,0.000000
14,942,0,,,,,,0.0000,0.784265,0.000000
14,943,0,,,,,,0.0000,0.743795,0.000000
14,944,0,,,,,,0.0000,0.739692,0.000000
14,945,0,,,,,,0.0000,0.727019,0.000000
14,946,0,,,,,,0.0000,0.756943,0.000000
14,947,0,,,,,,0.0000,0.760152,0.000000
14,948,0,,,,,,0.0000,0.787408,0.000000
14,949,0,,,,,,0.0000,0.788985,0.000000
14,950,0,,,,,,0.0000,0.764558,0.000000
14,951,0,,,,,,0.0000,0.744909,0.000000
14,952,0,,,,,,0.0000,0.729504,0.000000
14,953,0,,,,,,0.0000,0.750356,0.000000
14,954,0,,,,,,0.0000,0.784773,0.000000
14,955,0,,,,,,0.0000,0.760422,0.000000
14,956,0,,,,,,0.0000,0.748286,0.000000
14,957,0,,,,,,0.0000,0.740222,0.000000
14,958,0,,,,,,0.0000,0.737610,0.000000
14,959,0,,,,,,0.0000,0.747735,0.000000
14,960,0,,,,,,0.0000,0.778610,0.000000
14,961,0,,,,,,0.0000,0.812171,0.000000
14,962,0,,,,,,0.0000,0.809977,0.000000
14,963,0,,,,,,0.0000,0.766620,0.000000
14,964,0,,,,,,0.0000,0.730481,0.000000
14,965,0,,,,,,0.0000,0.779894,0.000000
14,966,0,,,,,,0.0000,0.737329,0.000000
14,967,0,,,,,,0.0000,0.736839,0.000000
14,968,0,,,,,,0.0000,0.776112,0.000000
14,969,0,,,,,,0.0000,0.818396,0.000000
14,970,0,,,,,,0.0000,0.763032,0.000000
14,971,0,,,,,,0.0000,0.738851,0.000000
14,972,0,,,,,,0.0000,0.720194,0.000000
14,973,0,,,,,,0.0000,0.756626,0.000000
14,974,0,,,,,,0.0000,0.757354,0.000000
14,975,0,,,,,,0.0000,0.757089,0.000000
14,976,0,,,,,,0.0000,0.747917,0.000000
14,977,0,,,,,,0.0000,0.725492,0.000000
14,978,0,,,,,,0.0000,0.749089,0.000000
14,979,0,,,,,,0.0000,0.791274,0.000000
14,980,0,,,,,,0.0000,0.776544,0.000000
14,981,0,,,,,,0.0000,0.731471,0.000000
14,982,0,,,,,,0.0000,0.692420,0.000000
14,983,0,,,,,,0.0000,0.774641,0.000000
14,984,0,,,,,,0.0000,0.792820,0.000000
14,985,0,,,,,,0.0000,0.739651,0.000000
14,986,0,,,,,,0.0000,0.751900,0.000000
14,987,0,,,,,,0.0000,0.765213,0.000000
14,988,0,,,,,,0.0000,0.764261,0.000000
14,989,0,,,,,,0.0000,0.748955,0.000000
14,990,0,,,,,,0.0000,0.734807,0.000000
14,991,0,,,,,,0.0000,0.735104,0.000000
14,992,0,,,,,,0.0000,0.742175,0.000000
14,993,0,,,,,,0.0000,0.732628,0.000000
14,994,0,,,,,,0.0000,0.763000,0.000000
14,995,0,,,,,,0.0000,0.791656,0.000000
14,996,0,,,,,,0.0000,0.810965,0.000000
14,997,0,,,,,,0.0000,0.747175,0.000000
14,998,0,,,,,,0.0000,0.681738,0.000000
14,999,0,,,,,,0.0000,0.739090,0.000000
14,1000,0,,,,,,0.0000,0.774880,0.000000
15,1,11,0.130996,0.097697,0.643253,0.212348,0.954226,25.0000,0.703394,0.652093
15,2,10,0.082357,0.090545,0.690437,0.110464,0.621337,10.0000,0.650369,0.744679
15,3,10,0.079464,0.081670,0.700927,0.093949,0.622188,4.0000,0.566953,0.765261
15,4,8,0.063841,0.054425,0.718545,0.092294,0.348527,6.0000,0.651245,0.792823
15,5,10,0.053380,0.039448,0.732348,0.091042,0.534074,4.0000,0.739808,0.819908
15,6,10,0.055435,0.032956,0.746437,0.096529,0.634755,5.0000,0.686220,0.847553
15,7,11,0.053632,0.031762,0.753737,0.097245,0.702979,6.0000,0.601144,0.853299
15,8,12,0.053144,0.038501,0.754074,0.078868,0.743553,4.0000,0.628906,0.853960
15,9,13,0.052284,0.039737,0.754236,0.076910,0.800135,4.0000,0.641225,0.854277
15,10,1,0.479165,0.005200,0.286223,0.000000,1.000000,1.0000,0.708592,0.317519
15,11,4,0.167182,0.069730,0.555877,0.346144,0.532419,4.0000,0.546019,0.544064
15,12,8,0.139123,0.075439,0.639396,0.046653,0.720321,10.0000,0.543208,0.686086
15,13,8,0.116139,0.065477,0.675520,0.058111,0.622981,3.0000,0.635368,0.759545
15,14,8,0.116139,0.065477,0.675520,0.058111,0.622981,2.0000,0.628036,0.759545
15,15,9,0.109010,0.069108,0.700003,0.057096,0.614161,3.0000,0.562422,0.809332
15,16,10,0.104740,0.077645,0.700860,0.070854,0.658362,5.0000,0.556738,0.811074
15,17,8,0.079968,0.054128,0.717669,0.076224,0.509015,6.0000,0.567958,0.845257
15,18,9,0.075420,0.057260,0.718050,0.067027,0.561629,1.0000,0.592406,0.846031
15,19,9,0.075420,0.057260,0.718050,0.067027,0.561629,2.0000,0.585015,0.846031
15,20,0,,,,,,0.0000,0.669910,0.000000
15,21,0,,,,,,0.0000,0.664475,0.000000
15,22,0,,,,,,0.0000,0.643818,0.000000
15,23,0,,,,,,0.0000,0.651989,0.000000
15,24,0,,,,,,0.0000,0.660457,0.000000
15,25,0,,,,,,0.0000,0.652997,0.000000
15,26,0,,,,,,0.0000,0.640156,0.000000
15,27,0,,,,,,0.0000,0.648329,0.000000
15,28,0,,,,,,0.0000,0.627770,0.000000
15,29,0,,,,,,0.0000,0.636706,0.000000
15,30,0,,,,,,0.0000,0.635031,0.000000
15,31,0,,,,,,0.0000,0.665223,0.000000
15,32,0,,,,,,0.0000,0.671948,0.000000
15,33,0,,,,,,0.0000,0.637836,0.000000
15,34,0,,,,,,0.0000,0.643191,0.000000
15,35,0,,,,,,0.0000,0.661349,0.000000
15,36,0,,,,,,0.0000,0.640181,0.000000
15,37,0,,,,,,0.0000,0.633163,0.000000
15,38,0,,,,,,0.0000,0.629175,0.000000
15,39,0,,,,,,0.0000,0.651113,0.000000
15,40,0,,,,,,0.0000,0.666975,0.000000
15,41,0,,,,,,0.0000,0.634344,0.000000
15,42,0,,,,,,0.0000,0.612773,0.000000
15,43,0,,,,,,0.0000,0.633856,0.000000
15,44,0,,,,,,0.0000,0.683403,0.000000
15,45,0,,,,,,0.0000,0.642384,0.000000
15,46,0,,,,,,0.0000,0.633627,0.000000
15,47,0,,,,,,0.0000,0.670626,0.000000
15,48,0,,,,,,0.0000,0.667270,0.000000
15,49,0,,,,,,0.0000,0.607155,0.000000
15,50,0,,,,,,0.0000,0.601057,0.000000
15,51,0,,,,,,0.0000,0.659530,0.000000
15,52,0,,,,,,0.0000,0.673323,0.000000
15,53,0,,,,,,0.0000,0.629974,0.000000
15,54,0,,,,,,0.0000,0.601283,0.000000
15,55,0,,,,,,0.0000,0.676189,0.000000
15,56,0,,,,,,0.0000,0.705383,0.000000
15,57,0,,,,,,0.0000,0.648033,0.000000
15,58,0,,,,,,0.0000,0.586613,0.000000
15,59,0,,,,,,0.0000,0.619063,0.000000
15,60,0,,,,,,0.0000,0.649559,0.000000
15,61,0,,,,,,0.0000,0.631773,0.000000
15,62,0,,,,,,0.0000,0.628025,0.000000
15,63,0,,,,,,0.0000,0.636671,0.000000
15,64,0,,,,,,0.0000,0.639935,0.000000
15,65,0,,,,,,0.0000,0.656116,0.000000
15,66,0,,,,,,0.0000,0.653328,0.000000
15,67,0,,,,,,0.0000,0.648674,0.000000
15,68,0,,,,,,0.0000,0.638456,0.000000
15,69,0,,,,,,0.0000,0.642166,0.000000
15,70,0,,,,,,0.0000,0.637258,0.000000
15,71,0,,,,,,0.0000,0.603174,0.000000
15,72,0,,,,,,0.0000,0.632372,0.000000
15,73,0,,,,,,0.0000,0.645999,0.000000
15,74,0,,,,,,0.0000,0.622484,0.000000
15,75,0,,,,,,0.0000,0.623380,0.000000
15,76,0,,,,,,0.0000,0.621506,0.000000
15,77,0,,,,,,0.0000,0.637237,0.000000
15,78,0,,,,,,0.0000,0.667490,0.000000
15,79,0,,,,,,0.0000,0.670319,0.000000
15,80,0,,,,,,0.0000,0.622775,0.000000
15,81,0,,,,,,0.0000,0.621331,0.000000
15,82,0,,,,,,0.0000,0.673758,0.000000
15,83,0,,,,,,0.0000,0.627514,0.000000
15,84,0,,,,,,0.0000,0.611973,0.000000
15,85,0,,,,,,0.0000,0.590383,0.000000
15,86,0,,,,,,0.0000,0.652924,0.000000
15,87,0,,,,,,0.0000,0.659099,0.000000
15,88,0,,,,,,0.0000,0.616735,0.000000
15,89,0,,,,,,0.0000,0.610837,0.000000
15,90,0,,,,,,0.0000,0.642806,0.000000
15,91,0,,,,,,0.0000,0.662376,0.000000
15,92,0,,,,,,0.0000,0.642997,0.000000
15,93,0,,,,,,0.0000,0.609262,0.000000
15,94,0,,,,,,0.0000,0.625365,0.000000
15,95,0,,,,,,0.0000,0.654092,0.000000
15,96,0,,,,,,0.0000,0.655484,0.000000
15,97,0,,,,,,0.0000,0.632970,0.000000
15,98,0,,,,,,0.0000,0.634066,0.000000
15,99,0,,,,,,0.0000,0.638594,0.000000
15,100,0,,,,,,0.0000,0.648741,0.000000
15,101,0,,,,,,0.0000,0.627409,0.000000
15,102,0,,,,,,0.0000,0.658022,0.000000
15,103,0,,,,,,0.0000,0.637963,0.000000
15,104,0,,,,,,0.0000,0.609895,0.000000
15,105,0,,,,,,0.0000,0.652147,0.000000
15,106,0,,,,,,0.0000,0.637274,0.000000
15,107,0,,,,,,0.0000,0.665093,0.000000
15,108,0,,,,,,0.0000,0.653629,0.000000
15,109,0,,,,,,0.0000,0.651431,0.000000
15,110,0,,,,,,0.0000,0.678475,0.000000
15,111,0,,,,,,0.0000,0.624208,0.000000
15,112,0,,,,,,0.0000,0.643431,0.000000
15,113,0,,,,,,0.0000,0.642655,0.000000
15,114,0,,,,,,0.0000,0.608810,0.000000
15,115,0,,,,,,0.0000,0.649419,0.000000
15,116,0,,,,,,0.0000,0.653256,0.000000
15,117,0,,,,,,0.0000,0.628613,0.000000
15,118,0,,,,,,0.0000,0.591023,0.000000
15,119,0,,,,,,0.0000,0.593732,0.000000
15,120,0,,,,,,0.0000,0.640595,0.000000
15,121,0,,,,,,0.0000,0.693773,0.000000
15,122,0,,,,,,0.0000,0.639776,0.000000
15,123,0,,,,,,0.0000,0.572219,0.000000
15,124,0,,,,,,0.0000,0.617841,0.000000
15,125,0,,,,,,0.0000,0.699101,0.000000
15,126,0,,,,,,0.0000,0.708677,0.000000
15,127,0,,,,,,0.0000,0.628415,0.000000
15,128,0,,,,,,0.0000,0.569658,0.000000
15,129,0,,,,,,0.0000,0.680322,0.000000
15,130,0,,,,,,0.0000,0.677245,0.000000
15,131,0,,,,,,0.0000,0.646655,0.000000
15,132,0,,,,,,0.0000,0.598839,0.000000
15,133,0,,,,,,0.0000,0.594880,0.000000
15,134,0,,,,,,0.0000,0.627560,0.000000
15,135,0,,,,,,0.0000,0.659940,0.000000
15,136,0,,,,,,0.0000,0.692607,0.000000
15,137,0,,,,,,0.0000,0.647299,0.000000
15,138,0,,,,,,0.0000,0.598520,0.000000
15,139,0,,,,,,0.0000,0.638340,0.000000
15,140,0,,,,,,0.0000,0.660918,0.000000
15,141,0,,,,,,0.0000,0.671619,0.000000
15,142,0,,,,,,0.0000,0.653318,0.000000
15,143,0,,,,,,0.0000,0.681039,0.000000
15,144,0,,,,,,0.0000,0.670131,0.000000
15,145,0,,,,,,0.0000,0.639108,0.000000
15,146,0,,,,,,0.0000,0.605354,0.000000
15,147,0,,,,,,0.0000,0.630727,0.000000
15,148,0,,,,,,0.0000,0.679297,0.000000
15,149,0,,,,,,0.0000,0.628764,0.000000
15,150,0,,,,,,0.0000,0.614572,0.000000
15,151,0,,,,,,0.0000,0.642266,0.000000
15,152,0,,,,,,0.0000,0.694415,0.000000
15,153,0,,,,,,0.0000,0.649550,0.000000
15,154,0,,,,,,0.0000,0.634351,0.000000
15,155,0,,,,,,0.0000,0.639263,0.000000
15,156,0,,,,,,0.0000,0.651202,0.000000
15,157,0,,,,,,0.0000,0.625695,0.000000
15,158,0,,,,,,0.0000,0.585199,0.000000
15,159,0,,,,,,0.0000,0.596707,0.000000
15,160,0,,,,,,0.0000,0.679315,0.000000
15,161,0,,,,,,0.0000,0.662775,0.000000
15,162,0,,,,,,0.0000,0.615204,0.000000
15,163,0,,,,,,0.0000,0.606796,0.000000
15,164,0,,,,,,0.0000,0.647739,0.000000
15,165,0,,,,,,0.0000,0.665741,0.000000
15,166,0,,,,,,0.0000,0.624984,0.000000
15,167,0,,,,,,0.0000,0.560781,0.000000
15,168,0,,,,,,0.0000,0.607696,0.000000
15,169,0,,,,,,0.0000,0.667672,0.000000
15,170,0,,,,,,0.0000,0.655685,0.000000
15,171,0,,,,,,0.0000,0.632968,0.000000
15,172,0,,,,,,0.0000,0.623344,0.000000
15,173,0,,,,,,0.0000,0.621552,0.000000
15,174,0,,,,,,0.0000,0.581467,0.000000
15,175,0,,,,,,0.0000,0.632228,0.000000
15,176,0,,,,,,0.0000,0.653523,0.000000
15,177,0,,,,,,0.0000,0.634416,0.000000
15,178,0,,,,,,0.0000,0.606665,0.000000
15,179,0,,,,,,0.0000,0.615788,0.000000
15,180,0,,,,,,0.0000,0.622695,0.000000
15,181,0,,,,,,0.0000,0.683928,0.000000
15,182,0,,,,,,0.0000,0.650450,0.000000
15,183,0,,,,,,0.0000,0.597589,0.000000
15,184,0,,,,,,0.0000,0.606767,0.000000
15,185,0,,,,,,0.0000,0.671292,0.000000
15,186,0,,,,,,0.0000,0.661333,0.000000
15,187,0,,,,,,0.0000,0.620280,0.000000
15,188,0,,,,,,0.0000,0.615602,0.000000
15,189,0,,,,,,0.0000,0.633403,0.000000
15,190,0,,,,,,0.0000,0.634758,0.000000
15,191,0,,,,,,0.0000,0.649319,0.000000
15,192,0,,,,,,0.0000,0.672100,0.000000
15,193,0,,,,,,0.0000,0.679339,0.000000
15,194,0,,,,,,0.0000,0.644535,0.000000
15,195,0,,,,,,0.0000,0.602365,0.000000
15,196,0,,,,,,0.0000,0.648524,0.000000
15,197,0,,,,,,0.0000,0.684989,0.000000
15,198,0,,,,,,0.0000,0.689906,0.000000
15,199,0,,,,,,0.0000,0.637821,0.000000
15,200,0,,,,,,0.0000,0.604619,0.000000
15,201,0,,,,,,0.0000,0.652561,0.000000
15,202,0,,,,,,0.0000,0.670217,0.000000
15,203,0,,,,,,0.0000,0.620883,0.000000
15,204,0,,,,,,0.0000,0.611089,0.000000
15,205,0,,,,,,0.0000,0.625577,0.000000
15,206,0,,,,,,0.0000,0.642362,0.000000
15,207,0,,,,,,0.0000,0.684331,0.000000
15,208,0,,,,,,0.0000,0.627783,0.000000
15,209,0,,,,,,0.0000,0.596586,0.000000
15,210,0,,,,,,0.0000,0.648714,0.000000
15,211,0,,,,,,0.0000,0.657342,0.000000
15,212,0,,,,,,0.0000,0.648856,0.000000
15,213,0,,,,,,0.0000,0.653338,0.000000
15,214,0,,,,,,0.0000,0.652188,0.000000
15,215,0,,,,,,0.0000,0.653642,0.000000
15,216,0,,,,,,0.0000,0.626447,0.000000
15,217,0,,,,,,0.0000,0.604463,0.000000
15,218,0,,,,,,0.0000,0.635512,0.000000
15,219,0,,,,,,0.0000,0.659641,0.000000
15,220,0,,,,,,0.0000,0.640114,0.000000
15,221,0,,,,,,0.0000,0.613337,0.000000
15,222,0,,,,,,0.0000,0.639048,0.000000
15,223,0,,,,,,0.0000,0.673231,0.000000
15,224,0,,,,,,0.0000,0.620877,0.000000
15,225,0,,,,,,0.0000,0.632921,0.000000
15,226,0,,,,,,0.0000,0.662789,0.000000
15,227,0,,,,,,0.0000,0.628626,0.000000
15,228,0,,,,,,0.0000,0.628173,0.000000
15,229,0,,,,,,0.0000,0.683172,0.000000
15,230,0,,,,,,0.0000,0.660804,0.000000
15,231,0,,,,,,0.0000,0.611926,0.000000
15,232,0,,,,,,0.0000,0.620922,0.000000
15,233,0,,,,,,0.0000,0.711914,0.000000
15,234,0,,,,,,0.0000,0.708129,0.000000
15,235,0,,,,,,0.0000,0.625326,0.000000
15,236,0,,,,,,0.0000,0.592835,0.000000
15,237,0,,,,,,0.0000,0.623692,0.000000
15,238,0,,,,,,0.0000,0.687522,0.000000
15,239,0,,,,,,0.0000,0.663225,0.000000
15,240,0,,,,,,0.0000,0.611036,0.000000
15,241,0,,,,,,0.0000,0.579570,0.000000
15,242,1,0.854651,0.002039,0.405906,0.000000,1.000000,1.0000,0.674998,0.215756
15,243,3,0.172948,0.050573,0.736863,0.131945,0.204226,4.0000,0.528680,0.616995
15,244,6,0.091110,0.047051,0.820740,0.195374,0.465551,8.0000,0.541562,0.750580
15,245,7,0.087360,0.043774,0.840174,0.191213,0.598149,5.0000,0.613701,0.788330
15,246,7,0.087360,0.043774,0.840174,0.191213,0.598149,1.0000,0.590743,0.788330
15,247,7,0.087360,0.043774,0.840174,0.191213,0.598149,2.0000,0.610632,0.788330
15,248,8,0.087360,0.048151,0.840657,0.199439,0.706763,3.0000,0.615741,0.788549
15,249,7,0.086813,0.040189,0.858322,0.186023,0.530922,5.0000,0.560370,0.803575
15,250,3,0.743050,0.029863,0.390106,0.045358,0.937866,4.0000,0.687937,0.279353
15,251,5,0.174288,0.024770,0.813538,0.349935,0.802884,5.0000,0.598715,0.682494
15,252,9,0.116255,0.066808,0.839061,0.062177,0.576576,6.0000,0.531183,0.733236
15,253,11,0.084649,0.061574,0.881428,0.087732,0.509538,10.0000,0.494719,0.808496
15,254,14,0.059658,0.069300,0.883669,0.074760,0.534170,6.0000,0.598302,0.812951
15,255,13,0.065393,0.055505,0.910862,0.063236,0.610503,7.0000,0.644239,0.867012
15,256,12,0.066088,0.057393,0.911389,0.065177,0.539594,6.0000,0.609507,0.868059
15,257,12,0.066088,0.057393,0.911389,0.065177,0.539594,4.0000,0.497404,0.868059
15,258,15,0.050210,0.053655,0.915605,0.068141,0.556813,7.0000,0.503355,0.876440
15,259,17,0.048954,0.051721,0.917748,0.068503,0.615507,7.0000,0.587786,0.880701
15,260,2,0.367358,0.007273,0.698014,0.000000,0.008124,2.0000,0.742865,0.397763
15,261,3,0.367357,0.006359,0.700795,1.106150,0.984178,5.0000,0.619717,0.399703
15,262,8,0.094121,0.054564,0.858066,0.196053,0.643243,9.0000,0.493790,0.719910
15,263,9,0.092139,0.060844,0.878040,0.163773,0.618149,6.0000,0.537122,0.760578
15,264,10,0.089146,0.066178,0.879484,0.109638,0.605631,8.0000,0.668390,0.763518
15,265,12,0.078756,0.063080,0.884951,0.104737,0.582957,7.0000,0.639209,0.774648
15,266,13,0.071855,0.052790,0.900773,0.104202,0.635747,5.0000,0.601216,0.806861
15,267,14,0.068946,0.048732,0.904862,0.109609,0.728444,8.0000,0.535653,0.815187
15,268,15,0.067352,0.047138,0.906138,0.105675,0.753329,4.0000,0.591335,0.817785
15,269,18,0.062130,0.053058,0.925477,0.048785,0.714550,10.0000,0.599690,0.857160
15,270,3,0.511199,0.037475,0.573877,0.128926,0.802942,3.0000,0.697435,0.426065
15,271,4,0.163080,0.053192,0.780762,0.411780,0.591703,3.0000,0.651852,0.606434
15,272,4,0.163080,0.053192,0.780762,0.411780,0.591703,6.0000,0.528197,0.606434
15,273,5,0.126788,0.080664,0.783517,0.099438,0.383522,5.0000,0.546611,0.612079
15,274,9,0.054860,0.038454,0.915931,0.052455,0.395209,10.0000,0.556832,0.832956
15,275,9,0.054666,0.038186,0.916405,0.052148,0.396149,8.0000,0.588253,0.833927
15,276,10,0.047854,0.026990,0.946166,0.090722,0.482402,8.0000,0.585184,0.874845
15,277,11,0.046438,0.035161,0.948806,0.064348,0.489267,7.0000,0.524915,0.880254
15,278,12,0.059790,0.033845,0.961184,0.061118,0.652736,11.0000,0.518895,0.905616
15,279,13,0.058759,0.035818,0.961291,0.045698,0.649874,8.0000,0.540607,0.905837
15,280,2,0.331755,0.132796,0.548029,0.000000,0.164145,2.0000,0.758785,0.141127
15,281,3,0.290917,0.184021,0.676243,0.266651,0.174955,4.0000,0.594653,0.294794
15,282,4,0.224052,0.168155,0.700918,0.177243,0.231172,5.0000,0.562659,0.345873
15,283,4,0.185413,0.059135,0.807729,0.408163,0.483119,6.0000,0.589723,0.566974
15,284,6,0.123700,0.063294,0.856696,0.190770,0.492011,10.0000,0.640456,0.668336
15,285,8,0.094566,0.070446,0.883270,0.138796,0.466353,9.0000,0.645497,0.723346
15,286,9,0.091496,0.068659,0.885169,0.138608,0.572125,8.0000,0.579192,0.727276
15,287,9,0.091496,0.068659,0.885169,0.138608,0.572125,6.0000,0.580154,0.727276
15,288,10,0.086164,0.071513,0.898429,0.100483,0.550542,8.0000,0.572639,0.754725
15,289,12,0.083755,0.075117,0.900226,0.090741,0.636811,8.0000,0.573435,0.758445
15,290,3,0.316426,0.067449,0.676730,0.971526,0.863683,6.0000,0.681352,0.289320
15,291,4,0.272153,0.068045,0.777983,0.725891,0.986316,7.0000,0.611418,0.502584
15,292,5,0.155085,0.077783,0.830416,0.313360,0.678902,10.0000,0.517811,0.594073
15,293,7,0.118886,0.083572,0.869529,0.153092,0.420584,6.0000,0.618240,0.676455
15,294,8,0.086489,0.058894,0.925085,0.165969,0.557240,9.0000,0.640863,0.793469
15,295,9,0.074429,0.055662,0.934361,0.113785,0.497494,9.0000,0.575195,0.813006
15,296,9,0.066340,0.046237,0.947175,0.099723,0.502395,6.0000,0.511651,0.839997
15,297,10,0.065884,0.044335,0.947714,0.113818,0.607437,6.0000,0.611744,0.841130
15,298,10,0.065149,0.040692,0.953451,0.118743,0.681614,6.0000,0.608230,0.853216
15,299,11,0.056862,0.023744,0.967162,0.117521,0.742781,5.0000,0.565839,0.882094
15,300,2,0.347550,0.012155,0.717353,0.000000,0.015768,3.0000,0.656149,0.353923
15,301,2,0.347550,0.012155,0.717353,0.000000,0.015768,4.0000,0.640368,0.353923
15,302,3,0.332808,0.010446,0.736889,1.050570,0.946183,6.0000,0.544974,0.394839
15,303,6,0.196412,0.066036,0.782408,0.423802,0.935765,8.0000,0.519799,0.490173
15,304,8,0.175934,0.090146,0.800752,0.329404,0.755913,7.0000,0.605099,0.528593
15,305,7,0.158511,0.049116,0.841963,0.377353,0.762867,6.0000,0.645427,0.614903
15,306,9,0.137834,0.049776,0.898721,0.089956,0.756078,9.0000,0.594267,0.733773
15,307,9,0.135270,0.046152,0.925957,0.085108,0.859628,7.0000,0.544567,0.790817
15,308,10,0.067824,0.049884,0.948732,0.113644,0.701979,7.0000,0.611655,0.838515
15,309,11,0.067099,0.051928,0.949697,0.116269,0.791963,6.0000,0.621977,0.840535
15,310,2,0.758866,0.097706,0.314683,0.000000,0.985172,2.0000,0.713952,0.124123
15,311,3,0.304926,0.046064,0.741607,0.901484,0.813946,3.0000,0.546141,0.422480
15,312,3,0.304564,0.025863,0.756795,0.917868,0.811323,5.0000,0.530330,0.439009
15,313,4,0.275830,0.023181,0.791662,0.022022,1.009061,4.0000,0.532674,0.512446
15,314,5,0.179362,0.032493,0.838145,0.140193,0.693721,2.0000,0.622209,0.610353
15,315,9,0.111858,0.079444,0.883186,0.106573,0.611708,7.0000,0.603816,0.705218
15,316,12,0.109019,0.081852,0.890077,0.061395,0.637454,8.0000,0.582014,0.719734
15,317,11,0.108680,0.072602,0.908171,0.103932,0.770184,6.0000,0.541635,0.757844
15,318,11,0.077372,0.059211,0.922425,0.106642,0.727524,4.0000,0.547279,0.787866
15,319,12,0.077372,0.058358,0.922477,0.109662,0.780103,8.0000,0.589163,0.787976
15,320,2,0.355822,0.013873,0.704755,0.000000,0.016020,4.0000,0.739853,0.353816
15,321,4,0.264577,0.051855,0.795195,0.701035,0.939106,4.0000,0.597071,0.541028
15,322,7,0.087144,0.046475,0.897777,0.078225,0.467426,9.0000,0.528814,0.753375
15,323,9,0.075212,0.053964,0.922562,0.101222,0.602702,8.0000,0.582488,0.804679
15,324,12,0.061675,0.066027,0.944896,0.061576,0.434677,13.0000,0.602296,0.850911
15,325,13,0.057811,0.063473,0.948664,0.056026,0.416697,7.0000,0.629597,0.858711
15,326,13,0.056668,0.061850,0.951822,0.053769,0.406449,7.0000,0.560151,0.865249
15,327,13,0.057265,0.061398,0.955652,0.053591,0.403985,4.0000,0.560948,0.873177
15,328,14,0.055776,0.059313,0.955968,0.047855,0.456487,7.0000,0.557565,0.873831
15,329,15,0.055587,0.060432,0.956386,0.054690,0.518798,4.0000,0.534084,0.874695
15,330,0,,,,,,0.0000,0.739030,0.000000
15,331,2,0.360026,0.013405,0.698217,0.000000,0.015154,4.0000,0.752973,0.366799
15,332,2,0.360026,0.013405,0.698217,0.000000,0.015154,2.0000,0.550668,0.366799
15,333,4,0.275404,0.012622,0.801662,0.099398,0.987457,3.0000,0.479072,0.578757
15,334,8,0.097430,0.044883,0.923845,0.112458,0.485790,8.0000,0.545216,0.829109
15,335,9,0.097430,0.044678,0.923897,0.133100,0.580912,7.0000,0.661853,0.829217
15,336,9,0.096905,0.044239,0.926280,0.130613,0.584997,8.0000,0.654680,0.834098
15,337,9,0.090657,0.033339,0.930455,0.120243,0.581319,7.0000,0.605965,0.842652
15,338,10,0.055335,0.035161,0.940124,0.082066,0.463053,5.0000,0.543567,0.862465
15,339,12,0.054495,0.037459,0.944457,0.077565,0.617617,14.0000,0.539444,0.871343
15,340,1,0.534333,0.125447,0.342437,0.000000,1.000000,1.0000,0.715695,0.257573
15,341,3,0.212612,0.120285,0.642376,0.279632,0.385875,3.0000,0.598768,0.393122
15,342,6,0.158674,0.078944,0.754757,0.348665,0.796187,7.0000,0.524644,0.601568
15,343,7,0.153503,0.066048,0.811195,0.321866,0.720632,7.0000,0.532000,0.639484
15,344,10,0.077559,0.071066,0.865214,0.138243,0.517755,6.0000,0.663608,0.749468
15,345,13,0.072949,0.068666,0.889503,0.072462,0.569940,12.0000,0.638732,0.791065
15,346,14,0.072694,0.066317,0.890292,0.073970,0.645389,6.0000,0.596612,0.792670
15,347,16,0.072344,0.073125,0.891412,0.054811,0.620781,4.0000,0.563552,0.794952
15,348,17,0.069985,0.069155,0.897930,0.041908,0.622540,13.0000,0.521048,0.808222
15,349,17,0.063452,0.062213,0.909560,0.041192,0.639209,8.0000,0.591428,0.831900
15,350,1,0.776561,0.012190,0.425328,0.000000,1.000000,2.0000,0.743944,0.253857
15,351,4,0.257236,0.104871,0.662852,0.076210,1.053243,3.0000,0.529725,0.465391
15,352,7,0.155589,0.100065,0.753906,0.163685,0.811566,5.0000,0.476214,0.637796
15,353,7,0.119646,0.067662,0.798456,0.163556,0.690259,11.0000,0.556543,0.706544
15,354,8,0.092817,0.047260,0.857592,0.152987,0.732775,7.0000,0.596214,0.798884
15,355,9,0.092800,0.044794,0.857659,0.157879,0.829247,3.0000,0.580249,0.799018
15,356,9,0.130097,0.033117,0.868883,0.136684,0.956584,2.0000,0.548194,0.821332
15,357,10,0.077960,0.031611,0.899454,0.154661,0.808265,7.0000,0.601465,0.882107
15,358,11,0.073571,0.030095,0.930133,0.147537,0.720048,7.0000,0.602072,0.905322
15,359,11,0.073571,0.030095,0.930133,0.147537,0.720048,4.0000,0.533735,0.905322
15,360,2,0.376645,0.062828,0.563802,0.000000,0.070830,2.0000,0.714669,0.266890
15,361,3,0.197860,0.067060,0.645438,0.124216,0.176364,2.0000,0.637344,0.425461
15,362,4,0.188733,0.066661,0.685974,0.478865,0.574983,3.0000,0.515661,0.504201
15,363,5,0.163635,0.060882,0.758542,0.253287,0.604885,5.0000,0.508810,0.645159
15,364,10,0.141250,0.066924,0.794616,0.104343,0.767434,11.0000,0.603443,0.715229
15,365,11,0.141250,0.068626,0.794650,0.096986,0.793728,9.0000,0.664963,0.715296
15,366,10,0.139289,0.058099,0.819573,0.098549,0.705877,5.0000,0.559585,0.735191
15,367,10,0.150297,0.053132,0.850431,0.046146,0.728747,3.0000,0.504666,0.795131
15,368,12,0.082915,0.058011,0.886418,0.102140,0.577355,5.0000,0.579389,0.865033
15,369,14,0.055541,0.054606,0.892406,0.076088,0.537199,5.0000,0.657364,0.869782
15,370,1,0.704264,0.056035,0.348269,0.000000,1.000000,1.0000,0.705391,0.303373
15,371,3,0.203281,0.082185,0.589092,0.542603,0.701510,2.0000,0.516272,0.494214
15,372,3,0.223151,0.089025,0.629358,0.660937,0.835196,7.0000,0.510108,0.558151
15,373,7,0.124525,0.081887,0.696794,0.150257,0.642286,5.0000,0.544132,0.640250
15,374,10,0.095462,0.078297,0.731159,0.088590,0.579241,12.0000,0.658214,0.682348
15,375,12,0.093152,0.080591,0.754078,0.072693,0.478582,5.0000,0.589063,0.706118
15,376,11,0.091285,0.031758,0.824527,0.099025,0.797135,8.0000,0.503062,0.829211
15,377,13,0.062907,0.031903,0.824783,0.104967,0.740973,7.0000,0.617429,0.829704
15,378,14,0.062096,0.033029,0.825564,0.103678,0.788650,6.0000,0.665369,0.831209
15,379,14,0.062096,0.033029,0.825564,0.103678,0.788650,3.0000,0.549638,0.831209
15,380,1,0.827430,0.062081,0.307563,0.000000,1.000000,1.0000,0.587997,0.133416
15,381,2,0.364419,0.048774,0.477292,0.000000,0.508489,1.0000,0.554039,0.373992
15,382,4,0.126928,0.035711,0.721494,0.209606,0.384003,9.0000,0.551605,0.715730
15,383,6,0.103030,0.032579,0.770598,0.199944,0.607382,8.0000,0.596365,0.785526
15,384,7,0.103030,0.051946,0.777784,0.186910,0.589874,3.0000,0.557231,0.799358
15,385,9,0.093816,0.044918,0.807452,0.068346,0.617038,7.0000,0.583160,0.837064
15,386,9,0.093125,0.041912,0.810678,0.077137,0.655014,7.0000,0.572439,0.843274
15,387,10,0.093125,0.047895,0.813606,0.074729,0.646226,6.0000,0.566571,0.848912
15,388,11,0.089927,0.045893,0.818502,0.054189,0.705332,7.0000,0.550313,0.858337
15,389,13,0.056056,0.044069,0.823012,0.064211,0.553407,8.0000,0.592723,0.867019
15,390,2,0.306849,0.099525,0.483883,0.000000,0.509902,2.0000,0.731807,0.441511
15,391,4,0.104191,0.063870,0.696537,0.082425,0.263820,6.0000,0.665717,0.721357
15,392,7,0.101425,0.065200,0.717795,0.182618,0.687248,6.0000,0.534561,0.756768
15,393,8,0.101045,0.062009,0.722056,0.180100,0.752889,3.0000,0.488557,0.760217
15,394,11,0.080018,0.047450,0.768123,0.117954,0.765726,8.0000,0.578251,0.837790
15,395,11,0.080018,0.047450,0.768123,0.117954,0.765726,5.0000,0.623694,0.837790
15,396,11,0.074764,0.039659,0.777922,0.114363,0.786586,4.0000,0.559416,0.857098
15,397,10,0.071661,0.028225,0.792356,0.115752,0.721680,5.0000,0.515111,0.868455
15,398,10,0.069962,0.025449,0.800950,0.114946,0.780086,6.0000,0.528044,0.885390
15,399,11,0.069278,0.024295,0.805782,0.048335,0.814043,3.0000,0.554678,0.894911
15,400,0,,,,,,0.0000,0.778256,0.000000
15,401,0,,,,,,0.0000,0.761310,0.000000
15,402,0,,,,,,0.0000,0.648686,0.000000
15,403,0,,,,,,0.0000,0.593201,0.000000
15,404,0,,,,,,0.0000,0.680615,0.000000
15,405,0,,,,,,0.0000,0.682266,0.000000
15,406,0,,,,,,0.0000,0.639887,0.000000
15,407,0,,,,,,0.0000,0.640705,0.000000
15,408,0,,,,,,0.0000,0.640273,0.000000
15,409,0,,,,,,0.0000,0.650171,0.000000
15,410,0,,,,,,0.0000,0.645368,0.000000
15,411,0,,,,,,0.0000,0.615399,0.000000
15,412,0,,,,,,0.0000,0.610895,0.000000
15,413,0,,,,,,0.0000,0.647235,0.000000
15,414,0,,,,,,0.0000,0.622791,0.000000
15,415,0,,,,,,0.0000,0.631632,0.000000
15,416,0,,,,,,0.0000,0.658103,0.000000
15,417,0,,,,,,0.0000,0.649725,0.000000
15,418,0,,,,,,0.0000,0.635019,0.000000
15,419,0,,,,,,0.0000,0.668080,0.000000
15,420,0,,,,,,0.0000,0.653843,0.000000
15,421,0,,,,,,0.0000,0.643916,0.000000
15,422,0,,,,,,0.0000,0.621622,0.000000
15,423,0,,,,,,0.0000,0.656532,0.000000
15,424,0,,,,,,0.0000,0.646659,0.000000
15,425,0,,,,,,0.0000,0.625570,0.000000
15,426,0,,,,,,0.0000,0.608624,0.000000
15,427,0,,,,,,0.0000,0.649159,0.000000
15,428,0,,,,,,0.0000,0.676258,0.000000
15,429,0,,,,,,0.0000,0.643836,0.000000
15,430,0,,,,,,0.0000,0.604839,0.000000
15,431,0,,,,,,0.0000,0.629014,0.000000
15,432,0,,,,,,0.0000,0.675213,0.000000
15,433,0,,,,,,0.0000,0.658178,0.000000
15,434,0,,,,,,0.0000,0.608320,0.000000
15,435,0,,,,,,0.0000,0.594526,0.000000
15,436,0,,,,,,0.0000,0.681399,0.000000
15,437,0,,,,,,0.0000,0.694805,0.000000
15,438,0,,,,,,0.0000,0.596031,0.000000
15,439,0,,,,,,0.0000,0.587634,0.000000
15,440,0,,,,,,0.0000,0.639572,0.000000
15,441,0,,,,,,0.0000,0.674851,0.000000
15,442,0,,,,,,0.0000,0.648658,0.000000
15,443,0,,,,,,0.0000,0.628311,0.000000
15,444,0,,,,,,0.0000,0.642904,0.000000
15,445,0,,,,,,0.0000,0.644945,0.000000
15,446,0,,,,,,0.0000,0.623602,0.000000
15,447,0,,,,,,0.0000,0.609348,0.000000
15,448,0,,,,,,0.0000,0.645789,0.000000
15,449,0,,,,,,0.0000,0.693006,0.000000
15,450,0,,,,,,0.0000,0.634897,0.000000
15,451,0,,,,,,0.0000,0.608175,0.000000
15,452,0,,,,,,0.0000,0.659651,0.000000
15,453,0,,,,,,0.0000,0.674454,0.000000
15,454,0,,,,,,0.0000,0.632420,0.000000
15,455,0,,,,,,0.0000,0.622518,0.000000
15,456,0,,,,,,0.0000,0.644055,0.000000
15,457,0,,,,,,0.0000,0.642934,0.000000
15,458,0,,,,,,0.0000,0.622625,0.000000
15,459,0,,,,,,0.0000,0.669898,0.000000
15,460,0,,,,,,0.0000,0.674254,0.000000
15,461,0,,,,,,0.0000,0.603706,0.000000
15,462,0,,,,,,0.0000,0.623108,0.000000
15,463,0,,,,,,0.0000,0.637941,0.000000
15,464,0,,,,,,0.0000,0.648768,0.000000
15,465,0,,,,,,0.0000,0.647952,0.000000
15,466,0,,,,,,0.0000,0.636403,0.000000
15,467,0,,,,,,0.0000,0.618751,0.000000
15,468,0,,,,,,0.0000,0.629427,0.000000
15,469,0,,,,,,0.0000,0.655361,0.000000
15,470,0,,,,,,0.0000,0.652792,0.000000
15,471,0,,,,,,0.0000,0.599266,0.000000
15,472,0,,,,,,0.0000,0.647051,0.000000
15,473,0,,,,,,0.0000,0.655902,0.000000
15,474,0,,,,,,0.0000,0.620409,0.000000
15,475,0,,,,,,0.0000,0.644532,0.000000
15,476,0,,,,,,0.0000,0.674055,0.000000
15,477,0,,,,,,0.0000,0.636834,0.000000
15,478,0,,,,,,0.0000,0.632657,0.000000
15,479,0,,,,,,0.0000,0.622108,0.000000
15,480,0,,,,,,0.0000,0.596715,0.000000
15,481,0,,,,,,0.0000,0.642115,0.000000
15,482,0,,,,,,0.0000,0.687425,0.000000
15,483,0,,,,,,0.0000,0.676098,0.000000
15,484,0,,,,,,0.0000,0.615259,0.000000
15,485,0,,,,,,0.0000,0.588632,0.000000
15,486,0,,,,,,0.0000,0.673769,0.000000
15,487,0,,,,,,0.0000,0.607847,0.000000
15,488,0,,,,,,0.0000,0.622355,0.000000
15,489,0,,,,,,0.0000,0.634939,0.000000
15,490,0,,,,,,0.0000,0.609861,0.000000
15,491,0,,,,,,0.0000,0.628882,0.000000
15,492,0,,,,,,0.0000,0.663408,0.000000
15,493,0,,,,,,0.0000,0.654777,0.000000
15,494,0,,,,,,0.0000,0.634379,0.000000
15,495,0,,,,,,0.0000,0.637165,0.000000
15,496,0,,,,,,0.0000,0.676666,0.000000
15,497,0,,,,,,0.0000,0.658265,0.000000
15,498,0,,,,,,0.0000,0.585880,0.000000
15,499,0,,,,,,0.0000,0.628711,0.000000
15,500,0,,,,,,0.0000,0.697372,0.000000
15,501,0,,,,,,0.0000,0.657383,0.000000
15,502,0,,,,,,0.0000,0.631897,0.000000
15,503,0,,,,,,0.0000,0.644385,0.000000
15,504,0,,,,,,0.0000,0.643233,0.000000
15,505,0,,,,,,0.0000,0.687367,0.000000
15,506,0,,,,,,0.0000,0.656943,0.000000
15,507,0,,,,,,0.0000,0.617979,0.000000
15,508,0,,,,,,0.0000,0.623324,0.000000
15,509,0,,,,,,0.0000,0.643915,0.000000
15,510,0,,,,,,0.0000,0.668705,0.000000
15,511,0,,,,,,0.0000,0.666721,0.000000
15,512,0,,,,,,0.0000,0.627707,0.000000
15,513,0,,,,,,0.0000,0.602868,0.000000
15,514,0,,,,,,0.0000,0.636182,0.000000
15,515,0,,,,,,0.0000,0.649586,0.000000
15,516,0,,,,,,0.0000,0.654241,0.000000
15,517,0,,,,,,0.0000,0.621588,0.000000
15,518,0,,,,,,0.0000,0.662280,0.000000
15,519,0,,,,,,0.0000,0.635462,0.000000
15,520,0,,,,,,0.0000,0.628048,0.000000
15,521,0,,,,,,0.0000,0.603778,0.000000
15,522,0,,,,,,0.0000,0.651260,0.000000
15,523,0,,,,,,0.0000,0.683744,0.000000
15,524,0,,,,,,0.0000,0.641092,0.000000
15,525,0,,,,,,0.0000,0.628753,0.000000
15,526,0,,,,,,0.0000,0.659000,0.000000
15,527,0,,,,,,0.0000,0.656671,0.000000
15,528,0,,,,,,0.0000,0.620501,0.000000
15,529,0,,,,,,0.0000,0.669452,0.000000
15,530,0,,,,,,0.0000,0.688928,0.000000
15,531,0,,,,,,0.0000,0.688349,0.000000
15,532,0,,,,,,0.0000,0.623897,0.000000
15,533,0,,,,,,0.0000,0.606287,0.000000
15,534,0,,,,,,0.0000,0.634369,0.000000
15,535,0,,,,,,0.0000,0.671348,0.000000
15,536,0,,,,,,0.0000,0.643802,0.000000
15,537,0,,,,,,0.0000,0.644325,0.000000
15,538,0,,,,,,0.0000,0.654471,0.000000
15,539,0,,,,,,0.0000,0.608945,0.000000
15,540,0,,,,,,0.0000,0.635684,0.000000
15,541,0,,,,,,0.0000,0.638392,0.000000
15,542,0,,,,,,0.0000,0.649253,0.000000
15,543,0,,,,,,0.0000,0.636033,0.000000
15,544,0,,,,,,0.0000,0.635356,0.000000
15,545,0,,,,,,0.0000,0.671262,0.000000
15,546,0,,,,,,0.0000,0.640762,0.000000
15,547,0,,,,,,0.0000,0.612335,0.000000
15,548,0,,,,,,0.0000,0.679681,0.000000
15,549,0,,,,,,0.0000,0.665310,0.000000
15,550,0,,,,,,0.0000,0.661393,0.000000
15,551,0,,,,,,0.0000,0.618243,0.000000
15,552,0,,,,,,0.0000,0.611836,0.000000
15,553,0,,,,,,0.0000,0.653568,0.000000
15,554,0,,,,,,0.0000,0.660261,0.000000
15,555,0,,,,,,0.0000,0.648369,0.000000
15,556,0,,,,,,0.0000,0.659768,0.000000
15,557,0,,,,,,0.0000,0.606493,0.000000
15,558,0,,,,,,0.0000,0.616215,0.000000
15,559,0,,,,,,0.0000,0.653625,0.000000
15,560,0,,,,,,0.0000,0.715398,0.000000
15,561,0,,,,,,0.0000,0.633857,0.000000
15,562,0,,,,,,0.0000,0.591566,0.000000
15,563,0,,,,,,0.0000,0.626772,0.000000
15,564,0,,,,,,0.0000,0.655723,0.000000
15,565,0,,,,,,0.0000,0.633561,0.000000
15,566,0,,,,,,0.0000,0.609217,0.000000
15,567,0,,,,,,0.0000,0.642875,0.000000
15,568,0,,,,,,0.0000,0.653407,0.000000
15,569,0,,,,,,0.0000,0.617236,0.000000
15,570,0,,,,,,0.0000,0.632717,0.000000
15,571,0,,,,,,0.0000,0.635639,0.000000
15,572,0,,,,,,0.0000,0.641832,0.000000
15,573,0,,,,,,0.0000,0.639461,0.000000
15,574,0,,,,,,0.0000,0.647975,0.000000
15,575,0,,,,,,0.0000,0.631262,0.000000
15,576,0,,,,,,0.0000,0.614168,0.000000
15,577,0,,,,,,0.0000,0.660829,0.000000
15,578,0,,,,,,0.0000,0.642093,0.000000
15,579,0,,,,,,0.0000,0.614875,0.000000
15,580,0,,,,,,0.0000,0.653899,0.000000
15,581,0,,,,,,0.0000,0.645753,0.000000
15,582,0,,,,,,0.0000,0.641497,0.000000
15,583,0,,,,,,0.0000,0.646970,0.000000
15,584,0,,,,,,0.0000,0.656627,0.000000
15,585,0,,,,,,0.0000,0.613038,0.000000
15,586,0,,,,,,0.0000,0.634501,0.000000
15,587,0,,,,,,0.0000,0.672099,0.000000
15,588,0,,,,,,0.0000,0.675645,0.000000
15,589,0,,,,,,0.0000,0.637620,0.000000
15,590,0,,,,,,0.0000,0.626173,0.000000
15,591,0,,,,,,0.0000,0.672247,0.000000
15,592,0,,,,,,0.0000,0.641556,0.000000
15,593,0,,,,,,0.0000,0.652085,0.000000
15,594,0,,,,,,0.0000,0.673315,0.000000
15,595,0,,,,,,0.0000,0.672326,0.000000
15,596,0,,,,,,0.0000,0.598209,0.000000
15,597,0,,,,,,0.0000,0.640382,0.000000
15,598,0,,,,,,0.0000,0.695636,0.000000
15,599,0,,,,,,0.0000,0.629934,0.000000
15,600,0,,,,,,0.0000,0.595692,0.000000
15,601,0,,,,,,0.0000,0.661386,0.000000
15,602,0,,,,,,0.0000,0.701764,0.000000
15,603,0,,,,,,0.0000,0.653324,0.000000
15,604,0,,,,,,0.0000,0.573228,0.000000
15,605,0,,,,,,0.0000,0.632202,0.000000
15,606,0,,,,,,0.0000,0.711250,0.000000
15,607,0,,,,,,0.0000,0.659929,0.000000
15,608,0,,,,,,0.0000,0.599787,0.000000
15,609,0,,,,,,0.0000,0.628824,0.000000
15,610,0,,,,,,0.0000,0.684312,0.000000
15,611,0,,,,,,0.0000,0.669455,0.000000
15,612,0,,,,,,0.0000,0.601579,0.000000
15,613,0,,,,,,0.0000,0.628977,0.000000
15,614,0,,,,,,0.0000,0.630617,0.000000
15,615,0,,,,,,0.0000,0.632207,0.000000
15,616,0,,,,,,0.0000,0.609329,0.000000
15,617,0,,,,,,0.0000,0.680725,0.000000
15,618,0,,,,,,0.0000,0.670930,0.000000
15,619,0,,,,,,0.0000,0.645410,0.000000
15,620,0,,,,,,0.0000,0.600051,0.000000
15,621,0,,,,,,0.0000,0.614426,0.000000
15,622,0,,,,,,0.0000,0.676390,0.000000
15,623,0,,,,,,0.0000,0.671846,0.000000
15,624,0,,,,,,0.0000,0.655163,0.000000
15,625,0,,,,,,0.0000,0.642858,0.000000
15,626,0,,,,,,0.0000,0.592900,0.000000
15,627,0,,,,,,0.0000,0.633528,0.000000
15,628,0,,,,,,0.0000,0.691184,0.000000
15,629,0,,,,,,0.0000,0.665397,0.000000
15,630,0,,,,,,0.0000,0.611510,0.000000
15,631,0,,,,,,0.0000,0.607185,0.000000
15,632,0,,,,,,0.0000,0.684850,0.000000
15,633,0,,,,,,0.0000,0.673570,0.000000
15,634,0,,,,,,0.0000,0.619172,0.000000
15,635,0,,,,,,0.0000,0.606740,0.000000
15,636,0,,,,,,0.0000,0.646740,0.000000
15,637,0,,,,,,0.0000,0.693552,0.000000
15,638,0,,,,,,0.0000,0.648003,0.000000
15,639,0,,,,,,0.0000,0.627568,0.000000
15,640,0,,,,,,0.0000,0.613750,0.000000
15,641,1,0.855834,0.000332,0.402953,0.000000,1.000000,1.0000,0.617286,0.210716
15,642,4,0.218523,0.102579,0.662286,0.233136,0.542858,6.0000,0.485879,0.446057
15,643,6,0.110019,0.071360,0.789479,0.166339,0.452518,5.0000,0.520211,0.693120
15,644,7,0.105804,0.056986,0.823724,0.150595,0.583381,8.0000,0.525391,0.754962
15,645,8,0.087944,0.039599,0.843357,0.089387,0.457568,8.0000,0.578740,0.793097
15,646,10,0.071402,0.043548,0.870241,0.106331,0.521673,9.0000,0.615896,0.845317
15,647,12,0.060297,0.041651,0.874977,0.083171,0.601282,4.0000,0.551697,0.854517
15,648,12,0.054722,0.034638,0.885790,0.085429,0.580528,7.0000,0.561374,0.875520
15,649,14,0.050852,0.034864,0.905209,0.076700,0.591754,5.0000,0.545598,0.894651
15,650,2,0.709789,0.005536,0.532276,0.000000,0.875338,2.0000,0.722491,0.402347
15,651,3,0.318991,0.007547,0.754280,0.860279,0.753794,3.0000,0.608011,0.555723
15,652,5,0.161892,0.021870,0.854002,0.262549,0.701613,7.0000,0.574836,0.753973
15,653,8,0.082436,0.044369,0.899387,0.109938,0.552190,13.0000,0.588856,0.844198
15,654,8,0.082436,0.044369,0.899387,0.109938,0.552190,3.0000,0.589663,0.844198
15,655,9,0.079826,0.041870,0.901716,0.098028,0.657083,7.0000,0.607051,0.848829
15,656,9,0.079826,0.041870,0.901716,0.098028,0.657083,1.0000,0.615858,0.848829
15,657,10,0.059063,0.039741,0.913901,0.054353,0.524492,4.0000,0.561086,0.873052
15,658,13,0.058939,0.042442,0.914025,0.045945,0.620365,12.0000,0.569210,0.873299
15,659,13,0.058939,0.042442,0.914025,0.045945,0.620365,6.0000,0.573999,0.873299
15,660,1,0.841121,0.013969,0.417330,0.000000,1.000000,1.0000,0.658349,0.180199
15,661,2,0.362209,0.074411,0.592091,0.000000,0.090354,2.0000,0.595036,0.212443
15,662,3,0.221590,0.088794,0.712493,0.224649,0.191632,4.0000,0.550572,0.440192
15,663,3,0.188652,0.011605,0.800955,0.292543,0.287241,9.0000,0.519018,0.620302
15,664,5,0.185887,0.015738,0.815959,0.520482,0.883718,6.0000,0.558973,0.634179
15,665,8,0.088795,0.042949,0.898996,0.135564,0.468461,7.0000,0.594825,0.803245
15,666,9,0.076293,0.016031,0.933780,0.155038,0.672834,5.0000,0.576889,0.874066
15,667,10,0.072724,0.015429,0.937540,0.144344,0.754931,3.0000,0.537916,0.881721
15,668,11,0.071419,0.014703,0.939762,0.140167,0.821170,9.0000,0.549636,0.886245
15,669,11,0.071419,0.014703,0.939762,0.140167,0.821170,5.0000,0.594942,0.886245
15,670,2,0.651603,0.080332,0.510796,0.000000,0.810352,4.0000,0.690109,0.322016
15,671,3,0.270887,0.087984,0.673979,0.734421,0.647853,5.0000,0.632609,0.345649
15,672,6,0.128305,0.067864,0.854268,0.157262,0.387412,9.0000,0.521208,0.686546
15,673,6,0.127650,0.067813,0.856766,0.156645,0.387792,3.0000,0.543564,0.691664
15,674,8,0.092691,0.071057,0.876688,0.067268,0.209518,8.0000,0.545547,0.732484
15,675,9,0.079545,0.066994,0.884264,0.074427,0.291726,8.0000,0.637026,0.748007
15,676,9,0.096605,0.054714,0.909001,0.037612,0.435254,8.0000,0.647307,0.798694
15,677,11,0.059969,0.050749,0.918834,0.074492,0.384919,11.0000,0.600086,0.818842
15,678,12,0.058856,0.051319,0.920381,0.079104,0.493372,3.0000,0.568805,0.822012
15,679,13,0.052329,0.040039,0.931202,0.064724,0.567935,3.0000,0.559563,0.844183
15,680,2,0.328080,0.146833,0.505835,0.000000,0.200822,2.0000,0.711513,0.153110
15,681,3,0.304391,0.038389,0.745525,0.961154,0.896335,6.0000,0.600012,0.479648
15,682,5,0.303905,0.047992,0.762651,0.754375,1.235604,6.0000,0.537295,0.488573
15,683,5,0.233934,0.033809,0.831385,0.118572,0.998497,5.0000,0.577488,0.624064
15,684,8,0.148239,0.034750,0.865913,0.108191,0.935727,10.0000,0.559857,0.695537
15,685,8,0.148239,0.034750,0.865913,0.108191,0.935727,6.0000,0.651321,0.695537
15,686,10,0.127060,0.043246,0.880327,0.096180,0.860707,8.0000,0.627796,0.725375
15,687,10,0.126897,0.043086,0.881719,0.096034,0.859033,3.0000,0.589839,0.728255
15,688,10,0.123063,0.037900,0.909338,0.080256,0.819096,5.0000,0.599179,0.777306
15,689,12,0.073490,0.040186,0.936448,0.080187,0.711270,13.0000,0.595012,0.833424
15,690,3,0.319354,0.026710,0.744252,0.949113,0.843628,4.0000,0.686148,0.412589
15,691,5,0.268259,0.032625,0.803115,0.081260,1.128982,4.0000,0.581202,0.536570
15,692,5,0.175949,0.075447,0.833470,0.353458,0.696865,8.0000,0.535837,0.600504
15,693,5,0.136070,0.044504,0.892960,0.352462,0.658503,2.0000,0.556870,0.725805
15,694,6,0.129805,0.040907,0.911511,0.165597,0.619814,9.0000,0.593160,0.764878
15,695,7,0.128956,0.066623,0.916743,0.077593,0.545124,7.0000,0.584250,0.775898
15,696,10,0.119792,0.065972,0.918996,0.067026,0.569293,10.0000,0.551153,0.780644
15,697,12,0.077339,0.062385,0.933352,0.082808,0.611167,8.0000,0.540060,0.810882
15,698,11,0.064820,0.043791,0.952003,0.090022,0.626057,7.0000,0.558169,0.850165
15,699,12,0.064392,0.041930,0.953136,0.092634,0.678290,7.0000,0.513341,0.852551
15,700,1,0.834691,0.022174,0.359038,0.000000,1.000000,2.0000,0.719163,0.159644
15,701,3,0.302052,0.137563,0.642294,0.867812,0.714661,5.0000,0.630403,0.218561
15,702,7,0.131444,0.115057,0.815077,0.093194,0.381918,9.0000,0.522445,0.580429
15,703,8,0.118930,0.067977,0.871918,0.198719,0.585639,8.0000,0.525218,0.677640
15,704,10,0.083637,0.070781,0.906829,0.091040,0.389471,8.0000,0.633814,0.750754
15,705,10,0.083637,0.070781,0.906829,0.091040,0.389471,8.0000,0.597384,0.750754
15,706,12,0.063475,0.063273,0.927404,0.079605,0.418331,6.0000,0.579289,0.793846
15,707,12,0.063475,0.063273,0.927404,0.079605,0.418331,10.0000,0.542763,0.793846
15,708,12,0.061504,0.060647,0.929894,0.078585,0.456722,10.0000,0.582986,0.799062
15,709,12,0.061217,0.060538,0.931256,0.076427,0.452401,6.0000,0.608672,0.801914
15,710,3,0.241752,0.181737,0.627374,0.171129,0.356383,3.0000,0.683873,0.400514
15,711,4,0.224946,0.158730,0.690984,0.263900,0.470186,3.0000,0.598657,0.534494
15,712,8,0.135912,0.111054,0.782898,0.111957,0.680419,13.0000,0.554495,0.626383
15,713,9,0.109514,0.098105,0.883576,0.118084,0.517310,10.0000,0.577920,0.706042
15,714,10,0.087393,0.069543,0.915678,0.078828,0.704160,9.0000,0.626039,0.773655
15,715,12,0.082161,0.065384,0.932494,0.039571,0.712845,7.0000,0.532154,0.809074
15,716,12,0.062316,0.051329,0.952845,0.052000,0.629576,8.0000,0.581733,0.851938
15,717,12,0.062316,0.051329,0.952845,0.052000,0.629576,11.0000,0.623142,0.851938
15,718,12,0.062258,0.051174,0.961472,0.058443,0.561304,13.0000,0.598260,0.870109
15,719,11,0.067727,0.048879,0.963677,0.049976,0.561476,7.0000,0.582311,0.874752
15,720,3,0.283811,0.060304,0.678624,0.873149,0.783718,4.0000,0.679401,0.334838
15,721,5,0.185349,0.085422,0.775708,0.446909,0.734099,5.0000,0.643924,0.535804
15,722,5,0.185349,0.085422,0.775708,0.446909,0.734099,4.0000,0.520476,0.535804
15,723,10,0.124892,0.101554,0.849910,0.056824,0.440820,8.0000,0.497930,0.654289
15,724,10,0.130720,0.061852,0.875021,0.078059,0.686791,7.0000,0.585514,0.706269
15,725,10,0.128354,0.052176,0.888792,0.082854,0.727671,7.0000,0.673258,0.734776
15,726,10,0.073061,0.043163,0.927659,0.142736,0.695711,9.0000,0.629782,0.815232
15,727,10,0.074932,0.039617,0.944481,0.141607,0.690651,5.0000,0.467034,0.850053
15,728,10,0.074263,0.036263,0.945886,0.140962,0.684642,8.0000,0.477015,0.852962
15,729,10,0.073218,0.037290,0.948541,0.140351,0.686929,5.0000,0.591874,0.858458
15,730,2,0.686778,0.059220,0.501272,0.000000,0.849304,2.0000,0.756316,0.308162
15,731,4,0.234028,0.094760,0.729407,0.017775,0.806941,4.0000,0.591611,0.466756
15,732,6,0.220114,0.097243,0.788033,0.131459,0.929830,8.0000,0.549644,0.550830
15,733,7,0.148137,0.092078,0.841953,0.196642,0.686341,9.0000,0.614760,0.661313
15,734,8,0.148137,0.114237,0.842108,0.128739,0.567451,2.0000,0.603942,0.661630
15,735,9,0.145702,0.107764,0.843050,0.120764,0.702028,7.0000,0.564250,0.663562
15,736,9,0.143029,0.071075,0.876328,0.164737,0.853986,10.0000,0.595806,0.731747
15,737,10,0.138615,0.079504,0.879192,0.076113,0.718391,4.0000,0.568659,0.737616
15,738,10,0.132632,0.079235,0.888463,0.082137,0.705061,6.0000,0.585124,0.756611
15,739,9,0.129655,0.066312,0.890019,0.072870,0.647308,7.0000,0.608673,0.759800
15,740,2,0.309965,0.025339,0.657618,0.000000,0.411517,4.0000,0.698969,0.505790
15,741,5,0.105464,0.044575,0.854540,0.245104,0.464926,3.0000,0.634007,0.746261
15,742,5,0.105464,0.044575,0.854540,0.245104,0.464926,3.0000,0.568497,0.746261
15,743,7,0.087307,0.061638,0.878938,0.133837,0.519113,7.0000,0.510436,0.794009
15,744,7,0.087307,0.061638,0.878938,0.133837,0.519113,6.0000,0.526503,0.794009
15,745,7,0.078224,0.035436,0.910058,0.057008,0.299282,7.0000,0.640113,0.825766
15,746,9,0.076050,0.047378,0.913552,0.089718,0.494655,9.0000,0.670208,0.832881
15,747,9,0.076050,0.047378,0.913552,0.089718,0.494655,8.0000,0.599197,0.832881
15,748,10,0.075955,0.047873,0.914202,0.092546,0.570758,6.0000,0.525000,0.834203
15,749,10,0.075955,0.047873,0.914202,0.092546,0.570758,5.0000,0.584300,0.834203
15,750,1,0.710577,0.034620,0.394803,0.000000,1.000000,3.0000,0.698650,0.321509
15,751,4,0.234448,0.102181,0.606834,0.068969,1.016772,4.0000,0.512392,0.475282
15,752,6,0.155087,0.050449,0.785824,0.221257,0.932887,10.0000,0.504323,0.669995
15,753,6,0.155087,0.050449,0.785824,0.221257,0.932887,5.0000,0.582430,0.669995
15,754,7,0.154584,0.048263,0.802993,0.181876,0.997722,7.0000,0.660022,0.704127
15,755,10,0.098581,0.067310,0.859733,0.135471,0.749330,9.0000,0.580108,0.765366
15,756,10,0.098095,0.066458,0.871048,0.135026,0.740944,6.0000,0.558632,0.787859
15,757,10,0.098095,0.066458,0.871048,0.135026,0.740944,7.0000,0.518528,0.787859
15,758,11,0.088707,0.042996,0.896223,0.158774,0.820468,7.0000,0.601023,0.837909
15,759,12,0.080533,0.037949,0.907965,0.140805,0.863500,9.0000,0.622045,0.861251
15,760,1,0.854623,0.002096,0.405977,0.000000,1.000000,1.0000,0.661174,0.215877
15,761,2,0.344056,0.160631,0.525986,0.000000,0.181645,1.0000,0.563628,0.238095
15,762,3,0.238250,0.135059,0.577727,0.427869,0.446205,3.0000,0.571529,0.338598
15,763,6,0.114853,0.064879,0.768146,0.160523,0.467490,10.0000,0.616060,0.648710
15,764,7,0.108725,0.060071,0.787647,0.127599,0.534953,4.0000,0.600949,0.686589
15,765,11,0.092958,0.079705,0.810520,0.102964,0.583560,9.0000,0.586725,0.710724
15,766,9,0.087012,0.069106,0.828079,0.115656,0.492957,7.0000,0.600700,0.744831
15,767,11,0.080269,0.068748,0.834107,0.071366,0.498104,8.0000,0.624057,0.756540
15,768,10,0.134150,0.061090,0.858658,0.054929,0.709160,5.0000,0.634756,0.804229
15,769,10,0.071026,0.020828,0.902926,0.151626,0.795478,10.0000,0.566356,0.890216
15,770,1,0.594886,0.147283,0.263585,0.000000,1.000000,1.0000,0.628434,0.186499
15,771,5,0.155940,0.088396,0.661831,0.297336,0.642453,9.0000,0.560808,0.579802
15,772,5,0.173890,0.067737,0.743108,0.425362,0.781518,9.0000,0.545338,0.709513
15,773,6,0.102794,0.063010,0.762282,0.172793,0.621327,5.0000,0.582515,0.746459
15,774,7,0.078583,0.064165,0.783226,0.134580,0.550818,7.0000,0.586562,0.786815
15,775,8,0.071724,0.047069,0.816673,0.122747,0.579106,5.0000,0.582945,0.828828
15,776,10,0.065643,0.045755,0.829772,0.115452,0.664187,4.0000,0.594453,0.840410
15,777,11,0.059696,0.038182,0.851531,0.117134,0.731072,5.0000,0.589831,0.882336
15,778,11,0.059696,0.038182,0.851531,0.117134,0.731072,7.0000,0.598227,0.882336
15,779,12,0.051193,0.035904,0.860585,0.069483,0.617677,6.0000,0.641935,0.893020
15,780,1,0.710641,0.196987,0.200458,0.000000,1.000000,1.0000,0.732825,0.049266
15,781,5,0.252369,0.141867,0.550120,0.307552,0.796936,9.0000,0.588517,0.492496
15,782,6,0.206756,0.125649,0.654257,0.247716,0.836835,11.0000,0.541662,0.620126
15,783,9,0.102196,0.057232,0.756926,0.059514,0.708403,9.0000,0.563247,0.754889
15,784,11,0.071619,0.060492,0.782118,0.079931,0.625587,8.0000,0.659906,0.803386
15,785,11,0.069102,0.058889,0.789112,0.078052,0.616144,10.0000,0.626275,0.810073
15,786,11,0.050617,0.051612,0.810906,0.072454,0.608123,4.0000,0.570955,0.852027
15,787,11,0.048692,0.049917,0.821916,0.073928,0.613108,7.0000,0.533408,0.873222
15,788,12,0.048692,0.051726,0.822554,0.070706,0.563181,7.0000,0.616657,0.874450
15,789,12,0.048692,0.051726,0.822554,0.070706,0.563181,2.0000,0.679227,0.874450
15,790,1,0.585225,0.033268,0.300935,0.000000,1.000000,1.0000,0.695493,0.251288
15,791,2,0.279560,0.095303,0.427391,0.000000,0.501435,2.0000,0.625255,0.369515
15,792,6,0.134697,0.083071,0.676964,0.077438,0.565783,9.0000,0.533842,0.687217
15,793,8,0.129399,0.092062,0.684257,0.069461,0.690993,4.0000,0.549914,0.693933
15,794,9,0.098641,0.080278,0.729430,0.053305,0.529736,4.0000,0.650472,0.751280
15,795,9,0.098641,0.080278,0.729430,0.053305,0.529736,1.0000,0.665122,0.751280
15,796,9,0.098641,0.080278,0.729430,0.053305,0.529736,4.0000,0.612806,0.751280
15,797,10,0.097474,0.085920,0.731279,0.052064,0.467402,5.0000,0.599670,0.754923
15,798,10,0.093493,0.078020,0.739887,0.052656,0.454086,6.0000,0.597626,0.771884
15,799,9,0.085146,0.063173,0.762246,0.073400,0.487057,5.0000,0.593065,0.815940
15,800,1,0.833609,0.017475,0.254817,0.000000,1.000000,1.0000,0.668704,0.204279
15,801,3,0.344096,0.076354,0.509312,0.947812,0.838655,3.0000,0.538945,0.371746
15,802,8,0.157789,0.096704,0.650142,0.096114,0.652246,6.0000,0.538392,0.648083
15,803,9,0.146952,0.086109,0.683209,0.132243,0.833313,6.0000,0.608904,0.712969
15,804,10,0.146897,0.083274,0.683565,0.128990,0.906071,5.0000,0.652160,0.713668
15,805,12,0.095725,0.081876,0.696570,0.061982,0.795699,8.0000,0.612711,0.739187
15,806,12,0.066521,0.043896,0.743629,0.090855,0.733761,9.0000,0.588121,0.831526
15,807,12,0.066521,0.043896,0.743629,0.090855,0.733761,2.0000,0.588880,0.831526
15,808,13,0.066340,0.042640,0.743772,0.090119,0.789231,3.0000,0.557760,0.831806
15,809,13,0.066340,0.042640,0.743772,0.090119,0.789231,6.0000,0.576648,0.831806
15,810,2,0.335752,0.075808,0.518475,0.000000,0.182068,2.0000,0.752161,0.472676
15,811,2,0.335752,0.075808,0.518475,0.000000,0.182068,3.0000,0.644558,0.472676
15,812,4,0.196875,0.057324,0.629133,0.264250,0.618088,6.0000,0.523662,0.674117
15,813,8,0.112064,0.080030,0.660826,0.108538,0.623812,5.0000,0.550278,0.738565
15,814,9,0.111692,0.080054,0.660940,0.105850,0.654557,6.0000,0.631475,0.738797
15,815,8,0.099699,0.059429,0.709702,0.105747,0.688759,6.0000,0.621031,0.812183
15,816,8,0.107209,0.056868,0.715487,0.141196,0.770799,5.0000,0.635793,0.823947
15,817,9,0.107155,0.053651,0.723360,0.141152,0.845043,1.0000,0.538991,0.839955
15,818,9,0.107155,0.053651,0.723360,0.141152,0.845043,0.0000,0.567461,0.839955
15,819,9,0.107155,0.053651,0.723360,0.141152,0.845043,8.0000,0.598698,0.839955
15,820,0,,,,,,0.0000,0.681712,0.000000
15,821,0,,,,,,0.0000,0.698213,0.000000
15,822,0,,,,,,0.0000,0.641497,0.000000
15,823,0,,,,,,0.0000,0.649909,0.000000
15,824,0,,,,,,0.0000,0.656765,0.000000
15,825,0,,,,,,0.0000,0.629010,0.000000
15,826,0,,,,,,0.0000,0.623618,0.000000
15,827,0,,,,,,0.0000,0.630024,0.000000
15,828,0,,,,,,0.0000,0.641990,0.000000
15,829,0,,,,,,0.0000,0.647760,0.000000
15,830,0,,,,,,0.0000,0.690600,0.000000
15,831,0,,,,,,0.0000,0.662705,0.000000
15,832,0,,,,,,0.0000,0.605145,0.000000
15,833,0,,,,,,0.0000,0.591921,0.000000
15,834,0,,,,,,0.0000,0.608368,0.000000
15,835,0,,,,,,0.0000,0.642398,0.000000
15,836,0,,,,,,0.0000,0.669113,0.000000
15,837,0,,,,,,0.0000,0.680246,0.000000
15,838,0,,,,,,0.0000,0.643025,0.000000
15,839,0,,,,,,0.0000,0.631633,0.000000
15,840,0,,,,,,0.0000,0.641113,0.000000
15,841,0,,,,,,0.0000,0.645378,0.000000
15,842,0,,,,,,0.0000,0.632637,0.000000
15,843,0,,,,,,0.0000,0.616183,0.000000
15,844,0,,,,,,0.0000,0.605456,0.000000
15,845,0,,,,,,0.0000,0.679589,0.000000
15,846,0,,,,,,0.0000,0.651720,0.000000
15,847,0,,,,,,0.0000,0.622754,0.000000
15,848,0,,,,,,0.0000,0.628021,0.000000
15,849,0,,,,,,0.0000,0.666480,0.000000
15,850,0,,,,,,0.0000,0.681264,0.000000
15,851,0,,,,,,0.0000,0.611674,0.000000
15,852,0,,,,,,0.0000,0.596603,0.000000
15,853,0,,,,,,0.0000,0.644218,0.000000
15,854,0,,,,,,0.0000,0.641669,0.000000
15,855,0,,,,,,0.0000,0.651518,0.000000
15,856,0,,,,,,0.0000,0.672994,0.000000
15,857,0,,,,,,0.0000,0.668215,0.000000
15,858,0,,,,,,0.0000,0.627108,0.000000
15,859,0,,,,,,0.0000,0.598718,0.000000
15,860,0,,,,,,0.0000,0.629959,0.000000
15,861,0,,,,,,0.0000,0.676246,0.000000
15,862,0,,,,,,0.0000,0.680779,0.000000
15,863,0,,,,,,0.0000,0.615493,0.000000
15,864,0,,,,,,0.0000,0.588513,0.000000
15,865,0,,,,,,0.0000,0.662931,0.000000
15,866,0,,,,,,0.0000,0.683992,0.000000
15,867,0,,,,,,0.0000,0.621421,0.000000
15,868,0,,,,,,0.0000,0.620489,0.000000
15,869,0,,,,,,0.0000,0.674372,0.000000
15,870,0,,,,,,0.0000,0.679092,0.000000
15,871,0,,,,,,0.0000,0.656698,0.000000
15,872,0,,,,,,0.0000,0.642249,0.000000
15,873,0,,,,,,0.0000,0.637799,0.000000
15,874,0,,,,,,0.0000,0.606643,0.000000
15,875,0,,,,,,0.0000,0.640402,0.000000
15,876,0,,,,,,0.0000,0.697365,0.000000
15,877,0,,,,,,0.0000,0.654653,0.000000
15,878,0,,,,,,0.0000,0.632712,0.000000
15,879,0,,,,,,0.0000,0.625087,0.000000
15,880,0,,,,,,0.0000,0.631486,0.000000
15,881,0,,,,,,0.0000,0.626231,0.000000
15,882,0,,,,,,0.0000,0.674454,0.000000
15,883,0,,,,,,0.0000,0.669876,0.000000
15,884,0,,,,,,0.0000,0.640885,0.000000
15,885,0,,,,,,0.0000,0.654975,0.000000
15,886,0,,,,,,0.0000,0.622441,0.000000
15,887,0,,,,,,0.0000,0.630308,0.000000
15,888,0,,,,,,0.0000,0.657119,0.000000
15,889,0,,,,,,0.0000,0.646460,0.000000
15,890,0,,,,,,0.0000,0.623254,0.000000
15,891,0,,,,,,0.0000,0.651113,0.000000
15,892,0,,,,,,0.0000,0.667387,0.000000
15,893,0,,,,,,0.0000,0.625644,0.000000
15,894,0,,,,,,0.0000,0.610481,0.000000
15,895,0,,,,,,0.0000,0.651412,0.000000
15,896,0,,,,,,0.0000,0.661415,0.000000
15,897,0,,,,,,0.0000,0.666082,0.000000
15,898,0,,,,,,0.0000,0.630203,0.000000
15,899,0,,,,,,0.0000,0.602702,0.000000
15,900,0,,,,,,0.0000,0.643491,0.000000
15,901,0,,,,,,0.0000,0.663955,0.000000
15,902,0,,,,,,0.0000,0.607533,0.000000
15,903,0,,,,,,0.0000,0.610665,0.000000
15,904,0,,,,,,0.0000,0.640978,0.000000
15,905,0,,,,,,0.0000,0.681297,0.000000
15,906,0,,,,,,0.0000,0.644498,0.000000
15,907,0,,,,,,0.0000,0.641597,0.000000
15,908,0,,,,,,0.0000,0.640376,0.000000
15,909,0,,,,,,0.0000,0.631923,0.000000
15,910,0,,,,,,0.0000,0.629640,0.000000
15,911,0,,,,,,0.0000,0.651601,0.000000
15,912,0,,,,,,0.0000,0.650841,0.000000
15,913,0,,,,,,0.0000,0.626980,0.000000
15,914,0,,,,,,0.0000,0.614379,0.000000
15,915,0,,,,,,0.0000,0.666904,0.000000
15,916,0,,,,,,0.0000,0.688927,0.000000
15,917,0,,,,,,0.0000,0.603516,0.000000
15,918,0,,,,,,0.0000,0.585483,0.000000
15,919,0,,,,,,0.0000,0.658184,0.000000
15,920,0,,,,,,0.0000,0.702772,0.000000
15,921,0,,,,,,0.0000,0.626939,0.000000
15,922,0,,,,,,0.0000,0.579696,0.000000
15,923,0,,,,,,0.0000,0.659964,0.000000
15,924,0,,,,,,0.0000,0.674755,0.000000
15,925,0,,,,,,0.0000,0.647899,0.000000
15,926,0,,,,,,0.0000,0.623805,0.000000
15,927,0,,,,,,0.0000,0.628212,0.000000
15,928,0,,,,,,0.0000,0.679935,0.000000
15,929,0,,,,,,0.0000,0.662981,0.000000
15,930,0,,,,,,0.0000,0.647475,0.000000
15,931,0,,,,,,0.0000,0.598441,0.000000
15,932,0,,,,,,0.0000,0.626528,0.000000
15,933,0,,,,,,0.0000,0.639085,0.000000
15,934,0,,,,,,0.0000,0.633075,0.000000
15,935,0,,,,,,0.0000,0.626215,0.000000
15,936,0,,,,,,0.0000,0.621096,0.000000
15,937,0,,,,,,0.0000,0.616949,0.000000
15,938,0,,,,,,0.0000,0.679837,0.000000
15,939,0,,,,,,0.0000,0.642786,0.000000
15,940,0,,,,,,0.0000,0.618994,0.000000
15,941,0,,,,,,0.0000,0.573592,0.000000
15,942,0,,,,,,0.0000,0.635525,0.000000
15,943,0,,,,,,0.0000,0.694226,0.000000
15,944,0,,,,,,0.0000,0.683873,0.000000
15,945,0,,,,,,0.0000,0.599562,0.000000
15,946,0,,,,,,0.0000,0.634482,0.000000
15,947,0,,,,,,0.0000,0.672347,0.000000
15,948,0,,,,,,0.0000,0.680096,0.000000
15,949,0,,,,,,0.0000,0.663598,0.000000
15,950,0,,,,,,0.0000,0.620081,0.000000
15,951,0,,,,,,0.0000,0.621299,0.000000
15,952,0,,,,,,0.0000,0.661969,0.000000
15,953,0,,,,,,0.0000,0.675772,0.000000
15,954,0,,,,,,0.0000,0.676281,0.000000
15,955,0,,,,,,0.0000,0.619518,0.000000
15,956,0,,,,,,0.0000,0.635315,0.000000
15,957,0,,,,,,0.0000,0.654463,0.000000
15,958,0,,,,,,0.0000,0.609902,0.000000
15,959,0,,,,,,0.0000,0.622103,0.000000
15,960,0,,,,,,0.0000,0.675231,0.000000
15,961,0,,,,,,0.0000,0.671097,0.000000
15,962,0,,,,,,0.0000,0.633850,0.000000
15,963,0,,,,,,0.0000,0.600062,0.000000
15,964,0,,,,,,0.0000,0.650921,0.000000
15,965,0,,,,,,0.0000,0.644000,0.000000
15,966,0,,,,,,0.0000,0.628120,0.000000
15,967,0,,,,,,0.0000,0.626931,0.000000
15,968,0,,,,,,0.0000,0.663405,0.000000
15,969,0,,,,,,0.0000,0.653600,0.000000
15,970,0,,,,,,0.0000,0.613672,0.000000
15,971,0,,,,,,0.0000,0.589202,0.000000
15,972,0,,,,,,0.0000,0.667940,0.000000
15,973,0,,,,,,0.0000,0.675764,0.000000
15,974,0,,,,,,0.0000,0.657659,0.000000
15,975,0,,,,,,0.0000,0.665735,0.000000
15,976,0,,,,,,0.0000,0.640830,0.000000
15,977,0,,,,,,0.0000,0.658399,0.000000
15,978,0,,,,,,0.0000,0.654040,0.000000
15,979,0,,,,,,0.0000,0.620188,0.000000
15,980,0,,,,,,0.0000,0.645188,0.000000
15,981,0,,,,,,0.0000,0.657838,0.000000
15,982,0,,,,,,0.0000,0.643085,0.000000
15,983,0,,,,,,0.0000,0.633034,0.000000
15,984,0,,,,,,0.0000,0.680371,0.000000
15,985,0,,,,,,0.0000,0.641250,0.000000
15,986,0,,,,,,0.0000,0.581417,0.000000
15,987,0,,,,,,0.0000,0.611637,0.000000
15,988,0,,,,,,0.0000,0.675024,0.000000
15,989,0,,,,,,0.0000,0.668435,0.000000
15,990,0,,,,,,0.0000,0.609926,0.000000
15,991,0,,,,,,0.0000,0.617758,0.000000
15,992,0,,,,,,0.0000,0.682208,0.000000
15,993,0,,,,,,0.0000,0.682610,0.000000
15,994,0,,,,,,0.0000,0.619283,0.000000
15,995,0,,,,,,0.0000,0.593451,0.000000
15,996,0,,,,,,0.0000,0.662502,0.000000
15,997,0,,,,,,0.0000,0.687696,0.000000
15,998,0,,,,,,0.0000,0.638530,0.000000
15,999,0,,,,,,0.0000,0.611454,0.000000
15,1000,0,,,,,,0.0000,0.665332,0.000000
16,1,9,0.106183,0.094821,0.677129,0.133580,0.660596,24.0000,0.728122,0.665199
16,2,9,0.093830,0.073915,0.717720,0.131109,0.581453,7.0000,0.578450,0.688092
16,3,9,0.093830,0.073915,0.717720,0.131109,0.581453,0.0000,0.676875,0.688092
16,4,10,0.093474,0.077691,0.730199,0.081522,0.478449,1.0000,0.697133,0.712578
16,5,11,0.084263,0.076151,0.736519,0.065970,0.433703,4.0000,0.689945,0.724980
16,6,13,0.078192,0.070689,0.752555,0.063353,0.532283,9.0000,0.659820,0.755402
16,7,12,0.077795,0.065554,0.756366,0.070890,0.629721,9.0000,0.639523,0.762881
16,8,12,0.077169,0.064498,0.758176,0.068635,0.619893,3.0000,0.662412,0.766433
16,9,13,0.077169,0.063286,0.758391,0.067065,0.638279,5.0000,0.640955,0.766855
16,10,0,,,,,,0.0000,0.636510,0.000000
16,11,0,,,,,,0.0000,0.641406,0.000000
16,12,0,,,,,,0.0000,0.659420,0.000000
16,13,0,,,,,,0.0000,0.680250,0.000000
16,14,0,,,,,,0.0000,0.657109,0.000000
16,15,0,,,,,,0.0000,0.631440,0.000000
16,16,0,,,,,,0.0000,0.652046,0.000000
16,17,0,,,,,,0.0000,0.674402,0.000000
16,18,0,,,,,,0.0000,0.679494,0.000000
16,19,0,,,,,,0.0000,0.656183,0.000000
16,20,0,,,,,,0.0000,0.619787,0.000000
16,21,0,,,,,,0.0000,0.652799,0.000000
16,22,0,,,,,,0.0000,0.685115,0.000000
16,23,0,,,,,,0.0000,0.676723,0.000000
16,24,0,,,,,,0.0000,0.616162,0.000000
16,25,0,,,,,,0.0000,0.668406,0.000000
16,26,0,,,,,,0.0000,0.646770,0.000000
16,27,0,,,,,,0.0000,0.637158,0.000000
16,28,0,,,,,,0.0000,0.650381,0.000000
16,29,0,,,,,,0.0000,0.617896,0.000000
16,30,0,,,,,,0.0000,0.600149,0.000000
16,31,0,,,,,,0.0000,0.646586,0.000000
16,32,0,,,,,,0.0000,0.674376,0.000000
16,33,0,,,,,,0.0000,0.662813,0.000000
16,34,0,,,,,,0.0000,0.642644,0.000000
16,35,0,,,,,,0.0000,0.617952,0.000000
16,36,0,,,,,,0.0000,0.663231,0.000000
16,37,0,,,,,,0.0000,0.646941,0.000000
16,38,0,,,,,,0.0000,0.619546,0.000000
16,39,0,,,,,,0.0000,0.636523,0.000000
16,40,0,,,,,,0.0000,0.667286,0.000000
16,41,0,,,,,,0.0000,0.633156,0.000000
16,42,0,,,,,,0.0000,0.646039,0.000000
16,43,0,,,,,,0.0000,0.621603,0.000000
16,44,0,,,,,,0.0000,0.640711,0.000000
16,45,0,,,,,,0.0000,0.646456,0.000000
16,46,0,,,,,,0.0000,0.648848,0.000000
16,47,0,,,,,,0.0000,0.642491,0.000000
16,48,0,,,,,,0.0000,0.652740,0.000000
16,49,0,,,,,,0.0000,0.643717,0.000000
16,50,0,,,,,,0.0000,0.653044,0.000000
16,51,0,,,,,,0.0000,0.661831,0.000000
16,52,0,,,,,,0.0000,0.648187,0.000000
16,53,0,,,,,,0.0000,0.604094,0.000000
16,54,0,,,,,,0.0000,0.652325,0.000000
16,55,0,,,,,,0.0000,0.680116,0.000000
16,56,0,,,,,,0.0000,0.633435,0.000000
16,57,0,,,,,,0.0000,0.651665,0.000000
16,58,0,,,,,,0.0000,0.632307,0.000000
16,59,0,,,,,,0.0000,0.632494,0.000000
16,60,0,,,,,,0.0000,0.659345,0.000000
16,61,0,,,,,,0.0000,0.661183,0.000000
16,62,0,,,,,,0.0000,0.646022,0.000000
16,63,0,,,,,,0.0000,0.640300,0.000000
16,64,0,,,,,,0.0000,0.629430,0.000000
16,65,0,,,,,,0.0000,0.645811,0.000000
16,66,0,,,,,,0.0000,0.659650,0.000000
16,67,0,,,,,,0.0000,0.644984,0.000000
16,68,0,,,,,,0.0000,0.667812,0.000000
16,69,0,,,,,,0.0000,0.662102,0.000000
16,70,0,,,,,,0.0000,0.632796,0.000000
16,71,0,,,,,,0.0000,0.633045,0.000000
16,72,0,,,,,,0.0000,0.640193,0.000000
16,73,0,,,,,,0.0000,0.655192,0.000000
16,74,0,,,,,,0.0000,0.657565,0.000000
16,75,0,,,,,,0.0000,0.630920,0.000000
16,76,0,,,,,,0.0000,0.622451,0.000000
16,77,0,,,,,,0.0000,0.635611,0.000000
16,78,0,,,,,,0.0000,0.644216,0.000000
16,79,0,,,,,,0.0000,0.607399,0.000000
16,80,0,,,,,,0.0000,0.606090,0.000000
16,81,0,,,,,,0.0000,0.635126,0.000000
16,82,0,,,,,,0.0000,0.653691,0.000000
16,83,0,,,,,,0.0000,0.645970,0.000000
16,84,0,,,,,,0.0000,0.637708,0.000000
16,85,0,,,,,,0.0000,0.634332,0.000000
16,86,0,,,,,,0.0000,0.626222,0.000000
16,87,0,,,,,,0.0000,0.650762,0.000000
16,88,0,,,,,,0.0000,0.661562,0.000000
16,89,0,,,,,,0.0000,0.646476,0.000000
16,90,0,,,,,,0.0000,0.638354,0.000000
16,91,0,,,,,,0.0000,0.628971,0.000000
16,92,0,,,,,,0.0000,0.667406,0.000000
16,93,0,,,,,,0.0000,0.661355,0.000000
16,94,0,,,,,,0.0000,0.622141,0.000000
16,95,0,,,,,,0.0000,0.625141,0.000000
16,96,0,,,,,,0.0000,0.659141,0.000000
16,97,0,,,,,,0.0000,0.624300,0.000000
16,98,0,,,,,,0.0000,0.623517,0.000000
16,99,0,,,,,,0.0000,0.661455,0.000000
16,100,0,,,,,,0.0000,0.671430,0.000000
16,101,0,,,,,,0.0000,0.661427,0.000000
16,102,0,,,,,,0.0000,0.649541,0.000000
16,103,0,,,,,,0.0000,0.612240,0.000000
16,104,0,,,,,,0.0000,0.635286,0.000000
16,105,0,,,,,,0.0000,0.651921,0.000000
16,106,0,,,,,,0.0000,0.620661,0.000000
16,107,0,,,,,,0.0000,0.611728,0.000000
16,108,0,,,,,,0.0000,0.665298,0.000000
16,109,0,,,,,,0.0000,0.660007,0.000000
16,110,0,,,,,,0.0000,0.620627,0.000000
16,111,0,,,,,,0.0000,0.607802,0.000000
16,112,0,,,,,,0.0000,0.647214,0.000000
16,113,0,,,,,,0.0000,0.656068,0.000000
16,114,0,,,,,,0.0000,0.649088,0.000000
16,115,0,,,,,,0.0000,0.626852,0.000000
16,116,0,,,,,,0.0000,0.648942,0.000000
16,117,0,,,,,,0.0000,0.660196,0.000000
16,118,0,,,,,,0.0000,0.639577,0.000000
16,119,0,,,,,,0.0000,0.606538,0.000000
16,120,0,,,,,,0.0000,0.628533,0.000000
16,121,0,,,,,,0.0000,0.637996,0.000000
16,122,0,,,,,,0.0000,0.625747,0.000000
16,123,0,,,,,,0.0000,0.632041,0.000000
16,124,0,,,,,,0.0000,0.633109,0.000000
16,125,0,,,,,,0.0000,0.636414,0.000000
16,126,0,,,,,,0.0000,0.651256,0.000000
16,127,0,,,,,,0.0000,0.626532,0.000000
16,128,0,,,,,,0.0000,0.629524,0.000000
16,129,0,,,,,,0.0000,0.642334,0.000000
16,130,0,,,,,,0.0000,0.638423,0.000000
16,131,0,,,,,,0.0000,0.614206,0.000000
16,132,0,,,,,,0.0000,0.658183,0.000000
16,133,0,,,,,,0.0000,0.664217,0.000000
16,134,0,,,,,,0.0000,0.633549,0.000000
16,135,0,,,,,,0.0000,0.665350,0.000000
16,136,0,,,,,,0.0000,0.660613,0.000000
16,137,0,,,,,,0.0000,0.620903,0.000000
16,138,0,,,,,,0.0000,0.613717,0.000000
16,139,0,,,,,,0.0000,0.681704,0.000000
16,140,0,,,,,,0.0000,0.677123,0.000000
16,141,0,,,,,,0.0000,0.633681,0.000000
16,142,0,,,,,,0.0000,0.626246,0.000000
16,143,0,,,,,,0.0000,0.641864,0.000000
16,144,0,,,,,,0.0000,0.652063,0.000000
16,145,0,,,,,,0.0000,0.635338,0.000000
16,146,0,,,,,,0.0000,0.627577,0.000000
16,147,0,,,,,,0.0000,0.640842,0.000000
16,148,0,,,,,,0.0000,0.664691,0.000000
16,149,0,,,,,,0.0000,0.632578,0.000000
16,150,0,,,,,,0.0000,0.619424,0.000000
16,151,0,,,,,,0.0000,0.635800,0.000000
16,152,0,,,,,,0.0000,0.635250,0.000000
16,153,0,,,,,,0.0000,0.630499,0.000000
16,154,0,,,,,,0.0000,0.655256,0.000000
16,155,0,,,,,,0.0000,0.638924,0.000000
16,156,0,,,,,,0.0000,0.612955,0.000000
16,157,0,,,,,,0.0000,0.635139,0.000000
16,158,0,,,,,,0.0000,0.660319,0.000000
16,159,0,,,,,,0.0000,0.650263,0.000000
16,160,0,,,,,,0.0000,0.652738,0.000000
16,161,0,,,,,,0.0000,0.642123,0.000000
16,162,0,,,,,,0.0000,0.649685,0.000000
16,163,0,,,,,,0.0000,0.630038,0.000000
16,164,0,,,,,,0.0000,0.639993,0.000000
16,165,0,,,,,,0.0000,0.644913,0.000000
16,166,0,,,,,,0.0000,0.649028,0.000000
16,167,0,,,,,,0.0000,0.657289,0.000000
16,168,0,,,,,,0.0000,0.617881,0.000000
16,169,0,,,,,,0.0000,0.636352,0.000000
16,170,0,,,,,,0.0000,0.651078,0.000000
16,171,0,,,,,,0.0000,0.626200,0.000000
16,172,0,,,,,,0.0000,0.624059,0.000000
16,173,0,,,,,,0.0000,0.635962,0.000000
16,174,0,,,,,,0.0000,0.647739,0.000000
16,175,0,,,,,,0.0000,0.649190,0.000000
16,176,0,,,,,,0.0000,0.660142,0.000000
16,177,0,,,,,,0.0000,0.650441,0.000000
16,178,0,,,,,,0.0000,0.627990,0.000000
16,179,0,,,,,,0.0000,0.618498,0.000000
16,180,0,,,,,,0.0000,0.649035,0.000000
16,181,0,,,,,,0.0000,0.666998,0.000000
16,182,0,,,,,,0.0000,0.646511,0.000000
16,183,0,,,,,,0.0000,0.630656,0.000000
16,184,0,,,,,,0.0000,0.645137,0.000000
16,185,0,,,,,,0.0000,0.665596,0.000000
16,186,0,,,,,,0.0000,0.620963,0.000000
16,187,0,,,,,,0.0000,0.620400,0.000000
16,188,0,,,,,,0.0000,0.622329,0.000000
16,189,0,,,,,,0.0000,0.653576,0.000000
16,190,0,,,,,,0.0000,0.645456,0.000000
16,191,0,,,,,,0.0000,0.626665,0.000000
16,192,0,,,,,,0.0000,0.632340,0.000000
16,193,0,,,,,,0.0000,0.649693,0.000000
16,194,0,,,,,,0.0000,0.647966,0.000000
16,195,0,,,,,,0.0000,0.620312,0.000000
16,196,0,,,,,,0.0000,0.658600,0.000000
16,197,0,,,,,,0.0000,0.658142,0.000000
16,198,0,,,,,,0.0000,0.630510,0.000000
16,199,0,,,,,,0.0000,0.628156,0.000000
16,200,0,,,,,,0.0000,0.668337,0.000000
16,201,0,,,,,,0.0000,0.630951,0.000000
16,202,0,,,,,,0.0000,0.641105,0.000000
16,203,0,,,,,,0.0000,0.652250,0.000000
16,204,0,,,,,,0.0000,0.637490,0.000000
16,205,0,,,,,,0.0000,0.636558,0.000000
16,206,0,,,,,,0.0000,0.633929,0.000000
16,207,0,,,,,,0.0000,0.639698,0.000000
16,208,0,,,,,,0.0000,0.637830,0.000000
16,209,0,,,,,,0.0000,0.653950,0.000000
16,210,0,,,,,,0.0000,0.639292,0.000000
16,211,0,,,,,,0.0000,0.625719,0.000000
16,212,0,,,,,,0.0000,0.628810,0.000000
16,213,0,,,,,,0.0000,0.661495,0.000000
16,214,0,,,,,,0.0000,0.647197,0.000000
16,215,0,,,,,,0.0000,0.645978,0.000000
16,216,0,,,,,,0.0000,0.619631,0.000000
16,217,0,,,,,,0.0000,0.640907,0.000000
16,218,0,,,,,,0.0000,0.639341,0.000000
16,219,0,,,,,,0.0000,0.662502,0.000000
16,220,0,,,,,,0.0000,0.645796,0.000000
16,221,0,,,,,,0.0000,0.602645,0.000000
16,222,0,,,,,,0.0000,0.640730,0.000000
16,223,0,,,,,,0.0000,0.658161,0.000000
16,224,0,,,,,,0.0000,0.648403,0.000000
16,225,0,,,,,,0.0000,0.611073,0.000000
16,226,0,,,,,,0.0000,0.655258,0.000000
16,227,0,,,,,,0.0000,0.643773,0.000000
16,228,0,,,,,,0.0000,0.649208,0.000000
16,229,0,,,,,,0.0000,0.670001,0.000000
16,230,0,,,,,,0.0000,0.644430,0.000000
16,231,0,,,,,,0.0000,0.644812,0.000000
16,232,0,,,,,,0.0000,0.634595,0.000000
16,233,0,,,,,,0.0000,0.642294,0.000000
16,234,0,,,,,,0.0000,0.652191,0.000000
16,235,0,,,,,,0.0000,0.642652,0.000000
16,236,0,,,,,,0.0000,0.612191,0.000000
16,237,0,,,,,,0.0000,0.647532,0.000000
16,238,0,,,,,,0.0000,0.664019,0.000000
16,239,0,,,,,,0.0000,0.627711,0.000000
16,240,0,,,,,,0.0000,0.639152,0.000000
16,241,1,0.856701,0.002065,0.340266,0.000000,1.000000,1.0000,0.632342,0.207034
16,242,4,0.234364,0.037227,0.691356,0.289897,0.659794,4.0000,0.470795,0.620601
16,243,6,0.193304,0.071959,0.723197,0.108144,0.583741,9.0000,0.488814,0.651517
16,244,10,0.102042,0.063944,0.846178,0.094910,0.738956,12.0000,0.607849,0.779846
16,245,10,0.100324,0.062824,0.855979,0.091498,0.702864,8.0000,0.631417,0.798883
16,246,13,0.097786,0.071065,0.866442,0.089277,0.809096,4.0000,0.544121,0.805072
16,247,13,0.097786,0.071065,0.866442,0.089277,0.809096,3.0000,0.504219,0.805072
16,248,12,0.100532,0.059902,0.874700,0.093335,0.784771,6.0000,0.606356,0.821113
16,249,12,0.094645,0.053884,0.887030,0.093632,0.796284,9.0000,0.616006,0.827967
16,250,2,0.307239,0.105436,0.638066,0.000000,0.187388,3.0000,0.653108,0.372495
16,251,3,0.292090,0.086790,0.722177,0.836060,0.718825,4.0000,0.587597,0.426720
16,252,6,0.165599,0.085531,0.814838,0.111674,0.595315,7.0000,0.516864,0.575174
16,253,8,0.102273,0.052997,0.930014,0.095146,0.505692,10.0000,0.606630,0.804145
16,254,9,0.097461,0.038195,0.941229,0.103804,0.633675,7.0000,0.614310,0.826441
16,255,10,0.072761,0.027683,0.990909,0.116742,0.667357,9.0000,0.618017,0.925207
16,256,10,0.072761,0.027683,0.990909,0.116742,0.667357,6.0000,0.607276,0.925207
16,257,10,0.066198,0.019754,0.996675,0.103138,0.644721,7.0000,0.534265,0.936670
16,258,11,0.065884,0.020116,0.996848,0.105912,0.707747,5.0000,0.561096,0.937013
16,259,11,0.065884,0.020116,0.996848,0.105912,0.707747,4.0000,0.611154,0.937013
16,260,2,0.310334,0.051339,0.708508,0.000000,0.133369,4.0000,0.699035,0.414968
16,261,3,0.308115,0.042154,0.774612,0.872296,0.746610,4.0000,0.633162,0.446618
16,262,4,0.176722,0.036713,0.874264,0.246663,0.422785,5.0000,0.619561,0.649512
16,263,6,0.104381,0.055038,0.919909,0.075199,0.323272,7.0000,0.592338,0.742447
16,264,7,0.084712,0.054303,0.931968,0.067332,0.263214,6.0000,0.665662,0.766999
16,265,8,0.080887,0.051125,0.935432,0.104689,0.404286,7.0000,0.691904,0.774051
16,266,8,0.080887,0.051125,0.935432,0.104689,0.404286,4.0000,0.648805,0.774051
16,267,10,0.080140,0.064863,0.940324,0.059465,0.266828,6.0000,0.600641,0.784013
16,268,8,0.059598,0.020651,0.998712,0.085950,0.367374,10.0000,0.581707,0.902891
16,269,11,0.055745,0.027890,1.001868,0.091664,0.592971,8.0000,0.551085,0.909317
16,270,2,0.342986,0.045002,0.691627,0.000000,0.063955,4.0000,0.665199,0.293660
16,271,3,0.183237,0.060440,0.769887,0.182023,0.211655,4.0000,0.639199,0.454015
16,272,6,0.139288,0.070249,0.868699,0.204391,0.471743,10.0000,0.550729,0.612079
16,273,7,0.098867,0.046930,0.949203,0.152506,0.418354,12.0000,0.605890,0.777033
16,274,7,0.098749,0.046859,0.949706,0.152459,0.418788,7.0000,0.700085,0.778062
16,275,8,0.098749,0.046921,0.952406,0.160765,0.499089,6.0000,0.626229,0.783595
16,276,11,0.094656,0.043193,0.972249,0.107486,0.699242,5.0000,0.542029,0.824253
16,277,11,0.077524,0.033170,1.001709,0.144670,0.722841,9.0000,0.594955,0.884617
16,278,11,0.077524,0.033170,1.001709,0.144670,0.722841,2.0000,0.597118,0.884617
16,279,14,0.075065,0.043216,1.006615,0.102025,0.798013,7.0000,0.606104,0.894669
16,280,1,0.832513,0.008651,0.382581,0.000000,1.000000,4.0000,0.646394,0.189672
16,281,2,0.370721,0.224605,0.510195,0.000000,0.250063,5.0000,0.556023,0.189672
16,282,5,0.139665,0.043811,0.895518,0.242549,0.676576,16.0000,0.547516,0.695010
16,283,7,0.124821,0.038485,0.945264,0.099094,0.797463,10.0000,0.565993,0.746570
16,284,8,0.126511,0.040916,0.957050,0.036765,0.870798,9.0000,0.618624,0.770968
16,285,9,0.062238,0.034485,0.985930,0.109160,0.720536,11.0000,0.632970,0.830749
16,286,10,0.060908,0.033985,0.986132,0.106044,0.801955,7.0000,0.612167,0.831168
16,287,9,0.059698,0.030389,0.988809,0.108086,0.755838,9.0000,0.546449,0.836710
16,288,9,0.059698,0.030389,0.988809,0.108086,0.755838,9.0000,0.572867,0.836710
16,289,11,0.055907,0.030623,1.001279,0.102195,0.795060,9.0000,0.594168,0.862523
16,290,4,0.163358,0.067445,0.836495,0.471472,0.702851,9.0000,0.715116,0.610391
16,291,4,0.163358,0.067445,0.836495,0.471472,0.702851,4.0000,0.608572,0.610391
16,292,4,0.163456,0.090020,0.843591,0.279027,0.458930,7.0000,0.545257,0.625337
16,293,6,0.133674,0.079473,0.935459,0.039980,0.422388,11.0000,0.559957,0.708377
16,294,7,0.092839,0.083428,0.964582,0.116730,0.432861,8.0000,0.629307,0.769718
16,295,8,0.085886,0.079063,0.971215,0.079789,0.474730,12.0000,0.627175,0.783688
16,296,9,0.085694,0.080128,0.972784,0.102511,0.550357,5.0000,0.605587,0.786991
16,297,8,0.076372,0.050059,0.993984,0.114803,0.598250,10.0000,0.597315,0.831645
16,298,11,0.066067,0.055960,0.996904,0.086285,0.697466,10.0000,0.616404,0.837794
16,299,14,0.058637,0.051464,1.007796,0.044779,0.673878,8.0000,0.642589,0.860737
16,300,1,0.822844,0.000667,0.507481,0.000000,1.000000,1.0000,0.718651,0.209668
16,301,2,0.284305,0.033991,0.797917,0.000000,0.135120,4.0000,0.570877,0.487021
16,302,4,0.103700,0.031762,0.913532,0.044364,0.215389,7.0000,0.565346,0.729159
16,303,9,0.063712,0.029724,1.009496,0.130475,0.650023,11.0000,0.555414,0.859438
16,304,10,0.063499,0.029352,1.009677,0.138308,0.730660,7.0000,0.608313,0.859818
16,305,10,0.063490,0.029343,1.009845,0.138404,0.730574,13.0000,0.627078,0.860169
16,306,12,0.059188,0.030885,1.011459,0.094155,0.779357,8.0000,0.573712,0.863550
16,307,13,0.059188,0.032777,1.011621,0.090341,0.814907,7.0000,0.601491,0.863887
16,308,14,0.058782,0.032158,1.012167,0.089457,0.851519,10.0000,0.602277,0.865032
16,309,14,0.058782,0.032158,1.012167,0.089457,0.851519,6.0000,0.530376,0.865032
16,310,4,0.188023,0.077890,0.819291,0.346904,0.510462,7.0000,0.676530,0.463698
16,311,4,0.187600,0.074722,0.824243,0.369849,0.512625,3.0000,0.659666,0.474128
16,312,6,0.176587,0.087776,0.836325,0.086589,0.591462,6.0000,0.578691,0.499577
16,313,7,0.110154,0.067688,0.908071,0.139864,0.682836,12.0000,0.560402,0.650690
16,314,9,0.108730,0.071329,0.910908,0.128939,0.661556,6.0000,0.636605,0.656667
16,315,10,0.097932,0.060788,0.944658,0.096257,0.766216,9.0000,0.636513,0.727752
16,316,10,0.097932,0.060788,0.944658,0.096257,0.766216,7.0000,0.575522,0.727752
16,317,11,0.097841,0.058806,0.944798,0.100184,0.831202,11.0000,0.573218,0.728048
16,318,12,0.094759,0.056845,0.964520,0.095914,0.828312,9.0000,0.610443,0.769586
16,319,12,0.093332,0.053272,0.988827,0.091134,0.795414,9.0000,0.594897,0.820783
16,320,3,0.257549,0.116817,0.701959,0.635480,0.705240,6.0000,0.720256,0.400657
16,321,4,0.238003,0.115360,0.712152,0.559807,0.851642,4.0000,0.627287,0.420030
16,322,9,0.084694,0.069271,0.885198,0.076365,0.453257,11.0000,0.575997,0.708798
16,323,13,0.062282,0.058247,0.971662,0.043272,0.454152,12.0000,0.547634,0.801215
16,324,13,0.062864,0.058635,0.978355,0.038076,0.469001,10.0000,0.660511,0.815069
16,325,14,0.062829,0.059941,0.981099,0.040507,0.473481,11.0000,0.610033,0.820750
16,326,15,0.062813,0.061133,0.981674,0.041221,0.481299,12.0000,0.527887,0.821941
16,327,17,0.059762,0.060156,0.984618,0.046186,0.556617,18.0000,0.499754,0.828034
16,328,17,0.059762,0.060156,0.984618,0.046186,0.556617,10.0000,0.583001,0.828034
16,329,17,0.059762,0.060156,0.984618,0.046186,0.556617,10.0000,0.617802,0.828034
16,330,2,0.789599,0.016458,0.404860,0.000000,0.949970,4.0000,0.727269,0.238681
16,331,3,0.460076,0.115781,0.476741,0.468254,0.917363,3.0000,0.555232,0.302792
16,332,7,0.127585,0.089454,0.840566,0.188977,0.542579,12.0000,0.503673,0.615813
16,333,8,0.086141,0.062742,0.954191,0.117274,0.374856,8.0000,0.513910,0.787253
16,334,9,0.075280,0.041306,0.982416,0.105568,0.523287,10.0000,0.599191,0.845086
16,335,10,0.075280,0.045790,0.982470,0.101293,0.583969,5.0000,0.642906,0.845196
16,336,11,0.064568,0.041694,0.992949,0.050483,0.642582,5.0000,0.574887,0.866668
16,337,11,0.064568,0.041694,0.992949,0.050483,0.642582,6.0000,0.566159,0.866668
16,338,13,0.050741,0.041109,1.002815,0.048699,0.615511,6.0000,0.603455,0.886884
16,339,13,0.049825,0.039371,1.007921,0.049197,0.628763,9.0000,0.592787,0.897346
16,340,2,0.641171,0.102061,0.501637,0.000000,0.775418,3.0000,0.704064,0.240932
16,341,4,0.274155,0.202142,0.739443,0.302619,0.338864,4.0000,0.660767,0.375014
16,342,5,0.155000,0.084508,0.823639,0.037301,0.403832,8.0000,0.576227,0.546438
16,343,6,0.149863,0.072131,0.888026,0.027491,0.388366,9.0000,0.563447,0.677533
16,344,7,0.155083,0.047476,0.923390,0.104296,0.698512,8.0000,0.605398,0.749533
16,345,8,0.132517,0.053357,0.941303,0.074341,0.616760,3.0000,0.615763,0.786005
16,346,10,0.127761,0.049959,0.947517,0.046185,0.633177,8.0000,0.606217,0.798657
16,347,10,0.126488,0.044282,0.949866,0.045427,0.634833,10.0000,0.585491,0.803439
16,348,9,0.126511,0.034651,0.957532,0.054523,0.736815,6.0000,0.555687,0.819048
16,349,9,0.126304,0.033165,0.960346,0.060933,0.767818,9.0000,0.610763,0.824778
16,350,3,0.425556,0.025767,0.606041,0.207785,0.777683,5.0000,0.743314,0.555420
16,351,5,0.222018,0.117380,0.713851,0.329791,0.683097,5.0000,0.586698,0.576274
16,352,7,0.107447,0.079923,0.870480,0.157640,0.566891,7.0000,0.509104,0.760873
16,353,9,0.091022,0.072061,0.928397,0.111127,0.470551,9.0000,0.604942,0.800932
16,354,9,0.085356,0.062971,0.936905,0.123103,0.586603,6.0000,0.663337,0.817845
16,355,9,0.085356,0.062971,0.936905,0.123103,0.586603,4.0000,0.612574,0.817845
16,356,9,0.085356,0.062971,0.936905,0.123103,0.586603,3.0000,0.546471,0.817845
16,357,10,0.085355,0.069486,0.937143,0.116451,0.519137,8.0000,0.551714,0.818318
16,358,12,0.072662,0.042634,0.969999,0.102300,0.603769,15.0000,0.615888,0.883636
16,359,12,0.070773,0.027857,0.979499,0.107685,0.713533,8.0000,0.684151,0.902522
16,360,2,0.363205,0.026692,0.669970,0.000000,0.054301,3.0000,0.650828,0.377107
16,361,4,0.156972,0.035427,0.819514,0.349353,0.513473,3.0000,0.534044,0.667586
16,362,5,0.156697,0.034716,0.832437,0.305199,0.776848,4.0000,0.591247,0.673226
16,363,6,0.151508,0.039965,0.857082,0.218167,0.831014,2.0000,0.646383,0.721097
16,364,7,0.088897,0.044794,0.881041,0.124787,0.642784,3.0000,0.659957,0.767636
16,365,9,0.087652,0.048228,0.889709,0.125921,0.734162,10.0000,0.640857,0.784472
16,366,9,0.087471,0.047064,0.903545,0.124133,0.708043,6.0000,0.558789,0.792794
16,367,9,0.087471,0.047064,0.903545,0.124133,0.708043,5.0000,0.557024,0.792794
16,368,10,0.086586,0.054642,0.903678,0.097866,0.751636,2.0000,0.613498,0.793051
16,369,11,0.086394,0.060304,0.912424,0.092940,0.696059,4.0000,0.594281,0.810040
16,370,1,0.759595,0.003615,0.394528,0.000000,1.000000,1.0000,0.641045,0.337330
16,371,3,0.457768,0.052903,0.509808,0.278438,0.862195,2.0000,0.522187,0.489179
16,372,5,0.160009,0.072903,0.734587,0.307365,0.817926,6.0000,0.536486,0.680984
16,373,7,0.109113,0.064449,0.812243,0.065796,0.805645,14.0000,0.615095,0.744872
16,374,7,0.109113,0.064449,0.812243,0.065796,0.805645,5.0000,0.634549,0.744872
16,375,9,0.109080,0.074654,0.813373,0.058121,0.935381,8.0000,0.593350,0.745794
16,376,12,0.104579,0.065930,0.845533,0.033521,0.960783,8.0000,0.602575,0.776541
16,377,12,0.104579,0.065930,0.845533,0.033521,0.960783,7.0000,0.627988,0.776541
16,378,14,0.103793,0.063589,0.846957,0.029632,0.925687,9.0000,0.590006,0.779285
16,379,15,0.087058,0.064846,0.866880,0.067584,0.805234,9.0000,0.584697,0.805867
16,380,1,0.838097,0.060471,0.243374,0.000000,1.000000,2.0000,0.664900,0.124785
16,381,2,0.308588,0.101321,0.546457,0.000000,0.228415,3.0000,0.606284,0.370659
16,382,6,0.148366,0.130354,0.685714,0.152040,0.381754,4.0000,0.515554,0.533593
16,383,9,0.104502,0.079461,0.767267,0.178220,0.780608,9.0000,0.603777,0.690462
16,384,9,0.098630,0.053649,0.799053,0.088773,0.639258,6.0000,0.654402,0.751653
16,385,12,0.067269,0.055241,0.818765,0.058549,0.654195,5.0000,0.668497,0.789600
16,386,13,0.067269,0.062482,0.818782,0.057896,0.699012,8.0000,0.658643,0.789632
16,387,14,0.067105,0.063102,0.827060,0.053776,0.652681,6.0000,0.557563,0.805569
16,388,14,0.067105,0.063102,0.827060,0.053776,0.652681,3.0000,0.551668,0.805569
16,389,16,0.065995,0.060269,0.828545,0.056120,0.736119,2.0000,0.589713,0.808427
16,390,1,0.707961,0.363096,0.082044,0.000000,1.000000,1.0000,0.720107,0.016039
16,391,4,0.179305,0.071816,0.683574,0.248003,0.659843,10.0000,0.628735,0.635339
16,392,9,0.100404,0.074160,0.725542,0.040571,0.599582,10.0000,0.561933,0.715302
16,393,8,0.092435,0.061885,0.763942,0.071015,0.615001,4.0000,0.504661,0.790964
16,394,9,0.090640,0.054707,0.777227,0.077824,0.667804,5.0000,0.615304,0.811372
16,395,9,0.090202,0.052081,0.778125,0.083237,0.690448,5.0000,0.694424,0.813140
16,396,10,0.080958,0.040084,0.788112,0.046436,0.762637,8.0000,0.564860,0.829722
16,397,11,0.076642,0.038441,0.799824,0.045597,0.736868,2.0000,0.515239,0.840710
16,398,12,0.063387,0.036840,0.848423,0.061781,0.655762,5.0000,0.577137,0.869759
16,399,12,0.063387,0.036840,0.848423,0.061781,0.655762,4.0000,0.672242,0.869759
16,400,0,,,,,,0.0000,0.701246,0.000000
16,401,0,,,,,,0.0000,0.672050,0.000000
16,402,0,,,,,,0.0000,0.637333,0.000000
16,403,0,,,,,,0.0000,0.650940,0.000000
16,404,0,,,,,,0.0000,0.683858,0.000000
16,405,0,,,,,,0.0000,0.689359,0.000000
16,406,0,,,,,,0.0000,0.633515,0.000000
16,407,0,,,,,,0.0000,0.647998,0.000000
16,408,0,,,,,,0.0000,0.642251,0.000000
16,409,0,,,,,,0.0000,0.621555,0.000000
16,410,0,,,,,,0.0000,0.617859,0.000000
16,411,0,,,,,,0.0000,0.656496,0.000000
16,412,0,,,,,,0.0000,0.689773,0.000000
16,413,0,,,,,,0.0000,0.665881,0.000000
16,414,0,,,,,,0.0000,0.609569,0.000000
16,415,0,,,,,,0.0000,0.634946,0.000000
16,416,0,,,,,,0.0000,0.682884,0.000000
16,417,0,,,,,,0.0000,0.681555,0.000000
16,418,0,,,,,,0.0000,0.634586,0.000000
16,419,0,,,,,,0.0000,0.608313,0.000000
16,420,0,,,,,,0.0000,0.670320,0.000000
16,421,0,,,,,,0.0000,0.678347,0.000000
16,422,0,,,,,,0.0000,0.649431,0.000000
16,423,0,,,,,,0.0000,0.628854,0.000000
16,424,0,,,,,,0.0000,0.666260,0.000000
16,425,0,,,,,,0.0000,0.675111,0.000000
16,426,0,,,,,,0.0000,0.622979,0.000000
16,427,0,,,,,,0.0000,0.638763,0.000000
16,428,0,,,,,,0.0000,0.671958,0.000000
16,429,0,,,,,,0.0000,0.634305,0.000000
16,430,0,,,,,,0.0000,0.628394,0.000000
16,431,0,,,,,,0.0000,0.633532,0.000000
16,432,0,,,,,,0.0000,0.621426,0.000000
16,433,0,,,,,,0.0000,0.638303,0.000000
16,434,0,,,,,,0.0000,0.639515,0.000000
16,435,0,,,,,,0.0000,0.643187,0.000000
16,436,0,,,,,,0.0000,0.622904,0.000000
16,437,0,,,,,,0.0000,0.649617,0.000000
16,438,0,,,,,,0.0000,0.641810,0.000000
16,439,0,,,,,,0.0000,0.627075,0.000000
16,440,0,,,,,,0.0000,0.629288,0.000000
16,441,0,,,,,,0.0000,0.656270,0.000000
16,442,0,,,,,,0.0000,0.664619,0.000000
16,443,0,,,,,,0.0000,0.626263,0.000000
16,444,0,,,,,,0.0000,0.635485,0.000000
16,445,0,,,,,,0.0000,0.679904,0.000000
16,446,0,,,,,,0.0000,0.627998,0.000000
16,447,0,,,,,,0.0000,0.601765,0.000000
16,448,0,,,,,,0.0000,0.654723,0.000000
16,449,0,,,,,,0.0000,0.653673,0.000000
16,450,0,,,,,,0.0000,0.650180,0.000000
16,451,0,,,,,,0.0000,0.635159,0.000000
16,452,0,,,,,,0.0000,0.624621,0.000000
16,453,0,,,,,,0.0000,0.611245,0.000000
16,454,0,,,,,,0.0000,0.661271,0.000000
16,455,0,,,,,,0.0000,0.664642,0.000000
16,456,0,,,,,,0.0000,0.642914,0.000000
16,457,0,,,,,,0.0000,0.612664,0.000000
16,458,0,,,,,,0.0000,0.655165,0.000000
16,459,0,,,,,,0.0000,0.673433,0.000000
16,460,0,,,,,,0.0000,0.644975,0.000000
16,461,0,,,,,,0.0000,0.621074,0.000000
16,462,0,,,,,,0.0000,0.635685,0.000000
16,463,0,,,,,,0.0000,0.630636,0.000000
16,464,0,,,,,,0.0000,0.633563,0.000000
16,465,0,,,,,,0.0000,0.648208,0.000000
16,466,0,,,,,,0.0000,0.650579,0.000000
16,467,0,,,,,,0.0000,0.615592,0.000000
16,468,0,,,,,,0.0000,0.628339,0.000000
16,469,0,,,,,,0.0000,0.621796,0.000000
16,470,0,,,,,,0.0000,0.674302,0.000000
16,471,0,,,,,,0.0000,0.655303,0.000000
16,472,0,,,,,,0.0000,0.612669,0.000000
16,473,0,,,,,,0.0000,0.616330,0.000000
16,474,0,,,,,,0.0000,0.638063,0.000000
16,475,0,,,,,,0.0000,0.627156,0.000000
16,476,0,,,,,,0.0000,0.630455,0.000000
16,477,0,,,,,,0.0000,0.657014,0.000000
16,478,0,,,,,,0.0000,0.700445,0.000000
16,479,0,,,,,,0.0000,0.632804,0.000000
16,480,0,,,,,,0.0000,0.576761,0.000000
16,481,0,,,,,,0.0000,0.657227,0.000000
16,482,0,,,,,,0.0000,0.704568,0.000000
16,483,0,,,,,,0.0000,0.631056,0.000000
16,484,0,,,,,,0.0000,0.623247,0.000000
16,485,0,,,,,,0.0000,0.610279,0.000000
16,486,0,,,,,,0.0000,0.657205,0.000000
16,487,0,,,,,,0.0000,0.653105,0.000000
16,488,0,,,,,,0.0000,0.627448,0.000000
16,489,0,,,,,,0.0000,0.665456,0.000000
16,490,0,,,,,,0.0000,0.659036,0.000000
16,491,0,,,,,,0.0000,0.633807,0.000000
16,492,0,,,,,,0.0000,0.599385,0.000000
16,493,0,,,,,,0.0000,0.636889,0.000000
16,494,0,,,,,,0.0000,0.633942,0.000000
16,495,0,,,,,,0.0000,0.647773,0.000000
16,496,0,,,,,,0.0000,0.638058,0.000000
16,497,0,,,,,,0.0000,0.621349,0.000000
16,498,0,,,,,,0.0000,0.665564,0.000000
16,499,0,,,,,,0.0000,0.661967,0.000000
16,500,0,,,,,,0.0000,0.641453,0.000000
16,501,0,,,,,,0.0000,0.621394,0.000000
16,502,0,,,,,,0.0000,0.640761,0.000000
16,503,0,,,,,,0.0000,0.637023,0.000000
16,504,0,,,,,,0.0000,0.621976,0.000000
16,505,0,,,,,,0.0000,0.656390,0.000000
16,506,0,,,,,,0.0000,0.677271,0.000000
16,507,0,,,,,,0.0000,0.674884,0.000000
16,508,0,,,,,,0.0000,0.591346,0.000000
16,509,0,,,,,,0.0000,0.608560,0.000000
16,510,0,,,,,,0.0000,0.677661,0.000000
16,511,0,,,,,,0.0000,0.666130,0.000000
16,512,0,,,,,,0.0000,0.609568,0.000000
16,513,0,,,,,,0.0000,0.611036,0.000000
16,514,0,,,,,,0.0000,0.674112,0.000000
16,515,0,,,,,,0.0000,0.678164,0.000000
16,516,0,,,,,,0.0000,0.628492,0.000000
16,517,0,,,,,,0.0000,0.613271,0.000000
16,518,0,,,,,,0.0000,0.644178,0.000000
16,519,0,,,,,,0.0000,0.668289,0.000000
16,520,0,,,,,,0.0000,0.644089,0.000000
16,521,0,,,,,,0.0000,0.646462,0.000000
16,522,0,,,,,,0.0000,0.653494,0.000000
16,523,0,,,,,,0.0000,0.626884,0.000000
16,524,0,,,,,,0.0000,0.620650,0.000000
16,525,0,,,,,,0.0000,0.641233,0.000000
16,526,0,,,,,,0.0000,0.660582,0.000000
16,527,0,,,,,,0.0000,0.618350,0.000000
16,528,0,,,,,,0.0000,0.608471,0.000000
16,529,0,,,,,,0.0000,0.623769,0.000000
16,530,0,,,,,,0.0000,0.673309,0.000000
16,531,0,,,,,,0.0000,0.641213,0.000000
16,532,0,,,,,,0.0000,0.602032,0.000000
16,533,0,,,,,,0.0000,0.601500,0.000000
16,534,0,,,,,,0.0000,0.681182,0.000000
16,535,0,,,,,,0.0000,0.680910,0.000000
16,536,0,,,,,,0.0000,0.646764,0.000000
16,537,0,,,,,,0.0000,0.603613,0.000000
16,538,0,,,,,,0.0000,0.616682,0.000000
16,539,0,,,,,,0.0000,0.652998,0.000000
16,540,0,,,,,,0.0000,0.657009,0.000000
16,541,0,,,,,,0.0000,0.642552,0.000000
16,542,0,,,,,,0.0000,0.658263,0.000000
16,543,0,,,,,,0.0000,0.636643,0.000000
16,544,0,,,,,,0.0000,0.649062,0.000000
16,545,0,,,,,,0.0000,0.660033,0.000000
16,546,0,,,,,,0.0000,0.638202,0.000000
16,547,0,,,,,,0.0000,0.606681,0.000000
16,548,0,,,,,,0.0000,0.622663,0.000000
16,549,0,,,,,,0.0000,0.662799,0.000000
16,550,0,,,,,,0.0000,0.632403,0.000000
16,551,0,,,,,,0.0000,0.608411,0.000000
16,552,0,,,,,,0.0000,0.641846,0.000000
16,553,0,,,,,,0.0000,0.690487,0.000000
16,554,0,,,,,,0.0000,0.644021,0.000000
16,555,0,,,,,,0.0000,0.592158,0.000000
16,556,0,,,,,,0.0000,0.564939,0.000000
16,557,0,,,,,,0.0000,0.674100,0.000000
16,558,0,,,,,,0.0000,0.714284,0.000000
16,559,0,,,,,,0.0000,0.613952,0.000000
16,560,0,,,,,,0.0000,0.591947,0.000000
16,561,0,,,,,,0.0000,0.663557,0.000000
16,562,0,,,,,,0.0000,0.655938,0.000000
16,563,0,,,,,,0.0000,0.628186,0.000000
16,564,0,,,,,,0.0000,0.629213,0.000000
16,565,0,,,,,,0.0000,0.652413,0.000000
16,566,0,,,,,,0.0000,0.643279,0.000000
16,567,0,,,,,,0.0000,0.655414,0.000000
16,568,0,,,,,,0.0000,0.641221,0.000000
16,569,0,,,,,,0.0000,0.584189,0.000000
16,570,0,,,,,,0.0000,0.608906,0.000000
16,571,0,,,,,,0.0000,0.663370,0.000000
16,572,0,,,,,,0.0000,0.681580,0.000000
16,573,0,,,,,,0.0000,0.624726,0.000000
16,574,0,,,,,,0.0000,0.609808,0.000000
16,575,0,,,,,,0.0000,0.671272,0.000000
16,576,0,,,,,,0.0000,0.661910,0.000000
16,577,0,,,,,,0.0000,0.645051,0.000000
16,578,0,,,,,,0.0000,0.585307,0.000000
16,579,0,,,,,,0.0000,0.606515,0.000000
16,580,0,,,,,,0.0000,0.670692,0.000000
16,581,0,,,,,,0.0000,0.679458,0.000000
16,582,0,,,,,,0.0000,0.649965,0.000000
16,583,0,,,,,,0.0000,0.593362,0.000000
16,584,0,,,,,,0.0000,0.628274,0.000000
16,585,0,,,,,,0.0000,0.672794,0.000000
16,586,0,,,,,,0.0000,0.599068,0.000000
16,587,0,,,,,,0.0000,0.620751,0.000000
16,588,0,,,,,,0.0000,0.639399,0.000000
16,589,0,,,,,,0.0000,0.643405,0.000000
16,590,0,,,,,,0.0000,0.625148,0.000000
16,591,0,,,,,,0.0000,0.659506,0.000000
16,592,0,,,,,,0.0000,0.666766,0.000000
16,593,0,,,,,,0.0000,0.653865,0.000000
16,594,0,,,,,,0.0000,0.623605,0.000000
16,595,0,,,,,,0.0000,0.595313,0.000000
16,596,0,,,,,,0.0000,0.619145,0.000000
16,597,0,,,,,,0.0000,0.653196,0.000000
16,598,0,,,,,,0.0000,0.671568,0.000000
16,599,0,,,,,,0.0000,0.638673,0.000000
16,600,0,,,,,,0.0000,0.620164,0.000000
16,601,0,,,,,,0.0000,0.608771,0.000000
16,602,0,,,,,,0.0000,0.603012,0.000000
16,603,0,,,,,,0.0000,0.639861,0.000000
16,604,0,,,,,,0.0000,0.657904,0.000000
16,605,0,,,,,,0.0000,0.630360,0.000000
16,606,0,,,,,,0.0000,0.629437,0.000000
16,607,0,,,,,,0.0000,0.670703,0.000000
16,608,0,,,,,,0.0000,0.664735,0.000000
16,609,0,,,,,,0.0000,0.596088,0.000000
16,610,0,,,,,,0.0000,0.601675,0.000000
16,611,0,,,,,,0.0000,0.691587,0.000000
16,612,0,,,,,,0.0000,0.682230,0.000000
16,613,0,,,,,,0.0000,0.647690,0.000000
16,614,0,,,,,,0.0000,0.648230,0.000000
16,615,0,,,,,,0.0000,0.639184,0.000000
16,616,0,,,,,,0.0000,0.643794,0.000000
16,617,0,,,,,,0.0000,0.631671,0.000000
16,618,0,,,,,,0.0000,0.643245,0.000000
16,619,0,,,,,,0.0000,0.635311,0.000000
16,620,0,,,,,,0.0000,0.644801,0.000000
16,621,0,,,,,,0.0000,0.609744,0.000000
16,622,0,,,,,,0.0000,0.635420,0.000000
16,623,0,,,,,,0.0000,0.640007,0.000000
16,624,0,,,,,,0.0000,0.659798,0.000000
16,625,0,,,,,,0.0000,0.632678,0.000000
16,626,0,,,,,,0.0000,0.625679,0.000000
16,627,0,,,,,,0.0000,0.618470,0.000000
16,628,0,,,,,,0.0000,0.655626,0.000000
16,629,0,,,,,,0.0000,0.653596,0.000000
16,630,0,,,,,,0.0000,0.639454,0.000000
16,631,0,,,,,,0.0000,0.628443,0.000000
16,632,0,,,,,,0.0000,0.625929,0.000000
16,633,0,,,,,,0.0000,0.642322,0.000000
16,634,0,,,,,,0.0000,0.643012,0.000000
16,635,0,,,,,,0.0000,0.632359,0.000000
16,636,0,,,,,,0.0000,0.643679,0.000000
16,637,0,,,,,,0.0000,0.631153,0.000000
16,638,0,,,,,,0.0000,0.664120,0.000000
16,639,0,,,,,,0.0000,0.652810,0.000000
16,640,0,,,,,,0.0000,0.605891,0.000000
16,641,0,,,,,,0.0000,0.614462,0.000000
16,642,0,,,,,,0.0000,0.678463,0.000000
16,643,0,,,,,,0.0000,0.666690,0.000000
16,644,1,0.855122,0.001093,0.344551,0.000000,1.000000,1.0000,0.612555,0.213746
16,645,5,0.203416,0.052394,0.721655,0.164946,0.619879,4.0000,0.419102,0.664523
16,646,7,0.100398,0.063536,0.826970,0.200352,0.609713,11.0000,0.502247,0.745714
16,647,11,0.065921,0.062650,0.909550,0.078154,0.427311,12.0000,0.610081,0.804457
16,648,11,0.065921,0.062650,0.909550,0.078154,0.427311,2.0000,0.648756,0.804457
16,649,14,0.063124,0.058171,0.914423,0.085411,0.614614,6.0000,0.539570,0.813924
16,650,3,0.243985,0.177335,0.588122,0.162581,0.256247,3.0000,0.646924,0.347334
16,651,4,0.197461,0.083404,0.791872,0.538017,0.584093,2.0000,0.590595,0.529516
16,652,7,0.091155,0.052675,0.921045,0.180332,0.465890,8.0000,0.565035,0.786315
16,653,8,0.087004,0.051040,0.927087,0.155759,0.592338,2.0000,0.494998,0.798327
16,654,9,0.083438,0.048381,0.929641,0.103711,0.554393,8.0000,0.567710,0.803404
16,655,10,0.082517,0.046221,0.941276,0.102375,0.613821,7.0000,0.653717,0.826535
16,656,10,0.082517,0.046217,0.941283,0.102424,0.613812,6.0000,0.582168,0.826548
16,657,10,0.082517,0.046217,0.941283,0.102424,0.613812,1.0000,0.566351,0.826548
16,658,10,0.082434,0.035590,0.947553,0.096770,0.703074,9.0000,0.581615,0.839013
16,659,11,0.066306,0.039018,0.948025,0.092112,0.651193,3.0000,0.601121,0.839953
16,660,4,0.287774,0.039452,0.809493,0.749785,0.990154,7.0000,0.703413,0.517637
16,661,4,0.287765,0.038982,0.809922,0.751622,0.992145,2.0000,0.657806,0.518510
16,662,8,0.125631,0.067221,0.928910,0.116609,0.556483,5.0000,0.553750,0.760772
16,663,8,0.125631,0.067221,0.928910,0.116609,0.556483,4.0000,0.511657,0.760772
16,664,8,0.076802,0.037520,0.977842,0.119340,0.480447,7.0000,0.561836,0.860398
16,665,9,0.073082,0.035441,0.980747,0.076104,0.433830,8.0000,0.601358,0.866314
16,666,10,0.068721,0.032434,0.993675,0.089907,0.497563,8.0000,0.611597,0.892635
16,667,10,0.068721,0.032434,0.993675,0.089907,0.497563,7.0000,0.587491,0.892635
16,668,10,0.068721,0.032434,0.993675,0.089907,0.497563,5.0000,0.611617,0.892635
16,669,10,0.068460,0.031755,0.994333,0.090862,0.506368,7.0000,0.590440,0.893975
16,670,3,0.263293,0.079179,0.750844,0.652599,0.482637,4.0000,0.695658,0.370595
16,671,4,0.160906,0.068061,0.847913,0.286393,0.341813,6.0000,0.669147,0.569490
16,672,6,0.152057,0.095831,0.856267,0.296262,0.590120,8.0000,0.561977,0.586607
16,673,7,0.078732,0.038313,0.954833,0.064841,0.308779,11.0000,0.528638,0.788569
16,674,8,0.074416,0.036429,0.957090,0.079040,0.447959,5.0000,0.626837,0.793193
16,675,8,0.074416,0.036429,0.957090,0.079040,0.447959,5.0000,0.645148,0.793193
16,676,9,0.071170,0.046702,0.957437,0.072389,0.436140,4.0000,0.662946,0.793904
16,677,12,0.064731,0.043490,0.992423,0.040398,0.604081,7.0000,0.573626,0.865591
16,678,13,0.064007,0.042298,0.992734,0.048286,0.639558,9.0000,0.570423,0.866228
16,679,13,0.064007,0.042298,0.992734,0.048286,0.639558,9.0000,0.550569,0.866228
16,680,2,0.285758,0.082786,0.706488,0.000000,0.205216,5.0000,0.723210,0.412784
16,681,6,0.148601,0.056427,0.874475,0.111455,0.714347,7.0000,0.635921,0.600036
16,682,8,0.148401,0.049691,0.875202,0.132275,0.932060,8.0000,0.568605,0.601541
16,683,12,0.108659,0.061297,0.914793,0.113659,0.934946,12.0000,0.575775,0.683495
16,684,13,0.091573,0.059534,0.939634,0.103910,0.887034,9.0000,0.651684,0.734916
16,685,11,0.089556,0.028866,0.945632,0.116569,0.837303,9.0000,0.650971,0.747333
16,686,12,0.071233,0.030532,0.953499,0.116031,0.736880,10.0000,0.545509,0.763617
16,687,14,0.065034,0.036888,0.970327,0.082807,0.656563,9.0000,0.544915,0.798451
16,688,16,0.065034,0.059736,0.970782,0.052276,0.621483,5.0000,0.600715,0.799393
16,689,17,0.052101,0.052630,0.988299,0.053931,0.515649,12.0000,0.629443,0.835655
16,690,1,0.827145,0.006549,0.393976,0.000000,1.000000,2.0000,0.760177,0.194965
16,691,2,0.336843,0.129378,0.623022,0.000000,0.141265,4.0000,0.571194,0.194965
16,692,6,0.183064,0.138627,0.732772,0.142722,0.555403,7.0000,0.530659,0.401214
16,693,8,0.125833,0.089404,0.917195,0.132907,0.519984,16.0000,0.607683,0.669908
16,694,9,0.112999,0.071753,0.962519,0.087463,0.653691,9.0000,0.666196,0.765372
16,695,11,0.112409,0.067523,0.963200,0.085660,0.754247,8.0000,0.638465,0.766806
16,696,13,0.075926,0.066631,0.980255,0.065766,0.606883,11.0000,0.540591,0.802728
16,697,14,0.060271,0.055896,0.999591,0.062717,0.549182,9.0000,0.537119,0.843455
16,698,15,0.050317,0.038708,1.008899,0.065305,0.684660,12.0000,0.594446,0.863060
16,699,16,0.048449,0.038602,1.009554,0.056748,0.698630,8.0000,0.570972,0.864440
16,700,4,0.294776,0.026693,0.837602,0.815213,1.095393,6.0000,0.649025,0.499431
16,701,3,0.294834,0.011362,0.840671,0.884931,0.798383,2.0000,0.593687,0.505859
16,702,6,0.259067,0.016939,0.866010,0.052051,1.244616,9.0000,0.511888,0.558927
16,703,9,0.112461,0.056596,0.934769,0.128615,0.909443,11.0000,0.569452,0.702934
16,704,10,0.110439,0.064087,0.935774,0.095073,0.919209,10.0000,0.713478,0.705037
16,705,12,0.106154,0.067164,0.976512,0.095297,0.755359,8.0000,0.649566,0.790357
16,706,12,0.107696,0.061499,0.988346,0.094797,0.805636,8.0000,0.554316,0.815143
16,707,14,0.100453,0.057531,0.994333,0.085569,0.724165,8.0000,0.508496,0.827681
16,708,15,0.052991,0.028774,1.032896,0.063477,0.677293,11.0000,0.543525,0.908446
16,709,15,0.051988,0.027043,1.033707,0.063493,0.695853,7.0000,0.596143,0.910144
16,710,3,0.276392,0.069583,0.802644,0.767331,0.649890,9.0000,0.732464,0.428636
16,711,4,0.202008,0.085365,0.867508,0.044615,0.586641,6.0000,0.637517,0.565255
16,712,8,0.122999,0.052334,0.961472,0.082915,0.634920,13.0000,0.518850,0.763166
16,713,11,0.088509,0.063941,0.978162,0.071859,0.663947,7.0000,0.585669,0.798319
16,714,14,0.069904,0.060719,0.986872,0.057416,0.653359,8.0000,0.682741,0.816666
16,715,14,0.069324,0.059570,0.987369,0.057282,0.652861,7.0000,0.624162,0.817712
16,716,15,0.069324,0.062141,0.987972,0.055007,0.591371,6.0000,0.594248,0.818982
16,717,16,0.069004,0.060226,0.989165,0.053232,0.645068,7.0000,0.579425,0.821496
16,718,16,0.069004,0.060226,0.989165,0.053232,0.645068,5.0000,0.630222,0.821496
16,719,16,0.069004,0.060226,0.989165,0.053232,0.645068,8.0000,0.593954,0.821496
16,720,4,0.280221,0.091340,0.785833,0.775669,0.982336,6.0000,0.720735,0.416545
16,721,4,0.240979,0.024528,0.888185,0.102509,0.850750,5.0000,0.603976,0.628416
16,722,7,0.224480,0.027590,0.934774,0.046567,1.074115,6.0000,0.527719,0.724856
16,723,9,0.210163,0.022349,0.943382,0.055733,1.087599,7.0000,0.580609,0.742676
16,724,10,0.161698,0.041846,0.951391,0.179891,0.984005,8.0000,0.655917,0.759254
16,725,10,0.161698,0.041846,0.951391,0.179891,0.984005,3.0000,0.611963,0.759254
16,726,11,0.161683,0.055624,0.951880,0.052225,0.995684,5.0000,0.556825,0.760265
16,727,10,0.127631,0.019294,0.996628,0.131523,0.913603,13.0000,0.585823,0.852895
16,728,9,0.127625,0.019595,0.996800,0.131164,0.863894,10.0000,0.628689,0.853251
16,729,9,0.127625,0.019595,0.996800,0.131164,0.863894,3.0000,0.649612,0.853251
16,730,2,0.357071,0.000531,0.764469,0.000000,0.000729,3.0000,0.723753,0.398512
16,731,3,0.211107,0.001936,0.862221,0.395300,0.330404,3.0000,0.609341,0.598807
16,732,5,0.133634,0.061030,0.887920,0.288291,0.411041,4.0000,0.584337,0.651464
16,733,7,0.119536,0.075428,0.901931,0.246956,0.643877,8.0000,0.597972,0.680172
16,734,8,0.119536,0.082303,0.902831,0.243481,0.738964,6.0000,0.652606,0.682016
16,735,10,0.076464,0.081583,0.957074,0.101344,0.472399,7.0000,0.642416,0.793161
16,736,10,0.076464,0.081583,0.957074,0.101344,0.472399,3.0000,0.589427,0.793161
16,737,10,0.076464,0.081583,0.957074,0.101344,0.472399,2.0000,0.568576,0.793161
16,738,10,0.076464,0.081583,0.957074,0.101344,0.472399,7.0000,0.594428,0.793161
16,739,8,0.076237,0.043660,0.987894,0.148022,0.596649,17.0000,0.611658,0.856311
16,740,3,0.516339,0.100716,0.539966,0.192012,0.835970,3.0000,0.727127,0.297482
16,741,8,0.134156,0.053151,0.870310,0.265383,0.876747,8.0000,0.622520,0.698658
16,742,10,0.129506,0.064480,0.916394,0.089695,0.652460,10.0000,0.589724,0.735291
16,743,9,0.127055,0.044071,0.929166,0.069869,0.758848,8.0000,0.586440,0.761293
16,744,10,0.126061,0.042322,0.929278,0.057568,0.807469,7.0000,0.640174,0.761523
16,745,10,0.125792,0.041442,0.932025,0.054463,0.809456,9.0000,0.647308,0.767116
16,746,11,0.061515,0.040224,0.955782,0.107592,0.656900,11.0000,0.615250,0.815484
16,747,12,0.060420,0.038599,0.957825,0.103379,0.721127,8.0000,0.598620,0.819644
16,748,13,0.057568,0.037988,0.972455,0.053503,0.650725,8.0000,0.572951,0.849432
16,749,13,0.057568,0.037988,0.972455,0.053503,0.650725,7.0000,0.568732,0.849432
16,750,1,0.846132,0.000607,0.466619,0.000000,1.000000,2.0000,0.705765,0.209637
16,751,3,0.191188,0.057998,0.804568,0.222496,0.168320,8.0000,0.633417,0.554756
16,752,5,0.182876,0.057882,0.824383,0.485883,0.733311,8.0000,0.580708,0.594150
16,753,7,0.176438,0.062738,0.836180,0.408946,0.794706,7.0000,0.604988,0.617601
16,754,8,0.105176,0.065302,0.892690,0.199273,0.559972,7.0000,0.601111,0.729945
16,755,8,0.101303,0.064258,0.909460,0.138957,0.521661,8.0000,0.590181,0.763285
16,756,10,0.097200,0.085042,0.910830,0.095747,0.449460,6.0000,0.619049,0.766008
16,757,11,0.095250,0.081029,0.914866,0.090408,0.547237,7.0000,0.612657,0.774032
16,758,12,0.086853,0.039641,0.955010,0.114142,0.744467,7.0000,0.638816,0.853839
16,759,13,0.053546,0.033612,0.974379,0.073517,0.714679,7.0000,0.600881,0.892345
16,760,1,0.835761,0.158881,0.277595,0.000000,1.000000,1.0000,0.713465,0.000000
16,761,5,0.127438,0.083027,0.785607,0.163891,0.332262,9.0000,0.641503,0.606267
16,762,11,0.096598,0.067385,0.873930,0.067181,0.600287,9.0000,0.537561,0.751123
16,763,11,0.085395,0.068940,0.883036,0.065207,0.555710,1.0000,0.555448,0.768811
16,764,12,0.081405,0.070756,0.885831,0.055825,0.473077,8.0000,0.600695,0.774240
16,765,13,0.079743,0.069029,0.886305,0.044691,0.506388,5.0000,0.640274,0.775161
16,766,16,0.066613,0.057786,0.917976,0.048611,0.463734,9.0000,0.613888,0.820824
16,767,18,0.065335,0.050367,0.923610,0.052231,0.657005,10.0000,0.613938,0.831768
16,768,18,0.065335,0.050367,0.923610,0.052231,0.657005,4.0000,0.623829,0.831768
16,769,18,0.065335,0.050367,0.923610,0.052231,0.657005,5.0000,0.545315,0.831768
16,770,1,0.821128,0.077796,0.251656,0.000000,1.000000,1.0000,0.677655,0.116703
16,771,1,0.821128,0.077796,0.251656,0.000000,1.000000,0.0000,0.584630,0.116703
16,772,3,0.509034,0.055812,0.464385,0.110105,0.804646,6.0000,0.494232,0.427105
16,773,6,0.137070,0.070028,0.781057,0.266243,0.638569,10.0000,0.505620,0.675812
16,774,8,0.135318,0.070511,0.797757,0.239297,0.830006,10.0000,0.571662,0.702556
16,775,10,0.123918,0.070803,0.826231,0.090797,0.838713,7.0000,0.633476,0.757422
16,776,10,0.123918,0.070803,0.826231,0.090797,0.838713,6.0000,0.548115,0.757422
16,777,11,0.123918,0.068428,0.827228,0.091702,0.887170,8.0000,0.589798,0.758071
16,778,13,0.092408,0.053195,0.861746,0.086054,0.866247,8.0000,0.665680,0.801701
16,779,13,0.074348,0.052032,0.885017,0.114124,0.857775,5.0000,0.638961,0.846541
16,780,1,0.661256,0.135577,0.278019,0.000000,1.000000,1.0000,0.672188,0.217010
16,781,4,0.149350,0.073767,0.728567,0.064083,0.479365,5.0000,0.569311,0.643555
16,782,7,0.099708,0.064467,0.779272,0.187095,0.549405,7.0000,0.534271,0.717492
16,783,9,0.094303,0.073178,0.787743,0.092271,0.611912,5.0000,0.583949,0.733800
16,784,9,0.094303,0.073178,0.787743,0.092271,0.611912,1.0000,0.578622,0.733800
16,785,12,0.066228,0.050841,0.840023,0.101457,0.739446,7.0000,0.586993,0.819049
16,786,13,0.066140,0.049760,0.840303,0.103382,0.811485,6.0000,0.678142,0.819589
16,787,13,0.065743,0.049256,0.840831,0.102924,0.810008,4.0000,0.714967,0.820605
16,788,13,0.056025,0.032891,0.849133,0.104923,0.813744,5.0000,0.568998,0.836586
16,789,12,0.055495,0.030548,0.850326,0.103261,0.750134,3.0000,0.569773,0.838883
16,790,2,0.296933,0.076975,0.583959,0.000000,0.222208,2.0000,0.708619,0.452288
16,791,2,0.296933,0.076975,0.583959,0.000000,0.222208,1.0000,0.662312,0.452288
16,792,5,0.113467,0.069669,0.752164,0.182257,0.443022,8.0000,0.550026,0.730917
16,793,6,0.104339,0.075273,0.757668,0.205081,0.572681,3.0000,0.555598,0.741762
16,794,6,0.104339,0.075273,0.757668,0.205081,0.572681,3.0000,0.569647,0.741762
16,795,6,0.104339,0.075273,0.757668,0.205081,0.572681,2.0000,0.636410,0.741762
16,796,7,0.104011,0.079321,0.758440,0.200967,0.686245,4.0000,0.606327,0.743283
16,797,6,0.096550,0.043318,0.785492,0.244524,0.643516,7.0000,0.642339,0.796585
16,798,6,0.095507,0.037503,0.787385,0.239042,0.651074,7.0000,0.592519,0.800315
16,799,7,0.085754,0.034931,0.814635,0.183493,0.704123,5.0000,0.603110,0.819998
16,800,2,0.320561,0.161821,0.448037,0.000000,0.310796,2.0000,0.716194,0.266173
16,801,3,0.231957,0.148083,0.562139,0.161033,0.359902,2.0000,0.646064,0.473162
16,802,4,0.215469,0.128900,0.606602,0.286990,0.428161,2.0000,0.529246,0.511454
16,803,6,0.145197,0.076118,0.714496,0.189537,0.694766,3.0000,0.530769,0.665464
16,804,6,0.145197,0.076118,0.714496,0.189537,0.694766,2.0000,0.672792,0.665464
16,805,8,0.124619,0.062094,0.746765,0.048466,0.689596,4.0000,0.622888,0.728784
16,806,9,0.102130,0.080623,0.747064,0.084639,0.548054,4.0000,0.615588,0.729370
16,807,10,0.090005,0.078640,0.769213,0.045923,0.476772,2.0000,0.606542,0.772830
16,808,10,0.085496,0.049873,0.789122,0.059040,0.557844,7.0000,0.600803,0.811896
16,809,12,0.063720,0.055200,0.792945,0.043375,0.453844,6.0000,0.626823,0.819399
16,810,1,0.770737,0.163836,0.150919,0.000000,1.000000,1.0000,0.673209,0.055518
16,811,2,0.481920,0.116653,0.367240,0.000000,0.746075,1.0000,0.558778,0.383297
16,812,5,0.286009,0.134456,0.467411,0.045976,0.413276,6.0000,0.471335,0.470348
16,813,5,0.206935,0.080610,0.541390,0.035440,0.372007,8.0000,0.589841,0.566867
16,814,8,0.114687,0.089190,0.639840,0.096658,0.461066,5.0000,0.681213,0.667891
16,815,10,0.109687,0.081288,0.664146,0.048281,0.533172,6.0000,0.607000,0.717318
16,816,11,0.105938,0.077333,0.673039,0.044794,0.570531,3.0000,0.552475,0.735403
16,817,11,0.063982,0.058425,0.750035,0.076652,0.537696,5.0000,0.580710,0.797321
16,818,10,0.059899,0.052326,0.767222,0.055240,0.467779,4.0000,0.660853,0.832271
16,819,10,0.059899,0.052326,0.767222,0.055240,0.467779,4.0000,0.679105,0.832271
16,820,0,,,,,,0.0000,0.685123,0.000000
16,821,0,,,,,,0.0000,0.693236,0.000000
16,822,0,,,,,,0.0000,0.645017,0.000000
16,823,0,,,,,,0.0000,0.634116,0.000000
16,824,0,,,,,,0.0000,0.659736,0.000000
16,825,0,,,,,,0.0000,0.696927,0.000000
16,826,0,,,,,,0.0000,0.690888,0.000000
16,827,0,,,,,,0.0000,0.629339,0.000000
16,828,0,,,,,,0.0000,0.599590,0.000000
16,829,0,,,,,,0.0000,0.659269,0.000000
16,830,0,,,,,,0.0000,0.679410,0.000000
16,831,0,,,,,,0.0000,0.624425,0.000000
16,832,0,,,,,,0.0000,0.576554,0.000000
16,833,0,,,,,,0.0000,0.624004,0.000000
16,834,0,,,,,,0.0000,0.683616,0.000000
16,835,0,,,,,,0.0000,0.679307,0.000000
16,836,0,,,,,,0.0000,0.589930,0.000000
16,837,0,,,,,,0.0000,0.629917,0.000000
16,838,0,,,,,,0.0000,0.709498,0.000000
16,839,0,,,,,,0.0000,0.680206,0.000000
16,840,0,,,,,,0.0000,0.618838,0.000000
16,841,0,,,,,,0.0000,0.629138,0.000000
16,842,0,,,,,,0.0000,0.667004,0.000000
16,843,0,,,,,,0.0000,0.735824,0.000000
16,844,0,,,,,,0.0000,0.625477,0.000000
16,845,0,,,,,,0.0000,0.588486,0.000000
16,846,0,,,,,,0.0000,0.633929,0.000000
16,847,0,,,,,,0.0000,0.670005,0.000000
16,848,0,,,,,,0.0000,0.638353,0.000000
16,849,0,,,,,,0.0000,0.620158,0.000000
16,850,0,,,,,,0.0000,0.636673,0.000000
16,851,0,,,,,,0.0000,0.642554,0.000000
16,852,0,,,,,,0.0000,0.659476,0.000000
16,853,0,,,,,,0.0000,0.654566,0.000000
16,854,0,,,,,,0.0000,0.624158,0.000000
16,855,0,,,,,,0.0000,0.596194,0.000000
16,856,0,,,,,,0.0000,0.656346,0.000000
16,857,0,,,,,,0.0000,0.697792,0.000000
16,858,0,,,,,,0.0000,0.622597,0.000000
16,859,0,,,,,,0.0000,0.585427,0.000000
16,860,0,,,,,,0.0000,0.661292,0.000000
16,861,0,,,,,,0.0000,0.679763,0.000000
16,862,0,,,,,,0.0000,0.616335,0.000000
16,863,0,,,,,,0.0000,0.615513,0.000000
16,864,0,,,,,,0.0000,0.612379,0.000000
16,865,0,,,,,,0.0000,0.628681,0.000000
16,866,0,,,,,,0.0000,0.666455,0.000000
16,867,0,,,,,,0.0000,0.669972,0.000000
16,868,0,,,,,,0.0000,0.607814,0.000000
16,869,0,,,,,,0.0000,0.598338,0.000000
16,870,0,,,,,,0.0000,0.642367,0.000000
16,871,0,,,,,,0.0000,0.668136,0.000000
16,872,0,,,,,,0.0000,0.640816,0.000000
16,873,0,,,,,,0.0000,0.622227,0.000000
16,874,0,,,,,,0.0000,0.654269,0.000000
16,875,0,,,,,,0.0000,0.685878,0.000000
16,876,0,,,,,,0.0000,0.641356,0.000000
16,877,0,,,,,,0.0000,0.631479,0.000000
16,878,0,,,,,,0.0000,0.628438,0.000000
16,879,0,,,,,,0.0000,0.675467,0.000000
16,880,0,,,,,,0.0000,0.655650,0.000000
16,881,0,,,,,,0.0000,0.616676,0.000000
16,882,0,,,,,,0.0000,0.606439,0.000000
16,883,0,,,,,,0.0000,0.634617,0.000000
16,884,0,,,,,,0.0000,0.672827,0.000000
16,885,0,,,,,,0.0000,0.644213,0.000000
16,886,0,,,,,,0.0000,0.619470,0.000000
16,887,0,,,,,,0.0000,0.601090,0.000000
16,888,0,,,,,,0.0000,0.653490,0.000000
16,889,0,,,,,,0.0000,0.658608,0.000000
16,890,0,,,,,,0.0000,0.619320,0.000000
16,891,0,,,,,,0.0000,0.614417,0.000000
16,892,0,,,,,,0.0000,0.660517,0.000000
16,893,0,,,,,,0.0000,0.662502,0.000000
16,894,0,,,,,,0.0000,0.646950,0.000000
16,895,0,,,,,,0.0000,0.644873,0.000000
16,896,0,,,,,,0.0000,0.634570,0.000000
16,897,0,,,,,,0.0000,0.634646,0.000000
16,898,0,,,,,,0.0000,0.656639,0.000000
16,899,0,,,,,,0.0000,0.686354,0.000000
16,900,0,,,,,,0.0000,0.649632,0.000000
16,901,0,,,,,,0.0000,0.604737,0.000000
16,902,0,,,,,,0.0000,0.628899,0.000000
16,903,0,,,,,,0.0000,0.680234,0.000000
16,904,0,,,,,,0.0000,0.674064,0.000000
16,905,0,,,,,,0.0000,0.622985,0.000000
16,906,0,,,,,,0.0000,0.619257,0.000000
16,907,0,,,,,,0.0000,0.620033,0.000000
16,908,0,,,,,,0.0000,0.678088,0.000000
16,909,0,,,,,,0.0000,0.668784,0.000000
16,910,0,,,,,,0.0000,0.607505,0.000000
16,911,0,,,,,,0.0000,0.607725,0.000000
16,912,0,,,,,,0.0000,0.647243,0.000000
16,913,0,,,,,,0.0000,0.672891,0.000000
16,914,0,,,,,,0.0000,0.649363,0.000000
16,915,0,,,,,,0.0000,0.616208,0.000000
16,916,0,,,,,,0.0000,0.609947,0.000000
16,917,0,,,,,,0.0000,0.627604,0.000000
16,918,0,,,,,,0.0000,0.640261,0.000000
16,919,0,,,,,,0.0000,0.647535,0.000000
16,920,0,,,,,,0.0000,0.618118,0.000000
16,921,0,,,,,,0.0000,0.626495,0.000000
16,922,0,,,,,,0.0000,0.685104,0.000000
16,923,0,,,,,,0.0000,0.631408,0.000000
16,924,0,,,,,,0.0000,0.606415,0.000000
16,925,0,,,,,,0.0000,0.640994,0.000000
16,926,0,,,,,,0.0000,0.664995,0.000000
16,927,0,,,,,,0.0000,0.671475,0.000000
16,928,0,,,,,,0.0000,0.650817,0.000000
16,929,0,,,,,,0.0000,0.636275,0.000000
16,930,0,,,,,,0.0000,0.649817,0.000000
16,931,0,,,,,,0.0000,0.648771,0.000000
16,932,0,,,,,,0.0000,0.639317,0.000000
16,933,0,,,,,,0.0000,0.644283,0.000000
16,934,0,,,,,,0.0000,0.654912,0.000000
16,935,0,,,,,,0.0000,0.625576,0.000000
16,936,0,,,,,,0.0000,0.640394,0.000000
16,937,0,,,,,,0.0000,0.680861,0.000000
16,938,0,,,,,,0.0000,0.681347,0.000000
16,939,0,,,,,,0.0000,0.666071,0.000000
16,940,0,,,,,,0.0000,0.616299,0.000000
16,941,0,,,,,,0.0000,0.627507,0.000000
16,942,0,,,,,,0.0000,0.675427,0.000000
16,943,0,,,,,,0.0000,0.667987,0.000000
16,944,0,,,,,,0.0000,0.609466,0.000000
16,945,0,,,,,,0.0000,0.645177,0.000000
16,946,0,,,,,,0.0000,0.659443,0.000000
16,947,0,,,,,,0.0000,0.637943,0.000000
16,948,0,,,,,,0.0000,0.627058,0.000000
16,949,0,,,,,,0.0000,0.643002,0.000000
16,950,0,,,,,,0.0000,0.660903,0.000000
16,951,0,,,,,,0.0000,0.657966,0.000000
16,952,0,,,,,,0.0000,0.623744,0.000000
16,953,0,,,,,,0.0000,0.610123,0.000000
16,954,0,,,,,,0.0000,0.658966,0.000000
16,955,0,,,,,,0.0000,0.651131,0.000000
16,956,0,,,,,,0.0000,0.652941,0.000000
16,957,0,,,,,,0.0000,0.647939,0.000000
16,958,0,,,,,,0.0000,0.651951,0.000000
16,959,0,,,,,,0.0000,0.638058,0.000000
16,960,0,,,,,,0.0000,0.657878,0.000000
16,961,0,,,,,,0.0000,0.643400,0.000000
16,962,0,,,,,,0.0000,0.632805,0.000000
16,963,0,,,,,,0.0000,0.650304,0.000000
16,964,0,,,,,,0.0000,0.671431,0.000000
16,965,0,,,,,,0.0000,0.640446,0.000000
16,966,0,,,,,,0.0000,0.636716,0.000000
16,967,0,,,,,,0.0000,0.626671,0.000000
16,968,0,,,,,,0.0000,0.662738,0.000000
16,969,0,,,,,,0.0000,0.646586,0.000000
16,970,0,,,,,,0.0000,0.676034,0.000000
16,971,0,,,,,,0.0000,0.671212,0.000000
16,972,0,,,,,,0.0000,0.626375,0.000000
16,973,0,,,,,,0.0000,0.631664,0.000000
16,974,0,,,,,,0.0000,0.644745,0.000000
16,975,0,,,,,,0.0000,0.661681,0.000000
16,976,0,,,,,,0.0000,0.611934,0.000000
16,977,0,,,,,,0.0000,0.634076,0.000000
16,978,0,,,,,,0.0000,0.655545,0.000000
16,979,0,,,,,,0.0000,0.634646,0.000000
16,980,0,,,,,,0.0000,0.597533,0.000000
16,981,0,,,,,,0.0000,0.648005,0.000000
16,982,0,,,,,,0.0000,0.643243,0.000000
16,983,0,,,,,,0.0000,0.663030,0.000000
16,984,0,,,,,,0.0000,0.623082,0.000000
16,985,0,,,,,,0.0000,0.623726,0.000000
16,986,0,,,,,,0.0000,0.651058,0.000000
16,987,0,,,,,,0.0000,0.648903,0.000000
16,988,0,,,,,,0.0000,0.650031,0.000000
16,989,0,,,,,,0.0000,0.651383,0.000000
16,990,0,,,,,,0.0000,0.671668,0.000000
16,991,0,,,,,,0.0000,0.618959,0.000000
16,992,0,,,,,,0.0000,0.617918,0.000000
16,993,0,,,,,,0.0000,0.648938,0.000000
16,994,0,,,,,,0.0000,0.659807,0.000000
16,995,0,,,,,,0.0000,0.606109,0.000000
16,996,0,,,,,,0.0000,0.631177,0.000000
16,997,0,,,,,,0.0000,0.657181,0.000000
16,998,0,,,,,,0.0000,0.666018,0.000000
16,999,0,,,,,,0.0000,0.629458,0.000000
16,1000,0,,,,,,0.0000,0.629241,0.000000
17,1,11,0.136278,0.106906,0.538461,0.146722,0.661741,26.0000,0.634043,0.653464
17,2,9,0.059609,0.032192,0.651619,0.189278,0.720240,8.0000,0.589967,0.802153
17,3,9,0.059609,0.032192,0.651619,0.189278,0.720240,2.0000,0.628619,0.802153
17,4,10,0.058582,0.034266,0.660570,0.179401,0.666551,3.0000,0.632300,0.819715
17,5,11,0.058010,0.029823,0.664719,0.180340,0.729182,6.0000,0.613595,0.827858
17,6,12,0.057227,0.029016,0.668399,0.175878,0.760930,6.0000,0.562369,0.835078
17,7,14,0.054037,0.031271,0.672175,0.162026,0.658702,8.0000,0.606891,0.841789
17,8,14,0.054002,0.028822,0.675315,0.165962,0.739665,8.0000,0.631874,0.847951
17,9,15,0.053568,0.028319,0.682995,0.043170,0.734396,5.0000,0.647166,0.853303
17,10,0,,,,,,0.0000,0.587162,0.000000
17,11,0,,,,,,0.0000,0.615181,0.000000
17,12,0,,,,,,0.0000,0.633184,0.000000
17,13,0,,,,,,0.0000,0.637297,0.000000
17,14,0,,,,,,0.0000,0.600219,0.000000
17,15,0,,,,,,0.0000,0.608884,0.000000
17,16,0,,,,,,0.0000,0.629271,0.000000
17,17,0,,,,,,0.0000,0.613333,0.000000
17,18,0,,,,,,0.0000,0.605259,0.000000
17,19,0,,,,,,0.0000,0.589139,0.000000
17,20,0,,,,,,0.0000,0.614474,0.000000
17,21,0,,,,,,0.0000,0.629918,0.000000
17,22,0,,,,,,0.0000,0.651023,0.000000
17,23,0,,,,,,0.0000,0.649536,0.000000
17,24,0,,,,,,0.0000,0.598894,0.000000
17,25,0,,,,,,0.0000,0.583413,0.000000
17,26,0,,,,,,0.0000,0.598317,0.000000
17,27,0,,,,,,0.0000,0.663202,0.000000
17,28,0,,,,,,0.0000,0.622474,0.000000
17,29,0,,,,,,0.0000,0.557961,0.000000
17,30,0,,,,,,0.0000,0.591083,0.000000
17,31,0,,,,,,0.0000,0.626978,0.000000
17,32,0,,,,,,0.0000,0.638728,0.000000
17,33,0,,,,,,0.0000,0.629091,0.000000
17,34,0,,,,,,0.0000,0.632528,0.000000
17,35,0,,,,,,0.0000,0.592865,0.000000
17,36,0,,,,,,0.0000,0.588796,0.000000
17,37,0,,,,,,0.0000,0.644020,0.000000
17,38,0,,,,,,0.0000,0.633756,0.000000
17,39,0,,,,,,0.0000,0.617347,0.000000
17,40,0,,,,,,0.0000,0.634638,0.000000
17,41,0,,,,,,0.0000,0.637999,0.000000
17,42,0,,,,,,0.0000,0.571215,0.000000
17,43,0,,,,,,0.0000,0.558983,0.000000
17,44,0,,,,,,0.0000,0.632490,0.000000
17,45,0,,,,,,0.0000,0.660949,0.000000
17,46,0,,,,,,0.0000,0.597769,0.000000
17,47,0,,,,,,0.0000,0.574972,0.000000
17,48,0,,,,,,0.0000,0.643520,0.000000
17,49,0,,,,,,0.0000,0.633586,0.000000
17,50,0,,,,,,0.0000,0.615028,0.000000
17,51,0,,,,,,0.0000,0.604021,0.000000
17,52,0,,,,,,0.0000,0.600462,0.000000
17,53,0,,,,,,0.0000,0.603413,0.000000
17,54,0,,,,,,0.0000,0.621216,0.000000
17,55,0,,,,,,0.0000,0.625251,0.000000
17,56,0,,,,,,0.0000,0.616481,0.000000
17,57,0,,,,,,0.0000,0.588954,0.000000
17,58,0,,,,,,0.0000,0.608034,0.000000
17,59,0,,,,,,0.0000,0.621122,0.000000
17,60,0,,,,,,0.0000,0.642822,0.000000
17,61,0,,,,,,0.0000,0.621302,0.000000
17,62,0,,,,,,0.0000,0.598423,0.000000
17,63,0,,,,,,0.0000,0.608920,0.000000
17,64,0,,,,,,0.0000,0.647571,0.000000
17,65,0,,,,,,0.0000,0.621098,0.000000
17,66,0,,,,,,0.0000,0.579444,0.000000
17,67,0,,,,,,0.0000,0.610433,0.000000
17,68,0,,,,,,0.0000,0.673114,0.000000
17,69,0,,,,,,0.0000,0.609557,0.000000
17,70,0,,,,,,0.0000,0.562815,0.000000
17,71,0,,,,,,0.0000,0.623350,0.000000
17,72,0,,,,,,0.0000,0.642031,0.000000
17,73,0,,,,,,0.0000,0.610403,0.000000
17,74,0,,,,,,0.0000,0.591980,0.000000
17,75,0,,,,,,0.0000,0.589502,0.000000
17,76,0,,,,,,0.0000,0.637134,0.000000
17,77,0,,,,,,0.0000,0.638328,0.000000
17,78,0,,,,,,0.0000,0.577244,0.000000
17,79,0,,,,,,0.0000,0.557260,0.000000
17,80,0,,,,,,0.0000,0.613376,0.000000
17,81,0,,,,,,0.0000,0.623028,0.000000
17,82,0,,,,,,0.0000,0.630591,0.000000
17,83,0,,,,,,0.0000,0.618738,0.000000
17,84,0,,,,,,0.0000,0.594975,0.000000
17,85,0,,,,,,0.0000,0.609781,0.000000
17,86,0,,,,,,0.0000,0.631382,0.000000
17,87,0,,,,,,0.0000,0.579829,0.000000
17,88,0,,,,,,0.0000,0.593844,0.000000
17,89,0,,,,,,0.0000,0.613223,0.000000
17,90,0,,,,,,0.0000,0.619084,0.000000
17,91,0,,,,,,0.0000,0.597138,0.000000
17,92,0,,,,,,0.0000,0.620714,0.000000
17,93,0,,,,,,0.0000,0.636021,0.000000
17,94,0,,,,,,0.0000,0.629809,0.000000
17,95,0,,,,,,0.0000,0.623076,0.000000
17,96,0,,,,,,0.0000,0.637591,0.000000
17,97,0,,,,,,0.0000,0.611786,0.000000
17,98,0,,,,,,0.0000,0.561004,0.000000
17,99,0,,,,,,0.0000,0.601693,0.000000
17,100,0,,,,,,0.0000,0.636184,0.000000
17,101,0,,,,,,0.0000,0.612546,0.000000
17,102,0,,,,,,0.0000,0.585969,0.000000
17,103,0,,,,,,0.0000,0.622744,0.000000
17,104,0,,,,,,0.0000,0.615323,0.000000
17,105,0,,,,,,0.0000,0.590460,0.000000
17,106,0,,,,,,0.0000,0.593584,0.000000
17,107,0,,,,,,0.0000,0.597290,0.000000
17,108,0,,,,,,0.0000,0.600859,0.000000
17,109,0,,,,,,0.0000,0.613569,0.000000
17,110,0,,,,,,0.0000,0.585722,0.000000
17,111,0,,,,,,0.0000,0.583835,0.000000
17,112,0,,,,,,0.0000,0.616655,0.000000
17,113,0,,,,,,0.0000,0.639670,0.000000
17,114,0,,,,,,0.0000,0.601121,0.000000
17,115,0,,,,,,0.0000,0.595839,0.000000
17,116,0,,,,,,0.0000,0.612367,0.000000
17,117,0,,,,,,0.0000,0.626276,0.000000
17,118,0,,,,,,0.0000,0.605904,0.000000
17,119,0,,,,,,0.0000,0.592331,0.000000
17,120,0,,,,,,0.0000,0.626298,0.000000
17,121,0,,,,,,0.0000,0.638199,0.000000
17,122,0,,,,,,0.0000,0.583608,0.000000
17,123,0,,,,,,0.0000,0.617559,0.000000
17,124,0,,,,,,0.0000,0.644321,0.000000
17,125,0,,,,,,0.0000,0.623527,0.000000
17,126,0,,,,,,0.0000,0.588867,0.000000
17,127,0,,,,,,0.0000,0.598028,0.000000
17,128,0,,,,,,0.0000,0.615565,0.000000
17,129,0,,,,,,0.0000,0.615000,0.000000
17,130,0,,,,,,0.0000,0.609277,0.000000
17,131,0,,,,,,0.0000,0.615366,0.000000
17,132,0,,,,,,0.0000,0.628551,0.000000
17,133,0,,,,,,0.0000,0.591104,0.000000
17,134,0,,,,,,0.0000,0.586784,0.000000
17,135,0,,,,,,0.0000,0.602902,0.000000
17,136,0,,,,,,0.0000,0.603035,0.000000
17,137,0,,,,,,0.0000,0.616227,0.000000
17,138,0,,,,,,0.0000,0.580521,0.000000
17,139,0,,,,,,0.0000,0.586685,0.000000
17,140,0,,,,,,0.0000,0.595027,0.000000
17,141,0,,,,,,0.0000,0.587797,0.000000
17,142,0,,,,,,0.0000,0.589570,0.000000
17,143,0,,,,,,0.0000,0.611617,0.000000
17,144,0,,,,,,0.0000,0.610141,0.000000
17,145,0,,,,,,0.0000,0.574228,0.000000
17,146,0,,,,,,0.0000,0.596351,0.000000
17,147,0,,,,,,0.0000,0.647603,0.000000
17,148,0,,,,,,0.0000,0.628689,0.000000
17,149,0,,,,,,0.0000,0.605894,0.000000
17,150,0,,,,,,0.0000,0.625971,0.000000
17,151,0,,,,,,0.0000,0.604511,0.000000
17,152,0,,,,,,0.0000,0.611090,0.000000
17,153,0,,,,,,0.0000,0.630227,0.000000
17,154,0,,,,,,0.0000,0.635818,0.000000
17,155,0,,,,,,0.0000,0.606700,0.000000
17,156,0,,,,,,0.0000,0.621505,0.000000
17,157,0,,,,,,0.0000,0.631579,0.000000
17,158,0,,,,,,0.0000,0.675713,0.000000
17,159,0,,,,,,0.0000,0.623549,0.000000
17,160,0,,,,,,0.0000,0.604407,0.000000
17,161,0,,,,,,0.0000,0.619270,0.000000
17,162,0,,,,,,0.0000,0.619695,0.000000
17,163,0,,,,,,0.0000,0.604801,0.000000
17,164,0,,,,,,0.0000,0.593334,0.000000
17,165,0,,,,,,0.0000,0.621961,0.000000
17,166,0,,,,,,0.0000,0.643540,0.000000
17,167,0,,,,,,0.0000,0.611664,0.000000
17,168,0,,,,,,0.0000,0.587586,0.000000
17,169,0,,,,,,0.0000,0.602262,0.000000
17,170,0,,,,,,0.0000,0.655591,0.000000
17,171,0,,,,,,0.0000,0.619240,0.000000
17,172,0,,,,,,0.0000,0.587233,0.000000
17,173,0,,,,,,0.0000,0.596843,0.000000
17,174,0,,,,,,0.0000,0.612461,0.000000
17,175,0,,,,,,0.0000,0.620274,0.000000
17,176,0,,,,,,0.0000,0.634729,0.000000
17,177,0,,,,,,0.0000,0.628302,0.000000
17,178,0,,,,,,0.0000,0.625789,0.000000
17,179,0,,,,,,0.0000,0.632822,0.000000
17,180,0,,,,,,0.0000,0.646723,0.000000
17,181,0,,,,,,0.0000,0.612117,0.000000
17,182,0,,,,,,0.0000,0.616130,0.000000
17,183,0,,,,,,0.0000,0.619798,0.000000
17,184,0,,,,,,0.0000,0.595986,0.000000
17,185,0,,,,,,0.0000,0.604677,0.000000
17,186,0,,,,,,0.0000,0.643423,0.000000
17,187,0,,,,,,0.0000,0.630497,0.000000
17,188,0,,,,,,0.0000,0.594295,0.000000
17,189,0,,,,,,0.0000,0.599438,0.000000
17,190,0,,,,,,0.0000,0.633495,0.000000
17,191,0,,,,,,0.0000,0.615795,0.000000
17,192,0,,,,,,0.0000,0.588985,0.000000
17,193,0,,,,,,0.0000,0.587287,0.000000
17,194,0,,,,,,0.0000,0.607487,0.000000
17,195,0,,,,,,0.0000,0.605341,0.000000
17,196,0,,,,,,0.0000,0.586691,0.000000
17,197,0,,,,,,0.0000,0.614628,0.000000
17,198,0,,,,,,0.0000,0.631007,0.000000
17,199,0,,,,,,0.0000,0.634041,0.000000
17,200,0,,,,,,0.0000,0.615352,0.000000
17,201,0,,,,,,0.0000,0.606981,0.000000
17,202,0,,,,,,0.0000,0.619481,0.000000
17,203,0,,,,,,0.0000,0.622848,0.000000
17,204,0,,,,,,0.0000,0.592527,0.000000
17,205,0,,,,,,0.0000,0.611453,0.000000
17,206,0,,,,,,0.0000,0.618922,0.000000
17,207,0,,,,,,0.0000,0.613239,0.000000
17,208,0,,,,,,0.0000,0.625177,0.000000
17,209,0,,,,,,0.0000,0.597257,0.000000
17,210,0,,,,,,0.0000,0.620778,0.000000
17,211,0,,,,,,0.0000,0.632059,0.000000
17,212,0,,,,,,0.0000,0.625838,0.000000
17,213,0,,,,,,0.0000,0.588988,0.000000
17,214,0,,,,,,0.0000,0.595005,0.000000
17,215,0,,,,,,0.0000,0.615475,0.000000
17,216,0,,,,,,0.0000,0.570905,0.000000
17,217,0,,,,,,0.0000,0.595414,0.000000
17,218,0,,,,,,0.0000,0.647508,0.000000
17,219,0,,,,,,0.0000,0.623966,0.000000
17,220,0,,,,,,0.0000,0.614280,0.000000
17,221,0,,,,,,0.0000,0.608632,0.000000
17,222,0,,,,,,0.0000,0.606478,0.000000
17,223,0,,,,,,0.0000,0.627262,0.000000
17,224,0,,,,,,0.0000,0.637925,0.000000
17,225,0,,,,,,0.0000,0.582746,0.000000
17,226,0,,,,,,0.0000,0.596847,0.000000
17,227,0,,,,,,0.0000,0.631020,0.000000
17,228,0,,,,,,0.0000,0.651615,0.000000
17,229,0,,,,,,0.0000,0.644028,0.000000
17,230,0,,,,,,0.0000,0.610161,0.000000
17,231,0,,,,,,0.0000,0.592275,0.000000
17,232,0,,,,,,0.0000,0.585623,0.000000
17,233,0,,,,,,0.0000,0.638735,0.000000
17,234,0,,,,,,0.0000,0.616296,0.000000
17,235,0,,,,,,0.0000,0.576335,0.000000
17,236,0,,,,,,0.0000,0.566345,0.000000
17,237,0,,,,,,0.0000,0.619320,0.000000
17,238,0,,,,,,0.0000,0.662863,0.000000
17,239,0,,,,,,0.0000,0.612822,0.000000
17,240,2,0.387634,0.002082,0.572963,0.000000,0.002954,2.0000,0.580813,0.411652
17,241,7,0.140787,0.038294,0.736594,0.099429,0.512199,8.0000,0.563919,0.729493
17,242,7,0.140151,0.036900,0.737847,0.100078,0.521721,6.0000,0.547897,0.731927
17,243,9,0.133540,0.041033,0.750956,0.065734,0.667379,4.0000,0.579964,0.757391
17,244,11,0.069378,0.038133,0.790490,0.095537,0.587635,5.0000,0.589522,0.834183
17,245,12,0.068803,0.036741,0.799706,0.091429,0.622723,8.0000,0.573758,0.852084
17,246,11,0.071731,0.021966,0.809321,0.134957,0.730147,8.0000,0.547781,0.870760
17,247,12,0.071632,0.021179,0.809363,0.132857,0.798716,8.0000,0.572304,0.870842
17,248,12,0.071632,0.021179,0.809363,0.132857,0.798716,9.0000,0.585028,0.870842
17,249,12,0.070395,0.017322,0.819091,0.133073,0.833637,7.0000,0.525162,0.889737
17,250,4,0.245821,0.061536,0.698421,0.014004,0.872995,5.0000,0.611094,0.652148
17,251,5,0.243195,0.028892,0.715990,0.077103,1.097669,3.0000,0.560941,0.679718
17,252,7,0.149236,0.034281,0.733449,0.135102,0.973570,3.0000,0.493868,0.714426
17,253,9,0.144090,0.031737,0.759627,0.129210,0.940901,8.0000,0.517187,0.735956
17,254,10,0.137185,0.030949,0.777444,0.118842,0.932939,9.0000,0.598719,0.771376
17,255,10,0.137185,0.030949,0.777444,0.118842,0.932939,7.0000,0.588367,0.771376
17,256,14,0.109961,0.049042,0.787364,0.070069,0.866526,10.0000,0.550605,0.791097
17,257,14,0.114140,0.045882,0.801548,0.105377,0.935693,11.0000,0.501616,0.819296
17,258,14,0.114140,0.045865,0.801553,0.105614,0.937441,8.0000,0.540016,0.819306
17,259,14,0.077840,0.029419,0.823169,0.093330,0.887582,11.0000,0.608647,0.862279
17,260,2,0.323744,0.021242,0.622347,0.000000,0.087695,4.0000,0.682497,0.442697
17,261,3,0.210849,0.060497,0.644902,0.422268,0.370341,2.0000,0.587778,0.488619
17,262,6,0.130191,0.081493,0.689224,0.230352,0.701489,7.0000,0.492633,0.578339
17,263,10,0.096868,0.078703,0.757823,0.084752,0.478937,9.0000,0.526566,0.687239
17,264,10,0.096868,0.078703,0.757823,0.084752,0.478937,4.0000,0.612215,0.687239
17,265,14,0.084163,0.059938,0.784962,0.050281,0.700330,12.0000,0.594279,0.742494
17,266,14,0.083694,0.057746,0.795033,0.050809,0.742577,11.0000,0.559656,0.763000
17,267,16,0.077555,0.052959,0.807168,0.057655,0.721778,17.0000,0.553444,0.786469
17,268,16,0.077294,0.052802,0.807482,0.056397,0.722159,16.0000,0.587077,0.787108
17,269,17,0.072270,0.054042,0.811594,0.058940,0.631867,8.0000,0.550887,0.795479
17,270,4,0.147278,0.122059,0.673269,0.134870,0.285766,7.0000,0.611469,0.549489
17,271,5,0.133866,0.101995,0.724253,0.170133,0.390375,4.0000,0.518987,0.653953
17,272,9,0.102278,0.082802,0.799462,0.080179,0.624645,11.0000,0.546355,0.807996
17,273,11,0.094177,0.084580,0.808624,0.048131,0.687800,13.0000,0.560475,0.820552
17,274,11,0.060601,0.050455,0.848448,0.035670,0.615606,11.0000,0.587856,0.879729
17,275,14,0.054870,0.046298,0.874735,0.037661,0.609890,16.0000,0.522311,0.899756
17,276,15,0.046758,0.044763,0.875098,0.040587,0.528507,8.0000,0.550706,0.900499
17,277,15,0.046180,0.038920,0.877979,0.042548,0.630066,7.0000,0.526836,0.906403
17,278,18,0.044674,0.035784,0.878773,0.039963,0.760813,15.0000,0.562907,0.908029
17,279,18,0.044599,0.035675,0.879402,0.039695,0.762469,11.0000,0.566300,0.909320
17,280,2,0.354120,0.008408,0.629459,0.000000,0.009923,7.0000,0.672712,0.370982
17,281,3,0.178273,0.047666,0.728739,0.196326,0.160886,7.0000,0.587127,0.576493
17,282,5,0.141279,0.057815,0.798312,0.103839,0.417184,14.0000,0.571011,0.720509
17,283,8,0.083272,0.057464,0.852618,0.161173,0.561800,13.0000,0.562416,0.832924
17,284,9,0.083272,0.055693,0.859862,0.167205,0.676662,17.0000,0.587406,0.847920
17,285,9,0.083272,0.055693,0.859862,0.167205,0.676662,12.0000,0.572785,0.847920
17,286,12,0.067966,0.052356,0.866355,0.115971,0.790025,14.0000,0.561621,0.861361
17,287,11,0.063955,0.042956,0.869852,0.122160,0.725049,11.0000,0.528223,0.868600
17,288,13,0.062447,0.041788,0.872346,0.061082,0.752008,14.0000,0.567389,0.873763
17,289,16,0.061969,0.052037,0.875134,0.038847,0.768275,11.0000,0.595165,0.879533
17,290,3,0.270202,0.083094,0.667180,0.720591,0.603399,8.0000,0.681229,0.426315
17,291,8,0.120211,0.040553,0.846872,0.143059,0.584763,12.0000,0.564277,0.804792
17,292,8,0.120211,0.040553,0.846872,0.143059,0.584763,9.0000,0.480683,0.804792
17,293,8,0.120210,0.040550,0.846891,0.143630,0.584829,9.0000,0.523517,0.804831
17,294,9,0.118461,0.039079,0.856864,0.147400,0.700921,17.0000,0.592876,0.825837
17,295,12,0.107561,0.035328,0.868346,0.088846,0.817262,20.0000,0.623849,0.850021
17,296,12,0.107190,0.028159,0.870808,0.087502,0.880197,10.0000,0.541224,0.855206
17,297,12,0.107188,0.028136,0.870861,0.087477,0.880487,12.0000,0.506608,0.855319
17,298,12,0.107188,0.028136,0.870861,0.087477,0.880487,17.0000,0.539161,0.855319
17,299,13,0.107161,0.035230,0.870879,0.067838,0.909699,16.0000,0.565573,0.855356
17,300,1,0.829416,0.012113,0.399640,0.000000,1.000000,4.0000,0.682053,0.181679
17,301,2,0.320680,0.073320,0.576809,0.000000,0.400982,5.0000,0.535889,0.416001
17,302,9,0.108507,0.085105,0.772999,0.141579,0.636935,12.0000,0.481951,0.680718
17,303,14,0.086353,0.082947,0.813654,0.054613,0.612886,14.0000,0.533693,0.765865
17,304,11,0.053190,0.047961,0.862770,0.080835,0.589049,9.0000,0.608759,0.833544
17,305,11,0.049676,0.041486,0.876840,0.094438,0.639519,12.0000,0.593522,0.863012
17,306,12,0.047188,0.039826,0.877707,0.087641,0.687756,13.0000,0.491508,0.864828
17,307,12,0.047188,0.039826,0.877707,0.087641,0.687756,10.0000,0.519497,0.864828
17,308,13,0.046946,0.040772,0.878027,0.089698,0.732279,11.0000,0.525722,0.865499
17,309,17,0.045306,0.041598,0.885673,0.037123,0.754405,14.0000,0.552947,0.881511
17,310,2,0.285238,0.009516,0.702865,0.000000,0.149285,7.0000,0.656659,0.556318
17,311,3,0.229514,0.041911,0.744869,0.635383,0.699894,6.0000,0.599888,0.644791
17,312,3,0.242314,0.008418,0.765247,0.698673,0.781867,8.0000,0.482167,0.687710
17,313,6,0.237072,0.035842,0.797055,0.064548,1.011454,8.0000,0.549016,0.705048
17,314,9,0.130101,0.034079,0.861017,0.133539,0.866490,10.0000,0.598654,0.839770
17,315,8,0.129888,0.024091,0.866882,0.135083,0.831835,13.0000,0.600039,0.846937
17,316,9,0.095924,0.028888,0.873448,0.085192,0.688034,11.0000,0.556119,0.860767
17,317,9,0.095924,0.028888,0.873448,0.085192,0.688034,14.0000,0.527666,0.860767
17,318,10,0.056084,0.030792,0.880813,0.078882,0.550773,6.0000,0.503118,0.876281
17,319,11,0.055671,0.035155,0.880898,0.068073,0.591616,10.0000,0.569150,0.876459
17,320,2,0.358383,0.021155,0.608882,0.000000,0.024776,6.0000,0.709273,0.328386
17,321,3,0.184124,0.037462,0.719278,0.229370,0.198429,11.0000,0.558099,0.556908
17,322,6,0.143481,0.075673,0.771992,0.168586,0.594949,13.0000,0.472701,0.666027
17,323,8,0.134976,0.080421,0.797239,0.105386,0.580989,11.0000,0.564127,0.718288
17,324,11,0.124441,0.077114,0.805125,0.067106,0.670030,14.0000,0.652718,0.734614
17,325,9,0.118788,0.059414,0.814102,0.065508,0.555109,12.0000,0.512511,0.753197
17,326,10,0.110737,0.070011,0.817899,0.075633,0.571206,9.0000,0.504279,0.761055
17,327,13,0.108672,0.062262,0.820423,0.065590,0.722330,10.0000,0.555711,0.766281
17,328,14,0.094563,0.059440,0.839657,0.049137,0.771723,13.0000,0.589148,0.806095
17,329,16,0.091028,0.059569,0.840935,0.032303,0.763766,16.0000,0.616196,0.808740
17,330,3,0.296505,0.028801,0.640390,0.976895,0.980261,5.0000,0.657177,0.464180
17,331,5,0.296373,0.056287,0.642204,0.061580,1.276096,6.0000,0.575815,0.465109
17,332,7,0.149992,0.076656,0.751482,0.202985,0.782943,8.0000,0.509271,0.666922
17,333,8,0.088838,0.046380,0.828700,0.125327,0.585083,14.0000,0.527996,0.825143
17,334,10,0.088798,0.041650,0.828850,0.144008,0.771268,7.0000,0.585459,0.825450
17,335,10,0.088798,0.041650,0.828850,0.144008,0.771268,4.0000,0.635727,0.825450
17,336,10,0.085978,0.031256,0.846396,0.146075,0.766324,10.0000,0.558600,0.841690
17,337,12,0.082545,0.029084,0.849310,0.131921,0.875778,7.0000,0.512183,0.847660
17,338,14,0.077060,0.043431,0.854284,0.052936,0.769446,11.0000,0.568075,0.857851
17,339,16,0.076846,0.042913,0.854902,0.050537,0.842771,11.0000,0.604442,0.859119
17,340,3,0.345165,0.020773,0.612452,1.031831,0.893560,5.0000,0.712712,0.390022
17,341,5,0.177977,0.016542,0.761902,0.488290,0.806342,8.0000,0.554601,0.694306
17,342,6,0.135653,0.031224,0.808324,0.211392,0.670189,7.0000,0.492018,0.788822
17,343,9,0.107907,0.048540,0.818355,0.124247,0.645385,12.0000,0.508756,0.809246
17,344,10,0.075102,0.032962,0.844255,0.128369,0.589709,8.0000,0.620603,0.861979
17,345,11,0.067897,0.033652,0.852840,0.103958,0.539645,4.0000,0.630661,0.879458
17,346,12,0.067213,0.032265,0.853756,0.101951,0.611693,6.0000,0.564330,0.881322
17,347,15,0.056143,0.029847,0.860937,0.056748,0.648674,6.0000,0.523579,0.895943
17,348,14,0.056138,0.030784,0.860966,0.052660,0.601575,11.0000,0.558888,0.896003
17,349,14,0.056138,0.030784,0.860966,0.052660,0.601575,5.0000,0.570161,0.896003
17,350,3,0.265474,0.071658,0.581583,0.747175,0.730049,4.0000,0.657123,0.450797
17,351,5,0.243444,0.057997,0.690017,0.063706,0.914360,5.0000,0.594433,0.616196
17,352,7,0.151511,0.039903,0.767362,0.154515,0.783471,11.0000,0.557850,0.769358
17,353,8,0.144435,0.041182,0.768098,0.154223,0.842945,8.0000,0.541854,0.770820
17,354,12,0.052339,0.034081,0.810529,0.092687,0.624894,10.0000,0.598914,0.839382
17,355,13,0.050941,0.032817,0.812148,0.087075,0.698868,13.0000,0.562092,0.842600
17,356,12,0.052102,0.033657,0.820289,0.080849,0.613712,11.0000,0.540024,0.853126
17,357,12,0.050884,0.030034,0.835525,0.108316,0.703559,6.0000,0.522773,0.883415
17,358,13,0.048188,0.028866,0.836927,0.099683,0.742312,9.0000,0.603999,0.886202
17,359,13,0.048189,0.028877,0.837028,0.099786,0.743232,6.0000,0.571183,0.886404
17,360,0,,,,,,0.0000,0.623565,0.000000
17,361,1,0.857735,0.004123,0.264960,0.000000,1.000000,1.0000,0.687350,0.202659
17,362,3,0.286642,0.072566,0.628890,0.711594,0.583535,2.0000,0.516056,0.520287
17,363,7,0.093023,0.051542,0.798896,0.097207,0.234289,11.0000,0.542809,0.850510
17,364,7,0.076653,0.015059,0.830480,0.083015,0.333210,5.0000,0.534036,0.911859
17,365,7,0.078532,0.004416,0.837580,0.160679,0.480896,4.0000,0.599682,0.925651
17,366,7,0.078532,0.004416,0.837580,0.160679,0.480896,1.0000,0.549485,0.925651
17,367,7,0.078494,0.004514,0.837900,0.160785,0.483233,3.0000,0.565591,0.926272
17,368,7,0.078494,0.004514,0.837900,0.160785,0.483233,8.0000,0.615563,0.926272
17,369,7,0.078494,0.004514,0.837900,0.160785,0.483233,3.0000,0.641423,0.926272
17,370,1,0.832814,0.198911,0.076015,0.000000,1.000000,1.0000,0.632232,0.000000
17,371,6,0.194078,0.164195,0.512455,0.081763,0.636107,5.0000,0.566310,0.454319
17,372,11,0.147740,0.113293,0.611337,0.086493,0.603201,10.0000,0.547458,0.593856
17,373,11,0.098630,0.055869,0.705451,0.155967,0.705736,8.0000,0.559303,0.755120
17,374,13,0.088581,0.053674,0.719833,0.065192,0.700205,7.0000,0.627827,0.770434
17,375,13,0.087705,0.052400,0.721717,0.064100,0.681192,2.0000,0.573157,0.774064
17,376,14,0.062057,0.056251,0.730427,0.050815,0.613838,5.0000,0.523251,0.790848
17,377,13,0.061883,0.051534,0.733719,0.052090,0.664709,8.0000,0.517071,0.797190
17,378,14,0.060933,0.051375,0.737915,0.043460,0.672720,8.0000,0.594631,0.805276
17,379,15,0.060408,0.050549,0.739178,0.040543,0.709413,8.0000,0.592360,0.807709
17,380,1,0.579989,0.186337,0.179056,0.000000,1.000000,1.0000,0.663890,0.174893
17,381,4,0.130162,0.102567,0.603158,0.035512,0.234932,6.0000,0.629382,0.652047
17,382,7,0.126441,0.086465,0.656388,0.184170,0.756185,7.0000,0.497165,0.747889
17,383,8,0.165450,0.050831,0.679570,0.144695,0.979661,6.0000,0.476093,0.773422
17,384,8,0.165106,0.046116,0.686483,0.161924,1.024070,4.0000,0.532022,0.786731
17,385,9,0.101300,0.059881,0.710393,0.186738,0.800605,9.0000,0.624208,0.815800
17,386,9,0.082449,0.036706,0.731223,0.181546,0.777764,6.0000,0.608482,0.855901
17,387,10,0.080385,0.028366,0.735930,0.177035,0.875469,8.0000,0.497533,0.864962
17,388,10,0.080385,0.028366,0.735930,0.177035,0.875469,2.0000,0.529449,0.864962
17,389,15,0.071918,0.028243,0.746868,0.100984,0.919339,8.0000,0.576085,0.886018
17,390,1,0.844591,0.027634,0.284494,0.000000,1.000000,1.0000,0.719550,0.165160
17,391,3,0.204310,0.052812,0.554716,0.358973,0.398960,2.0000,0.529228,0.561001
17,392,5,0.183019,0.044548,0.616793,0.221436,0.749313,5.0000,0.457371,0.669662
17,393,8,0.178837,0.042558,0.637744,0.028664,1.039765,6.0000,0.526696,0.710944
17,394,9,0.146150,0.067387,0.642598,0.125540,0.951395,5.0000,0.687577,0.720507
17,395,10,0.144548,0.064064,0.663102,0.119207,0.975751,6.0000,0.639175,0.760908
17,396,10,0.144548,0.064064,0.663102,0.119207,0.975751,4.0000,0.549736,0.760908
17,397,11,0.143254,0.061254,0.683627,0.112930,0.962851,5.0000,0.520646,0.801349
17,398,11,0.074214,0.024766,0.727756,0.137280,0.899161,5.0000,0.568926,0.888300
17,399,14,0.045183,0.027226,0.733047,0.071126,0.814597,8.0000,0.590791,0.898725
17,400,0,,,,,,0.0000,0.690000,0.000000
17,401,1,0.740991,0.054501,0.232502,0.000000,1.000000,1.0000,0.656350,0.269810
17,402,3,0.214979,0.099392,0.482324,0.461639,0.644527,2.0000,0.483981,0.546489
17,403,7,0.111926,0.066895,0.582309,0.223304,0.842578,14.0000,0.522159,0.682376
17,404,11,0.101212,0.083050,0.597506,0.040723,0.928140,12.0000,0.589692,0.712196
17,405,14,0.076346,0.075156,0.640812,0.059607,0.664930,10.0000,0.587138,0.786468
17,406,15,0.075990,0.077611,0.641000,0.061210,0.612160,5.0000,0.574876,0.786836
17,407,16,0.069414,0.075190,0.653484,0.059173,0.600301,7.0000,0.513811,0.803333
17,408,17,0.068615,0.073242,0.659455,0.051792,0.645924,9.0000,0.543315,0.815050
17,409,14,0.066348,0.059935,0.677447,0.050140,0.692943,7.0000,0.567795,0.850354
17,410,0,,,,,,0.0000,0.642093,0.000000
17,411,0,,,,,,0.0000,0.692542,0.000000
17,412,0,,,,,,0.0000,0.605924,0.000000
17,413,0,,,,,,0.0000,0.539647,0.000000
17,414,0,,,,,,0.0000,0.602673,0.000000
17,415,0,,,,,,0.0000,0.685720,0.000000
17,416,0,,,,,,0.0000,0.603960,0.000000
17,417,0,,,,,,0.0000,0.570333,0.000000
17,418,0,,,,,,0.0000,0.613005,0.000000
17,419,0,,,,,,0.0000,0.621901,0.000000
17,420,0,,,,,,0.0000,0.601923,0.000000
17,421,0,,,,,,0.0000,0.583939,0.000000
17,422,0,,,,,,0.0000,0.602027,0.000000
17,423,0,,,,,,0.0000,0.611241,0.000000
17,424,0,,,,,,0.0000,0.614620,0.000000
17,425,0,,,,,,0.0000,0.626848,0.000000
17,426,0,,,,,,0.0000,0.609559,0.000000
17,427,0,,,,,,0.0000,0.607512,0.000000
17,428,0,,,,,,0.0000,0.571183,0.000000
17,429,0,,,,,,0.0000,0.614005,0.000000
17,430,0,,,,,,0.0000,0.635541,0.000000
17,431,0,,,,,,0.0000,0.636298,0.000000
17,432,0,,,,,,0.0000,0.593098,0.000000
17,433,0,,,,,,0.0000,0.598402,0.000000
17,434,0,,,,,,0.0000,0.602898,0.000000
17,435,0,,,,,,0.0000,0.620020,0.000000
17,436,0,,,,,,0.0000,0.617614,0.000000
17,437,0,,,,,,0.0000,0.617281,0.000000
17,438,0,,,,,,0.0000,0.582087,0.000000
17,439,0,,,,,,0.0000,0.591791,0.000000
17,440,0,,,,,,0.0000,0.630753,0.000000
17,441,0,,,,,,0.0000,0.621831,0.000000
17,442,0,,,,,,0.0000,0.581472,0.000000
17,443,0,,,,,,0.0000,0.602157,0.000000
17,444,0,,,,,,0.0000,0.618323,0.000000
17,445,0,,,,,,0.0000,0.626153,0.000000
17,446,0,,,,,,0.0000,0.619141,0.000000
17,447,0,,,,,,0.0000,0.587398,0.000000
17,448,0,,,,,,0.0000,0.562027,0.000000
17,449,0,,,,,,0.0000,0.601527,0.000000
17,450,0,,,,,,0.0000,0.637322,0.000000
17,451,0,,,,,,0.0000,0.619695,0.000000
17,452,0,,,,,,0.0000,0.610712,0.000000
17,453,0,,,,,,0.0000,0.606657,0.000000
17,454,0,,,,,,0.0000,0.632890,0.000000
17,455,0,,,,,,0.0000,0.615731,0.000000
17,456,0,,,,,,0.0000,0.607408,0.000000
17,457,0,,,,,,0.0000,0.615287,0.000000
17,458,0,,,,,,0.0000,0.638301,0.000000
17,459,0,,,,,,0.0000,0.616516,0.000000
17,460,0,,,,,,0.0000,0.624422,0.000000
17,461,0,,,,,,0.0000,0.612523,0.000000
17,462,0,,,,,,0.0000,0.597674,0.000000
17,463,0,,,,,,0.0000,0.588676,0.000000
17,464,0,,,,,,0.0000,0.614219,0.000000
17,465,0,,,,,,0.0000,0.629849,0.000000
17,466,0,,,,,,0.0000,0.635163,0.000000
17,467,0,,,,,,0.0000,0.614215,0.000000
17,468,0,,,,,,0.0000,0.596445,0.000000
17,469,0,,,,,,0.0000,0.610577,0.000000
17,470,0,,,,,,0.0000,0.621491,0.000000
17,471,0,,,,,,0.0000,0.604710,0.000000
17,472,0,,,,,,0.0000,0.601279,0.000000
17,473,0,,,,,,0.0000,0.590298,0.000000
17,474,0,,,,,,0.0000,0.572914,0.000000
17,475,0,,,,,,0.0000,0.607144,0.000000
17,476,0,,,,,,0.0000,0.620897,0.000000
17,477,0,,,,,,0.0000,0.586723,0.000000
17,478,0,,,,,,0.0000,0.598001,0.000000
17,479,0,,,,,,0.0000,0.648684,0.000000
17,480,0,,,,,,0.0000,0.630737,0.000000
17,481,0,,,,,,0.0000,0.616205,0.000000
17,482,0,,,,,,0.0000,0.604305,0.000000
17,483,0,,,,,,0.0000,0.624198,0.000000
17,484,0,,,,,,0.0000,0.617292,0.000000
17,485,0,,,,,,0.0000,0.631578,0.000000
17,486,0,,,,,,0.0000,0.598943,0.000000
17,487,0,,,,,,0.0000,0.584076,0.000000
17,488,0,,,,,,0.0000,0.598661,0.000000
17,489,0,,,,,,0.0000,0.629132,0.000000
17,490,0,,,,,,0.0000,0.633927,0.000000
17,491,0,,,,,,0.0000,0.578238,0.000000
17,492,0,,,,,,0.0000,0.575416,0.000000
17,493,0,,,,,,0.0000,0.634927,0.000000
17,494,0,,,,,,0.0000,0.611406,0.000000
17,495,0,,,,,,0.0000,0.596980,0.000000
17,496,0,,,,,,0.0000,0.559252,0.000000
17,497,0,,,,,,0.0000,0.603252,0.000000
17,498,0,,,,,,0.0000,0.665902,0.000000
17,499,0,,,,,,0.0000,0.627353,0.000000
17,500,0,,,,,,0.0000,0.585949,0.000000
17,501,0,,,,,,0.0000,0.601897,0.000000
17,502,0,,,,,,0.0000,0.624730,0.000000
17,503,0,,,,,,0.0000,0.632113,0.000000
17,504,0,,,,,,0.0000,0.598282,0.000000
17,505,0,,,,,,0.0000,0.619142,0.000000
17,506,0,,,,,,0.0000,0.600560,0.000000
17,507,0,,,,,,0.0000,0.605535,0.000000
17,508,0,,,,,,0.0000,0.582155,0.000000
17,509,0,,,,,,0.0000,0.639748,0.000000
17,510,0,,,,,,0.0000,0.644230,0.000000
17,511,0,,,,,,0.0000,0.612694,0.000000
17,512,0,,,,,,0.0000,0.593176,0.000000
17,513,0,,,,,,0.0000,0.593454,0.000000
17,514,0,,,,,,0.0000,0.637558,0.000000
17,515,0,,,,,,0.0000,0.637436,0.000000
17,516,0,,,,,,0.0000,0.606568,0.000000
17,517,0,,,,,,0.0000,0.575754,0.000000
17,518,0,,,,,,0.0000,0.612831,0.000000
17,519,0,,,,,,0.0000,0.630738,0.000000
17,520,0,,,,,,0.0000,0.595419,0.000000
17,521,0,,,,,,0.0000,0.577395,0.000000
17,522,0,,,,,,0.0000,0.614025,0.000000
17,523,0,,,,,,0.0000,0.630334,0.000000
17,524,0,,,,,,0.0000,0.623796,0.000000
17,525,0,,,,,,0.0000,0.585481,0.000000
17,526,0,,,,,,0.0000,0.602430,0.000000
17,527,0,,,,,,0.0000,0.617226,0.000000
17,528,0,,,,,,0.0000,0.654967,0.000000
17,529,0,,,,,,0.0000,0.613023,0.000000
17,530,0,,,,,,0.0000,0.605648,0.000000
17,531,0,,,,,,0.0000,0.599316,0.000000
17,532,0,,,,,,0.0000,0.631884,0.000000
17,533,0,,,,,,0.0000,0.632153,0.000000
17,534,0,,,,,,0.0000,0.567802,0.000000
17,535,0,,,,,,0.0000,0.581138,0.000000
17,536,0,,,,,,0.0000,0.640051,0.000000
17,537,0,,,,,,0.0000,0.607715,0.000000
17,538,0,,,,,,0.0000,0.603869,0.000000
17,539,0,,,,,,0.0000,0.594920,0.000000
17,540,0,,,,,,0.0000,0.601523,0.000000
17,541,0,,,,,,0.0000,0.610328,0.000000
17,542,0,,,,,,0.0000,0.625864,0.000000
17,543,0,,,,,,0.0000,0.609708,0.000000
17,544,0,,,,,,0.0000,0.613419,0.000000
17,545,0,,,,,,0.0000,0.615795,0.000000
17,546,0,,,,,,0.0000,0.591644,0.000000
17,547,0,,,,,,0.0000,0.630163,0.000000
17,548,0,,,,,,0.0000,0.630511,0.000000
17,549,0,,,,,,0.0000,0.593382,0.000000
17,550,0,,,,,,0.0000,0.586644,0.000000
17,551,0,,,,,,0.0000,0.606463,0.000000
17,552,0,,,,,,0.0000,0.584170,0.000000
17,553,0,,,,,,0.0000,0.602485,0.000000
17,554,0,,,,,,0.0000,0.611557,0.000000
17,555,0,,,,,,0.0000,0.609782,0.000000
17,556,0,,,,,,0.0000,0.601089,0.000000
17,557,0,,,,,,0.0000,0.607605,0.000000
17,558,0,,,,,,0.0000,0.598446,0.000000
17,559,0,,,,,,0.0000,0.596372,0.000000
17,560,0,,,,,,0.0000,0.630386,0.000000
17,561,0,,,,,,0.0000,0.600502,0.000000
17,562,0,,,,,,0.0000,0.566849,0.000000
17,563,0,,,,,,0.0000,0.602959,0.000000
17,564,0,,,,,,0.0000,0.622181,0.000000
17,565,0,,,,,,0.0000,0.616579,0.000000
17,566,0,,,,,,0.0000,0.606747,0.000000
17,567,0,,,,,,0.0000,0.596003,0.000000
17,568,0,,,,,,0.0000,0.602565,0.000000
17,569,0,,,,,,0.0000,0.610765,0.000000
17,570,0,,,,,,0.0000,0.637795,0.000000
17,571,0,,,,,,0.0000,0.620960,0.000000
17,572,0,,,,,,0.0000,0.588190,0.000000
17,573,0,,,,,,0.0000,0.578832,0.000000
17,574,0,,,,,,0.0000,0.609796,0.000000
17,575,0,,,,,,0.0000,0.667011,0.000000
17,576,0,,,,,,0.0000,0.629350,0.000000
17,577,0,,,,,,0.0000,0.585449,0.000000
17,578,0,,,,,,0.0000,0.588025,0.000000
17,579,0,,,,,,0.0000,0.615274,0.000000
17,580,0,,,,,,0.0000,0.623167,0.000000
17,581,0,,,,,,0.0000,0.623940,0.000000
17,582,0,,,,,,0.0000,0.624333,0.000000
17,583,0,,,,,,0.0000,0.604107,0.000000
17,584,0,,,,,,0.0000,0.625594,0.000000
17,585,0,,,,,,0.0000,0.604776,0.000000
17,586,0,,,,,,0.0000,0.618794,0.000000
17,587,0,,,,,,0.0000,0.627409,0.000000
17,588,0,,,,,,0.0000,0.619975,0.000000
17,589,0,,,,,,0.0000,0.568514,0.000000
17,590,0,,,,,,0.0000,0.625860,0.000000
17,591,0,,,,,,0.0000,0.640154,0.000000
17,592,0,,,,,,0.0000,0.608530,0.000000
17,593,0,,,,,,0.0000,0.587849,0.000000
17,594,0,,,,,,0.0000,0.616618,0.000000
17,595,0,,,,,,0.0000,0.641510,0.000000
17,596,0,,,,,,0.0000,0.613568,0.000000
17,597,0,,,,,,0.0000,0.584537,0.000000
17,598,0,,,,,,0.0000,0.572541,0.000000
17,599,0,,,,,,0.0000,0.642469,0.000000
17,600,0,,,,,,0.0000,0.649485,0.000000
17,601,0,,,,,,0.0000,0.601872,0.000000
17,602,0,,,,,,0.0000,0.596379,0.000000
17,603,0,,,,,,0.0000,0.622750,0.000000
17,604,0,,,,,,0.0000,0.642180,0.000000
17,605,0,,,,,,0.0000,0.632545,0.000000
17,606,0,,,,,,0.0000,0.576984,0.000000
17,607,0,,,,,,0.0000,0.600626,0.000000
17,608,0,,,,,,0.0000,0.621652,0.000000
17,609,0,,,,,,0.0000,0.602632,0.000000
17,610,0,,,,,,0.0000,0.599745,0.000000
17,611,0,,,,,,0.0000,0.594595,0.000000
17,612,0,,,,,,0.0000,0.606682,0.000000
17,613,0,,,,,,0.0000,0.631959,0.000000
17,614,0,,,,,,0.0000,0.619438,0.000000
17,615,0,,,,,,0.0000,0.598679,0.000000
17,616,0,,,,,,0.0000,0.591928,0.000000
17,617,0,,,,,,0.0000,0.618017,0.000000
17,618,0,,,,,,0.0000,0.665547,0.000000
17,619,0,,,,,,0.0000,0.634846,0.000000
17,620,0,,,,,,0.0000,0.579809,0.000000
17,621,0,,,,,,0.0000,0.607867,0.000000
17,622,0,,,,,,0.0000,0.627715,0.000000
17,623,0,,,,,,0.0000,0.639592,0.000000
17,624,0,,,,,,0.0000,0.567742,0.000000
17,625,0,,,,,,0.0000,0.610320,0.000000
17,626,0,,,,,,0.0000,0.618294,0.000000
17,627,0,,,,,,0.0000,0.627004,0.000000
17,628,0,,,,,,0.0000,0.627938,0.000000
17,629,0,,,,,,0.0000,0.624773,0.000000
17,630,0,,,,,,0.0000,0.597846,0.000000
17,631,0,,,,,,0.0000,0.611707,0.000000
17,632,0,,,,,,0.0000,0.608755,0.000000
17,633,0,,,,,,0.0000,0.653697,0.000000
17,634,0,,,,,,0.0000,0.604317,0.000000
17,635,0,,,,,,0.0000,0.598023,0.000000
17,636,0,,,,,,0.0000,0.605509,0.000000
17,637,0,,,,,,0.0000,0.613991,0.000000
17,638,0,,,,,,0.0000,0.621695,0.000000
17,639,0,,,,,,0.0000,0.596753,0.000000
17,640,1,0.857081,0.002822,0.357783,0.000000,1.000000,1.0000,0.598928,0.205423
17,641,1,0.854593,0.002156,0.363775,0.000000,1.000000,3.0000,0.440086,0.216005
17,642,4,0.183956,0.097246,0.590005,0.424230,0.572273,3.0000,0.416057,0.494698
17,643,6,0.161463,0.090307,0.630240,0.213412,0.819351,5.0000,0.555161,0.572852
17,644,6,0.161463,0.090307,0.630240,0.213412,0.819351,4.0000,0.606853,0.572852
17,645,9,0.110936,0.070075,0.705942,0.141720,0.707727,4.0000,0.580104,0.705617
17,646,9,0.105845,0.058427,0.724637,0.134353,0.733813,8.0000,0.573263,0.738768
17,647,9,0.105845,0.058427,0.724637,0.134353,0.733813,5.0000,0.506863,0.738768
17,648,11,0.104839,0.052924,0.750410,0.053867,0.778219,4.0000,0.515384,0.788829
17,649,11,0.105432,0.050997,0.753638,0.054214,0.806631,6.0000,0.586977,0.793526
17,650,4,0.281281,0.080906,0.572035,0.741427,0.865763,5.0000,0.715376,0.362201
17,651,5,0.220736,0.060375,0.659245,0.202475,0.779489,6.0000,0.632963,0.532968
17,652,7,0.144027,0.054764,0.717119,0.192617,0.705662,5.0000,0.508162,0.648021
17,653,11,0.104120,0.065251,0.753111,0.113034,0.611109,9.0000,0.512990,0.719575
17,654,12,0.102500,0.063645,0.753598,0.107877,0.669054,8.0000,0.610661,0.720544
17,655,13,0.114078,0.051240,0.781673,0.097751,0.797305,9.0000,0.567148,0.776357
17,656,12,0.113764,0.053617,0.782148,0.091746,0.741401,8.0000,0.521022,0.777300
17,657,12,0.113230,0.052336,0.799232,0.091997,0.739902,8.0000,0.550444,0.811264
17,658,13,0.112734,0.050358,0.799697,0.092355,0.799827,7.0000,0.604806,0.812188
17,659,13,0.112734,0.050358,0.799697,0.092355,0.799827,6.0000,0.601549,0.812188
17,660,3,0.298874,0.061644,0.672824,0.804986,0.732220,6.0000,0.646853,0.542683
17,661,5,0.159383,0.037085,0.758442,0.172328,0.597495,7.0000,0.541855,0.699306
17,662,8,0.105473,0.058278,0.820458,0.113222,0.579829,13.0000,0.498417,0.813527
17,663,10,0.098101,0.061263,0.838168,0.062942,0.653306,12.0000,0.550075,0.849586
17,664,11,0.074046,0.063012,0.843433,0.036790,0.562939,12.0000,0.613440,0.860306
17,665,12,0.061945,0.048263,0.847526,0.042895,0.595703,12.0000,0.592261,0.868639
17,666,13,0.061904,0.047704,0.847596,0.052405,0.639531,8.0000,0.529509,0.868781
17,667,14,0.061884,0.051847,0.847848,0.057438,0.689202,8.0000,0.514213,0.869293
17,668,14,0.061884,0.051847,0.847848,0.057438,0.689202,4.0000,0.558162,0.869293
17,669,17,0.061423,0.048483,0.848260,0.059423,0.828939,7.0000,0.571809,0.870132
17,670,2,0.361291,0.022153,0.598198,0.000000,0.023152,5.0000,0.595881,0.334815
17,671,4,0.233088,0.020833,0.687382,0.649597,0.744726,7.0000,0.536725,0.515870
17,672,6,0.132241,0.041219,0.735873,0.319155,0.621367,6.0000,0.478464,0.615228
17,673,8,0.126036,0.074824,0.741547,0.153330,0.591579,13.0000,0.545156,0.626855
17,674,9,0.100498,0.060281,0.773839,0.122230,0.512821,13.0000,0.604957,0.693021
17,675,9,0.098704,0.059255,0.781912,0.118365,0.504331,11.0000,0.586900,0.709563
17,676,10,0.090670,0.068730,0.783490,0.086443,0.415977,9.0000,0.552950,0.712796
17,677,10,0.079337,0.060957,0.815451,0.079806,0.401164,12.0000,0.517547,0.778283
17,678,10,0.062847,0.046943,0.824570,0.076890,0.436941,10.0000,0.568595,0.796969
17,679,9,0.089436,0.027356,0.848159,0.095302,0.606465,11.0000,0.575501,0.845301
17,680,3,0.200146,0.068585,0.705941,0.287706,0.223336,7.0000,0.648579,0.529300
17,681,4,0.122064,0.070823,0.761566,0.169021,0.240320,10.0000,0.554100,0.644445
17,682,6,0.108228,0.072318,0.792319,0.099350,0.260745,6.0000,0.536225,0.708105
17,683,7,0.100668,0.060521,0.799079,0.168266,0.559710,7.0000,0.532603,0.722097
17,684,9,0.094532,0.078417,0.813757,0.111980,0.564058,12.0000,0.596620,0.752481
17,685,10,0.094429,0.074518,0.814142,0.121309,0.674690,8.0000,0.571255,0.753280
17,686,9,0.078054,0.049898,0.848599,0.130955,0.734961,12.0000,0.545688,0.824607
17,687,12,0.064296,0.035482,0.871527,0.099912,0.917456,15.0000,0.552557,0.872068
17,688,13,0.063093,0.039295,0.872151,0.055035,0.816844,10.0000,0.575631,0.873358
17,689,14,0.061514,0.038156,0.873235,0.047857,0.844254,8.0000,0.548346,0.875602
17,690,4,0.194277,0.041615,0.736183,0.147848,0.574303,8.0000,0.648459,0.571652
17,691,4,0.194064,0.040429,0.738393,0.157117,0.576492,8.0000,0.628368,0.576307
17,692,5,0.192997,0.036280,0.740712,0.208764,0.788845,7.0000,0.516177,0.581193
17,693,9,0.159059,0.092648,0.777429,0.047549,0.724036,17.0000,0.496565,0.658527
17,694,10,0.113281,0.103325,0.778541,0.116345,0.596570,9.0000,0.604336,0.660870
17,695,10,0.086949,0.086585,0.837703,0.108796,0.610004,14.0000,0.655187,0.785479
17,696,10,0.086915,0.086415,0.840599,0.109327,0.622921,9.0000,0.584122,0.791579
17,697,11,0.086433,0.082558,0.842227,0.112704,0.706065,3.0000,0.518766,0.795008
17,698,11,0.086433,0.082558,0.842227,0.112704,0.706065,13.0000,0.558249,0.795008
17,699,12,0.086025,0.078485,0.842781,0.117666,0.788031,13.0000,0.588616,0.796175
17,700,4,0.193141,0.127137,0.645200,0.235383,0.408777,9.0000,0.685898,0.474914
17,701,4,0.191612,0.126539,0.651857,0.249021,0.402311,6.0000,0.555569,0.488857
17,702,6,0.138140,0.118185,0.720944,0.115487,0.400762,5.0000,0.517903,0.587961
17,703,8,0.115882,0.093870,0.767133,0.084028,0.377239,10.0000,0.556161,0.659073
17,704,8,0.095978,0.069617,0.822393,0.084491,0.432940,14.0000,0.557746,0.756669
17,705,10,0.093850,0.062428,0.824565,0.096960,0.641945,11.0000,0.561115,0.761218
17,706,10,0.073762,0.058361,0.845336,0.101621,0.642164,14.0000,0.589290,0.804721
17,707,12,0.069876,0.066774,0.851372,0.066711,0.601507,10.0000,0.522216,0.817363
17,708,12,0.066510,0.048659,0.859107,0.092607,0.614290,12.0000,0.539360,0.833563
17,709,13,0.064791,0.042188,0.866110,0.098801,0.649565,13.0000,0.560326,0.840540
17,710,3,0.179101,0.047644,0.725118,0.193833,0.178223,6.0000,0.625199,0.548348
17,711,5,0.158759,0.052941,0.751862,0.242536,0.710773,5.0000,0.552172,0.604678
17,712,4,0.171163,0.046426,0.756250,0.488934,0.551781,8.0000,0.535358,0.613919
17,713,6,0.159772,0.040372,0.769953,0.430217,0.935931,5.0000,0.501523,0.642781
17,714,7,0.157626,0.038508,0.787078,0.397083,0.975377,8.0000,0.549897,0.678849
17,715,7,0.157626,0.038508,0.787078,0.397083,0.975377,11.0000,0.607735,0.678849
17,716,9,0.127896,0.034490,0.850656,0.095102,0.884736,10.0000,0.586621,0.812762
17,717,12,0.081431,0.058098,0.868281,0.088637,0.849578,11.0000,0.544979,0.849883
17,718,14,0.078494,0.054912,0.869536,0.050424,0.848495,13.0000,0.511439,0.852528
17,719,16,0.070314,0.049050,0.871976,0.043950,0.896460,18.0000,0.534220,0.857667
17,720,3,0.276259,0.069600,0.579176,0.833300,0.938798,9.0000,0.643773,0.372945
17,721,7,0.181901,0.150042,0.655093,0.127368,0.544420,11.0000,0.537004,0.443503
17,722,5,0.159093,0.034847,0.781828,0.198582,0.717722,10.0000,0.504409,0.705846
17,723,6,0.139479,0.024020,0.828069,0.177885,0.747535,12.0000,0.545324,0.782108
17,724,6,0.139479,0.024020,0.828069,0.177885,0.747535,10.0000,0.571077,0.782108
17,725,6,0.139479,0.024020,0.828069,0.177885,0.747535,5.0000,0.566263,0.782108
17,726,8,0.069717,0.022332,0.861643,0.169971,0.692362,9.0000,0.553934,0.851608
17,727,9,0.065700,0.023046,0.863271,0.125321,0.750182,7.0000,0.547733,0.854977
17,728,10,0.065052,0.023492,0.863927,0.120147,0.828825,9.0000,0.546536,0.856335
17,729,13,0.047432,0.022941,0.867965,0.063010,0.832459,14.0000,0.568037,0.864693
17,730,3,0.289994,0.036908,0.582739,0.819910,0.970541,4.0000,0.710553,0.418106
17,731,5,0.237730,0.029485,0.679829,0.263017,0.952059,4.0000,0.601079,0.500394
17,732,5,0.115212,0.039105,0.772092,0.214833,0.361847,10.0000,0.484767,0.689441
17,733,9,0.093420,0.068012,0.798216,0.111254,0.510221,10.0000,0.495140,0.742969
17,734,10,0.075864,0.041975,0.840628,0.140071,0.689468,12.0000,0.597552,0.829871
17,735,11,0.072967,0.040910,0.841215,0.095860,0.699276,9.0000,0.596769,0.831074
17,736,11,0.072967,0.040910,0.841215,0.095860,0.699276,6.0000,0.525500,0.831074
17,737,11,0.072967,0.040910,0.841215,0.095860,0.699276,7.0000,0.535369,0.831074
17,738,11,0.072968,0.040912,0.841452,0.096089,0.698476,12.0000,0.580373,0.831559
17,739,12,0.072875,0.039180,0.841778,0.095922,0.770807,8.0000,0.584191,0.832228
17,740,2,0.374062,0.010781,0.601204,0.000000,0.012553,5.0000,0.665754,0.367121
17,741,5,0.231706,0.065794,0.679368,0.077940,0.873669,8.0000,0.507598,0.526265
17,742,6,0.228612,0.048453,0.728273,0.121999,0.963351,6.0000,0.548160,0.625837
17,743,7,0.190178,0.088950,0.732512,0.226652,0.799987,3.0000,0.607312,0.634467
17,744,9,0.134916,0.074722,0.773594,0.150861,0.711466,9.0000,0.656380,0.718111
17,745,9,0.134916,0.074722,0.773594,0.150861,0.711466,4.0000,0.622913,0.718111
17,746,11,0.130956,0.083433,0.789655,0.089395,0.735397,10.0000,0.534591,0.750812
17,747,11,0.083521,0.065316,0.819870,0.143935,0.698850,8.0000,0.518242,0.812330
17,748,12,0.083326,0.062901,0.820379,0.143996,0.770669,6.0000,0.561623,0.813365
17,749,12,0.075228,0.034980,0.838163,0.154629,0.911308,11.0000,0.598065,0.849575
17,750,3,0.359166,0.061804,0.506939,1.091810,0.978978,4.0000,0.650681,0.257259
17,751,5,0.169047,0.049050,0.625081,0.468402,0.871290,4.0000,0.607803,0.492127
17,752,8,0.105898,0.047611,0.762821,0.100136,0.699165,7.0000,0.503901,0.765955
17,753,10,0.098903,0.029762,0.792984,0.092323,0.756180,8.0000,0.531305,0.823874
17,754,9,0.099028,0.031053,0.793512,0.081736,0.681769,6.0000,0.585879,0.824923
17,755,10,0.045804,0.030075,0.812983,0.082190,0.553112,9.0000,0.588458,0.863631
17,756,11,0.045327,0.030967,0.813594,0.063370,0.548498,8.0000,0.560119,0.864845
17,757,13,0.041169,0.028826,0.821512,0.071582,0.660615,9.0000,0.510393,0.873931
17,758,15,0.039124,0.027005,0.837811,0.073214,0.684605,11.0000,0.547268,0.887959
17,759,16,0.038944,0.026025,0.838080,0.074651,0.729847,12.0000,0.535929,0.888494
17,760,3,0.307148,0.059987,0.561216,0.879073,0.823499,3.0000,0.650241,0.421752
17,761,5,0.211575,0.096040,0.674780,0.270869,0.704243,2.0000,0.584589,0.642341
17,762,8,0.163210,0.083047,0.702001,0.116075,0.722390,8.0000,0.534679,0.695216
17,763,9,0.155049,0.079877,0.706943,0.115506,0.767644,5.0000,0.541144,0.704814
17,764,10,0.154993,0.076449,0.707057,0.120037,0.843995,3.0000,0.653256,0.705038
17,765,12,0.085688,0.049904,0.751639,0.143350,0.882730,6.0000,0.583669,0.791634
17,766,14,0.083385,0.053031,0.752450,0.080892,0.863974,7.0000,0.544485,0.793210
17,767,15,0.083380,0.049396,0.756239,0.086964,0.922807,6.0000,0.532440,0.797636
17,768,16,0.058415,0.040763,0.784544,0.097999,0.845999,10.0000,0.553299,0.831919
17,769,16,0.058415,0.040763,0.784544,0.097999,0.845999,6.0000,0.587595,0.831919
17,770,2,0.453479,0.260929,0.278787,0.000000,0.610668,2.0000,0.640347,0.244453
17,771,6,0.206651,0.126204,0.497471,0.036328,0.693959,7.0000,0.579525,0.458661
17,772,10,0.113925,0.098036,0.630254,0.102447,0.509945,13.0000,0.549470,0.653981
17,773,11,0.102468,0.093606,0.659881,0.097877,0.418624,7.0000,0.551614,0.682357
17,774,14,0.097765,0.100464,0.664236,0.068064,0.534842,7.0000,0.561378,0.690748
17,775,14,0.082207,0.091305,0.695478,0.068381,0.458276,6.0000,0.554819,0.750945
17,776,15,0.081875,0.090002,0.698205,0.067581,0.492564,8.0000,0.546365,0.752486
17,777,18,0.074721,0.084191,0.713938,0.041445,0.516586,9.0000,0.547170,0.768405
17,778,15,0.068589,0.074906,0.742862,0.041620,0.621786,5.0000,0.558848,0.819567
17,779,14,0.054124,0.057973,0.762042,0.053995,0.629439,7.0000,0.591182,0.856524
17,780,2,0.318725,0.149403,0.334873,0.000000,0.359929,2.0000,0.632697,0.239511
17,781,5,0.177018,0.129303,0.494740,0.203465,0.512694,5.0000,0.615719,0.449939
17,782,9,0.153685,0.113620,0.589273,0.130798,0.837827,10.0000,0.568367,0.628806
17,783,11,0.133878,0.095102,0.664610,0.096602,0.778167,12.0000,0.560780,0.737479
17,784,11,0.131892,0.091298,0.668736,0.083640,0.669201,4.0000,0.572554,0.740669
17,785,12,0.131890,0.087526,0.668765,0.086070,0.758845,1.0000,0.564881,0.740724
17,786,10,0.133775,0.059124,0.714452,0.118062,0.779891,8.0000,0.571989,0.819812
17,787,12,0.132829,0.058833,0.717258,0.095936,0.883376,11.0000,0.555131,0.825214
17,788,13,0.119350,0.058704,0.720006,0.063275,0.805274,7.0000,0.555868,0.830505
17,789,15,0.118715,0.055945,0.727687,0.047795,0.834542,7.0000,0.589116,0.839107
17,790,2,0.485798,0.070450,0.396446,0.000000,0.680327,2.0000,0.668707,0.375520
17,791,3,0.176435,0.090358,0.524838,0.219034,0.368633,1.0000,0.581755,0.539952
17,792,5,0.156520,0.082808,0.568948,0.246273,0.569780,7.0000,0.516946,0.626865
17,793,8,0.081394,0.058866,0.649945,0.177020,0.593590,11.0000,0.566829,0.758574
17,794,9,0.068612,0.041179,0.679776,0.057929,0.525989,5.0000,0.601206,0.810164
17,795,10,0.067971,0.040444,0.680603,0.075282,0.598521,2.0000,0.601212,0.811793
17,796,13,0.064384,0.038172,0.683126,0.063166,0.675910,6.0000,0.543328,0.815939
17,797,16,0.045660,0.033210,0.710560,0.056451,0.752176,9.0000,0.555525,0.861446
17,798,17,0.042216,0.032232,0.715344,0.048432,0.756523,5.0000,0.541856,0.870873
17,799,18,0.041727,0.032289,0.715873,0.036840,0.782035,6.0000,0.589184,0.871914
17,800,1,0.783304,0.065706,0.189803,0.000000,1.000000,1.0000,0.679249,0.195104
17,801,3,0.529094,0.071640,0.286338,0.066710,0.828159,3.0000,0.611708,0.347917
17,802,4,0.207456,0.062131,0.550630,0.497358,0.760430,2.0000,0.493281,0.628876
17,803,7,0.149483,0.086304,0.574414,0.061366,0.543256,6.0000,0.556075,0.666325
17,804,7,0.148905,0.081006,0.589735,0.079652,0.570718,3.0000,0.546727,0.696389
17,805,8,0.148499,0.076774,0.590378,0.106586,0.698636,3.0000,0.613326,0.697652
17,806,9,0.148126,0.072958,0.592791,0.114008,0.791406,3.0000,0.539338,0.702386
17,807,9,0.103917,0.056097,0.627071,0.114412,0.701560,4.0000,0.520347,0.755137
17,808,11,0.081373,0.057432,0.628958,0.100512,0.654468,4.0000,0.603056,0.758840
17,809,10,0.085255,0.052004,0.632676,0.101975,0.694879,3.0000,0.572443,0.766136
17,810,0,,,,,,0.0000,0.583922,0.000000
17,811,0,,,,,,0.0000,0.638988,0.000000
17,812,0,,,,,,0.0000,0.674775,0.000000
17,813,0,,,,,,0.0000,0.615850,0.000000
17,814,0,,,,,,0.0000,0.597708,0.000000
17,815,0,,,,,,0.0000,0.630403,0.000000
17,816,0,,,,,,0.0000,0.631131,0.000000
17,817,0,,,,,,0.0000,0.612421,0.000000
17,818,0,,,,,,0.0000,0.605902,0.000000
17,819,0,,,,,,0.0000,0.608645,0.000000
17,820,0,,,,,,0.0000,0.627274,0.000000
17,821,0,,,,,,0.0000,0.602972,0.000000
17,822,0,,,,,,0.0000,0.589039,0.000000
17,823,0,,,,,,0.0000,0.613046,0.000000
17,824,0,,,,,,0.0000,0.633158,0.000000
17,825,0,,,,,,0.0000,0.604658,0.000000
17,826,0,,,,,,0.0000,0.592051,0.000000
17,827,0,,,,,,0.0000,0.633415,0.000000
17,828,0,,,,,,0.0000,0.610164,0.000000
17,829,0,,,,,,0.0000,0.560679,0.000000
17,830,0,,,,,,0.0000,0.619628,0.000000
17,831,0,,,,,,0.0000,0.649678,0.000000
17,832,0,,,,,,0.0000,0.623381,0.000000
17,833,0,,,,,,0.0000,0.571832,0.000000
17,834,0,,,,,,0.0000,0.589491,0.000000
17,835,0,,,,,,0.0000,0.609046,0.000000
17,836,0,,,,,,0.0000,0.624354,0.000000
17,837,0,,,,,,0.0000,0.621819,0.000000
17,838,0,,,,,,0.0000,0.586423,0.000000
17,839,0,,,,,,0.0000,0.584919,0.000000
17,840,0,,,,,,0.0000,0.599465,0.000000
17,841,0,,,,,,0.0000,0.614569,0.000000
17,842,0,,,,,,0.0000,0.640368,0.000000
17,843,0,,,,,,0.0000,0.628335,0.000000
17,844,0,,,,,,0.0000,0.622123,0.000000
17,845,0,,,,,,0.0000,0.607483,0.000000
17,846,0,,,,,,0.0000,0.605788,0.000000
17,847,0,,,,,,0.0000,0.584659,0.000000
17,848,0,,,,,,0.0000,0.616787,0.000000
17,849,0,,,,,,0.0000,0.627806,0.000000
17,850,0,,,,,,0.0000,0.595283,0.000000
17,851,0,,,,,,0.0000,0.611980,0.000000
17,852,0,,,,,,0.0000,0.619793,0.000000
17,853,0,,,,,,0.0000,0.619181,0.000000
17,854,0,,,,,,0.0000,0.597664,0.000000
17,855,0,,,,,,0.0000,0.607184,0.000000
17,856,0,,,,,,0.0000,0.619087,0.000000
17,857,0,,,,,,0.0000,0.636011,0.000000
17,858,0,,,,,,0.0000,0.633641,0.000000
17,859,0,,,,,,0.0000,0.587261,0.000000
17,860,0,,,,,,0.0000,0.601189,0.000000
17,861,0,,,,,,0.0000,0.629249,0.000000
17,862,0,,,,,,0.0000,0.643041,0.000000
17,863,0,,,,,,0.0000,0.610886,0.000000
17,864,0,,,,,,0.0000,0.598239,0.000000
17,865,0,,,,,,0.0000,0.598881,0.000000
17,866,0,,,,,,0.0000,0.613954,0.000000
17,867,0,,,,,,0.0000,0.606641,0.000000
17,868,0,,,,,,0.0000,0.591461,0.000000
17,869,0,,,,,,0.0000,0.618850,0.000000
17,870,0,,,,,,0.0000,0.626297,0.000000
17,871,0,,,,,,0.0000,0.612931,0.000000
17,872,0,,,,,,0.0000,0.617722,0.000000
17,873,0,,,,,,0.0000,0.618254,0.000000
17,874,0,,,,,,0.0000,0.634937,0.000000
17,875,0,,,,,,0.0000,0.638997,0.000000
17,876,0,,,,,,0.0000,0.606668,0.000000
17,877,0,,,,,,0.0000,0.585354,0.000000
17,878,0,,,,,,0.0000,0.606493,0.000000
17,879,0,,,,,,0.0000,0.595887,0.000000
17,880,0,,,,,,0.0000,0.588523,0.000000
17,881,0,,,,,,0.0000,0.644547,0.000000
17,882,0,,,,,,0.0000,0.632496,0.000000
17,883,0,,,,,,0.0000,0.598178,0.000000
17,884,0,,,,,,0.0000,0.617103,0.000000
17,885,0,,,,,,0.0000,0.627935,0.000000
17,886,0,,,,,,0.0000,0.595807,0.000000
17,887,0,,,,,,0.0000,0.601910,0.000000
17,888,0,,,,,,0.0000,0.620211,0.000000
17,889,0,,,,,,0.0000,0.602728,0.000000
17,890,0,,,,,,0.0000,0.593332,0.000000
17,891,0,,,,,,0.0000,0.611935,0.000000
17,892,0,,,,,,0.0000,0.634238,0.000000
17,893,0,,,,,,0.0000,0.656341,0.000000
17,894,0,,,,,,0.0000,0.620407,0.000000
17,895,0,,,,,,0.0000,0.597336,0.000000
17,896,0,,,,,,0.0000,0.613945,0.000000
17,897,0,,,,,,0.0000,0.614233,0.000000
17,898,0,,,,,,0.0000,0.627165,0.000000
17,899,0,,,,,,0.0000,0.591181,0.000000
17,900,0,,,,,,0.0000,0.603714,0.000000
17,901,0,,,,,,0.0000,0.601458,0.000000
17,902,0,,,,,,0.0000,0.627955,0.000000
17,903,0,,,,,,0.0000,0.625035,0.000000
17,904,0,,,,,,0.0000,0.579659,0.000000
17,905,0,,,,,,0.0000,0.594223,0.000000
17,906,0,,,,,,0.0000,0.611638,0.000000
17,907,0,,,,,,0.0000,0.600782,0.000000
17,908,0,,,,,,0.0000,0.624615,0.000000
17,909,0,,,,,,0.0000,0.580999,0.000000
17,910,0,,,,,,0.0000,0.617205,0.000000
17,911,0,,,,,,0.0000,0.607943,0.000000
17,912,0,,,,,,0.0000,0.630200,0.000000
17,913,0,,,,,,0.0000,0.609367,0.000000
17,914,0,,,,,,0.0000,0.605338,0.000000
17,915,0,,,,,,0.0000,0.637437,0.000000
17,916,0,,,,,,0.0000,0.592573,0.000000
17,917,0,,,,,,0.0000,0.586023,0.000000
17,918,0,,,,,,0.0000,0.622647,0.000000
17,919,0,,,,,,0.0000,0.625379,0.000000
17,920,0,,,,,,0.0000,0.617483,0.000000
17,921,0,,,,,,0.0000,0.597566,0.000000
17,922,0,,,,,,0.0000,0.596615,0.000000
17,923,0,,,,,,0.0000,0.631185,0.000000
17,924,0,,,,,,0.0000,0.648863,0.000000
17,925,0,,,,,,0.0000,0.647246,0.000000
17,926,0,,,,,,0.0000,0.588888,0.000000
17,927,0,,,,,,0.0000,0.593133,0.000000
17,928,0,,,,,,0.0000,0.621907,0.000000
17,929,0,,,,,,0.0000,0.626066,0.000000
17,930,0,,,,,,0.0000,0.611072,0.000000
17,931,0,,,,,,0.0000,0.583458,0.000000
17,932,0,,,,,,0.0000,0.610821,0.000000
17,933,0,,,,,,0.0000,0.622674,0.000000
17,934,0,,,,,,0.0000,0.617933,0.000000
17,935,0,,,,,,0.0000,0.557938,0.000000
17,936,0,,,,,,0.0000,0.600651,0.000000
17,937,0,,,,,,0.0000,0.643687,0.000000
17,938,0,,,,,,0.0000,0.653680,0.000000
17,939,0,,,,,,0.0000,0.592725,0.000000
17,940,0,,,,,,0.0000,0.588360,0.000000
17,941,0,,,,,,0.0000,0.621525,0.000000
17,942,0,,,,,,0.0000,0.627487,0.000000
17,943,0,,,,,,0.0000,0.622918,0.000000
17,944,0,,,,,,0.0000,0.587633,0.000000
17,945,0,,,,,,0.0000,0.607808,0.000000
17,946,0,,,,,,0.0000,0.659596,0.000000
17,947,0,,,,,,0.0000,0.621181,0.000000
17,948,0,,,,,,0.0000,0.564149,0.000000
17,949,0,,,,,,0.0000,0.587990,0.000000
17,950,0,,,,,,0.0000,0.609497,0.000000
17,951,0,,,,,,0.0000,0.620521,0.000000
17,952,0,,,,,,0.0000,0.597373,0.000000
17,953,0,,,,,,0.0000,0.608305,0.000000
17,954,0,,,,,,0.0000,0.625646,0.000000
17,955,0,,,,,,0.0000,0.632946,0.000000
17,956,0,,,,,,0.0000,0.609308,0.000000
17,957,0,,,,,,0.0000,0.639892,0.000000
17,958,0,,,,,,0.0000,0.591791,0.000000
17,959,0,,,,,,0.0000,0.602118,0.000000
17,960,0,,,,,,0.0000,0.622520,0.000000
17,961,0,,,,,,0.0000,0.636250,0.000000
17,962,0,,,,,,0.0000,0.584004,0.000000
17,963,0,,,,,,0.0000,0.600319,0.000000
17,964,0,,,,,,0.0000,0.646802,0.000000
17,965,0,,,,,,0.0000,0.619145,0.000000
17,966,0,,,,,,0.0000,0.589294,0.000000
17,967,0,,,,,,0.0000,0.594274,0.000000
17,968,0,,,,,,0.0000,0.626336,0.000000
17,969,0,,,,,,0.0000,0.629278,0.000000
17,970,0,,,,,,0.0000,0.593851,0.000000
17,971,0,,,,,,0.0000,0.581557,0.000000
17,972,0,,,,,,0.0000,0.590898,0.000000
17,973,0,,,,,,0.0000,0.639066,0.000000
17,974,0,,,,,,0.0000,0.659243,0.000000
17,975,0,,,,,,0.0000,0.593912,0.000000
17,976,0,,,,,,0.0000,0.571743,0.000000
17,977,0,,,,,,0.0000,0.601034,0.000000
17,978,0,,,,,,0.0000,0.607459,0.000000
17,979,0,,,,,,0.0000,0.608184,0.000000
17,980,0,,,,,,0.0000,0.607146,0.000000
17,981,0,,,,,,0.0000,0.629902,0.000000
17,982,0,,,,,,0.0000,0.610539,0.000000
17,983,0,,,,,,0.0000,0.570949,0.000000
17,984,0,,,,,,0.0000,0.609961,0.000000
17,985,0,,,,,,0.0000,0.620348,0.000000
17,986,0,,,,,,0.0000,0.591677,0.000000
17,987,0,,,,,,0.0000,0.622980,0.000000
17,988,0,,,,,,0.0000,0.612904,0.000000
17,989,0,,,,,,0.0000,0.637707,0.000000
17,990,0,,,,,,0.0000,0.609033,0.000000
17,991,0,,,,,,0.0000,0.604959,0.000000
17,992,0,,,,,,0.0000,0.633939,0.000000
17,993,0,,,,,,0.0000,0.628780,0.000000
17,994,0,,,,,,0.0000,0.605136,0.000000
17,995,0,,,,,,0.0000,0.607522,0.000000
17,996,0,,,,,,0.0000,0.592268,0.000000
17,997,0,,,,,,0.0000,0.633925,0.000000
17,998,0,,,,,,0.0000,0.624590,0.000000
17,999,0,,,,,,0.0000,0.603493,0.000000
17,1000,0,,,,,,0.0000,0.583531,0.000000
18,1,6,0.345326,0.182564,0.462723,0.167149,0.749943,9.0000,0.986513,0.366226
18,2,10,0.227812,0.149874,0.590370,0.073823,0.646144,11.0000,1.253310,0.494194
18,3,10,0.185475,0.146434,0.658396,0.083628,0.639417,5.0000,1.251296,0.557925
18,4,8,0.087236,0.056580,0.869116,0.104817,0.537698,9.0000,1.174804,0.810661
18,5,8,0.087528,0.056615,0.871794,0.105214,0.536295,9.0000,1.223970,0.815916
18,6,8,0.087528,0.056615,0.871794,0.105214,0.536295,4.0000,1.266295,0.815916
18,7,9,0.087500,0.055206,0.873779,0.114017,0.647670,6.0000,1.190039,0.816873
18,8,11,0.086438,0.058067,0.874690,0.102666,0.753630,9.0000,1.193567,0.818662
18,9,11,0.086438,0.058067,0.874690,0.102666,0.753630,3.0000,1.243395,0.818662
18,10,0,,,,,,0.0000,1.427972,0.000000
18,11,0,,,,,,0.0000,1.451080,0.000000
18,12,0,,,,,,0.0000,1.365276,0.000000
18,13,0,,,,,,0.0000,1.352837,0.000000
18,14,0,,,,,,0.0000,1.387182,0.000000
18,15,0,,,,,,0.0000,1.403374,0.000000
18,16,0,,,,,,0.0000,1.369738,0.000000
18,17,0,,,,,,0.0000,1.381639,0.000000
18,18,0,,,,,,0.0000,1.352099,0.000000
18,19,0,,,,,,0.0000,1.384452,0.000000
18,20,0,,,,,,0.0000,1.466828,0.000000
18,21,0,,,,,,0.0000,1.418257,0.000000
18,22,0,,,,,,0.0000,1.421511,0.000000
18,23,0,,,,,,0.0000,1.427106,0.000000
18,24,0,,,,,,0.0000,1.404116,0.000000
18,25,0,,,,,,0.0000,1.386990,0.000000
18,26,0,,,,,,0.0000,1.374349,0.000000
18,27,0,,,,,,0.0000,1.427036,0.000000
18,28,0,,,,,,0.0000,1.441700,0.000000
18,29,0,,,,,,0.0000,1.394779,0.000000
18,30,0,,,,,,0.0000,1.429443,0.000000
18,31,0,,,,,,0.0000,1.448200,0.000000
18,32,0,,,,,,0.0000,1.418966,0.000000
18,33,0,,,,,,0.0000,1.405174,0.000000
18,34,0,,,,,,0.0000,1.379986,0.000000
18,35,0,,,,,,0.0000,1.420016,0.000000
18,36,0,,,,,,0.0000,1.423883,0.000000
18,37,0,,,,,,0.0000,1.397973,0.000000
18,38,0,,,,,,0.0000,1.410178,0.000000
18,39,0,,,,,,0.0000,1.444697,0.000000
18,40,0,,,,,,0.0000,1.421225,0.000000
18,41,0,,,,,,0.0000,1.401511,0.000000
18,42,0,,,,,,0.0000,1.407638,0.000000
18,43,0,,,,,,0.0000,1.393770,0.000000
18,44,0,,,,,,0.0000,1.437999,0.000000
18,45,0,,,,,,0.0000,1.439050,0.000000
18,46,0,,,,,,0.0000,1.376834,0.000000
18,47,0,,,,,,0.0000,1.400590,0.000000
18,48,0,,,,,,0.0000,1.443989,0.000000
18,49,0,,,,,,0.0000,1.365485,0.000000
18,50,0,,,,,,0.0000,1.380297,0.000000
18,51,0,,,,,,0.0000,1.409119,0.000000
18,52,0,,,,,,0.0000,1.446850,0.000000
18,53,0,,,,,,0.0000,1.397277,0.000000
18,54,0,,,,,,0.0000,1.380845,0.000000
18,55,0,,,,,,0.0000,1.435320,0.000000
18,56,0,,,,,,0.0000,1.438407,0.000000
18,57,0,,,,,,0.0000,1.365237,0.000000
18,58,0,,,,,,0.0000,1.404701,0.000000
18,59,0,,,,,,0.0000,1.428554,0.000000
18,60,0,,,,,,0.0000,1.419755,0.000000
18,61,0,,,,,,0.0000,1.397652,0.000000
18,62,0,,,,,,0.0000,1.382601,0.000000
18,63,0,,,,,,0.0000,1.420619,0.000000
18,64,0,,,,,,0.0000,1.415995,0.000000
18,65,0,,,,,,0.0000,1.446097,0.000000
18,66,0,,,,,,0.0000,1.430961,0.000000
18,67,0,,,,,,0.0000,1.375885,0.000000
18,68,0,,,,,,0.0000,1.421390,0.000000
18,69,0,,,,,,0.0000,1.414604,0.000000
18,70,0,,,,,,0.0000,1.386129,0.000000
18,71,0,,,,,,0.0000,1.386124,0.000000
18,72,0,,,,,,0.0000,1.379156,0.000000
18,73,0,,,,,,0.0000,1.437658,0.000000
18,74,0,,,,,,0.0000,1.408572,0.000000
18,75,0,,,,,,0.0000,1.380444,0.000000
18,76,0,,,,,,0.0000,1.397049,0.000000
18,77,0,,,,,,0.0000,1.389628,0.000000
18,78,0,,,,,,0.0000,1.391947,0.000000
18,79,0,,,,,,0.0000,1.428236,0.000000
18,80,0,,,,,,0.0000,1.410753,0.000000
18,81,0,,,,,,0.0000,1.387958,0.000000
18,82,0,,,,,,0.0000,1.417296,0.000000
18,83,0,,,,,,0.0000,1.452087,0.000000
18,84,0,,,,,,0.0000,1.399614,0.000000
18,85,0,,,,,,0.0000,1.366822,0.000000
18,86,0,,,,,,0.0000,1.402465,0.000000
18,87,0,,,,,,0.0000,1.454948,0.000000
18,88,0,,,,,,0.0000,1.431827,0.000000
18,89,0,,,,,,0.0000,1.385472,0.000000
18,90,0,,,,,,0.0000,1.446123,0.000000
18,91,0,,,,,,0.0000,1.446878,0.000000
18,92,0,,,,,,0.0000,1.447778,0.000000
18,93,0,,,,,,0.0000,1.426708,0.000000
18,94,0,,,,,,0.0000,1.396302,0.000000
18,95,0,,,,,,0.0000,1.409317,0.000000
18,96,0,,,,,,0.0000,1.424898,0.000000
18,97,0,,,,,,0.0000,1.410705,0.000000
18,98,0,,,,,,0.0000,1.400197,0.000000
18,99,0,,,,,,0.0000,1.406811,0.000000
18,100,0,,,,,,0.0000,1.457316,0.000000
18,101,0,,,,,,0.0000,1.423530,0.000000
18,102,0,,,,,,0.0000,1.371688,0.000000
18,103,0,,,,,,0.0000,1.408436,0.000000
18,104,0,,,,,,0.0000,1.445063,0.000000
18,105,0,,,,,,0.0000,1.458929,0.000000
18,106,0,,,,,,0.0000,1.396902,0.000000
18,107,0,,,,,,0.0000,1.369767,0.000000
18,108,0,,,,,,0.0000,1.400024,0.000000
18,109,0,,,,,,0.0000,1.458665,0.000000
18,110,0,,,,,,0.0000,1.402828,0.000000
18,111,0,,,,,,0.0000,1.403235,0.000000
18,112,0,,,,,,0.0000,1.414504,0.000000
18,113,0,,,,,,0.0000,1.412742,0.000000
18,114,0,,,,,,0.0000,1.402340,0.000000
18,115,0,,,,,,0.0000,1.373251,0.000000
18,116,0,,,,,,0.0000,1.377983,0.000000
18,117,0,,,,,,0.0000,1.408735,0.000000
18,118,0,,,,,,0.0000,1.409433,0.000000
18,119,0,,,,,,0.0000,1.366400,0.000000
18,120,0,,,,,,0.0000,1.399869,0.000000
18,121,0,,,,,,0.0000,1.407474,0.000000
18,122,0,,,,,,0.0000,1.425695,0.000000
18,123,0,,,,,,0.0000,1.413700,0.000000
18,124,0,,,,,,0.0000,1.388183,0.000000
18,125,0,,,,,,0.0000,1.391372,0.000000
18,126,0,,,,,,0.0000,1.417280,0.000000
18,127,0,,,,,,0.0000,1.418374,0.000000
18,128,0,,,,,,0.0000,1.407561,0.000000
18,129,0,,,,,,0.0000,1.419343,0.000000
18,130,0,,,,,,0.0000,1.400508,0.000000
18,131,0,,,,,,0.0000,1.425975,0.000000
18,132,0,,,,,,0.0000,1.427980,0.000000
18,133,0,,,,,,0.0000,1.386262,0.000000
18,134,0,,,,,,0.0000,1.404100,0.000000
18,135,0,,,,,,0.0000,1.388973,0.000000
18,136,0,,,,,,0.0000,1.416267,0.000000
18,137,0,,,,,,0.0000,1.386834,0.000000
18,138,0,,,,,,0.0000,1.400734,0.000000
18,139,0,,,,,,0.0000,1.431319,0.000000
18,140,0,,,,,,0.0000,1.413184,0.000000
18,141,0,,,,,,0.0000,1.402137,0.000000
18,142,0,,,,,,0.0000,1.399401,0.000000
18,143,0,,,,,,0.0000,1.424621,0.000000
18,144,0,,,,,,0.0000,1.395162,0.000000
18,145,0,,,,,,0.0000,1.383960,0.000000
18,146,0,,,,,,0.0000,1.422378,0.000000
18,147,0,,,,,,0.0000,1.436913,0.000000
18,148,0,,,,,,0.0000,1.402019,0.000000
18,149,0,,,,,,0.0000,1.377624,0.000000
18,150,0,,,,,,0.0000,1.371924,0.000000
18,151,0,,,,,,0.0000,1.426354,0.000000
18,152,0,,,,,,0.0000,1.432780,0.000000
18,153,0,,,,,,0.0000,1.409262,0.000000
18,154,0,,,,,,0.0000,1.386288,0.000000
18,155,0,,,,,,0.0000,1.403622,0.000000
18,156,0,,,,,,0.0000,1.403095,0.000000
18,157,0,,,,,,0.0000,1.395358,0.000000
18,158,0,,,,,,0.0000,1.437146,0.000000
18,159,0,,,,,,0.0000,1.424968,0.000000
18,160,0,,,,,,0.0000,1.415348,0.000000
18,161,0,,,,,,0.0000,1.391023,0.000000
18,162,0,,,,,,0.0000,1.368422,0.000000
18,163,0,,,,,,0.0000,1.410152,0.000000
18,164,0,,,,,,0.0000,1.438635,0.000000
18,165,0,,,,,,0.0000,1.425182,0.000000
18,166,0,,,,,,0.0000,1.374168,0.000000
18,167,0,,,,,,0.0000,1.370608,0.000000
18,168,0,,,,,,0.0000,1.447407,0.000000
18,169,0,,,,,,0.0000,1.450884,0.000000
18,170,0,,,,,,0.0000,1.378778,0.000000
18,171,0,,,,,,0.0000,1.320097,0.000000
18,172,0,,,,,,0.0000,1.391815,0.000000
18,173,0,,,,,,0.0000,1.482631,0.000000
18,174,0,,,,,,0.0000,1.439451,0.000000
18,175,0,,,,,,0.0000,1.407638,0.000000
18,176,0,,,,,,0.0000,1.372756,0.000000
18,177,0,,,,,,0.0000,1.397385,0.000000
18,178,0,,,,,,0.0000,1.423836,0.000000
18,179,0,,,,,,0.0000,1.437259,0.000000
18,180,0,,,,,,0.0000,1.394011,0.000000
18,181,0,,,,,,0.0000,1.448960,0.000000
18,182,0,,,,,,0.0000,1.457864,0.000000
18,183,0,,,,,,0.0000,1.398896,0.000000
18,184,0,,,,,,0.0000,1.404876,0.000000
18,185,0,,,,,,0.0000,1.427460,0.000000
18,186,0,,,,,,0.0000,1.390024,0.000000
18,187,0,,,,,,0.0000,1.404978,0.000000
18,188,0,,,,,,0.0000,1.423228,0.000000
18,189,0,,,,,,0.0000,1.391236,0.000000
18,190,0,,,,,,0.0000,1.396007,0.000000
18,191,0,,,,,,0.0000,1.440403,0.000000
18,192,0,,,,,,0.0000,1.415983,0.000000
18,193,0,,,,,,0.0000,1.354796,0.000000
18,194,0,,,,,,0.0000,1.403575,0.000000
18,195,0,,,,,,0.0000,1.420013,0.000000
18,196,0,,,,,,0.0000,1.416703,0.000000
18,197,0,,,,,,0.0000,1.372273,0.000000
18,198,0,,,,,,0.0000,1.421295,0.000000
18,199,0,,,,,,0.0000,1.400446,0.000000
18,200,0,,,,,,0.0000,1.452153,0.000000
18,201,0,,,,,,0.0000,1.395726,0.000000
18,202,0,,,,,,0.0000,1.331582,0.000000
18,203,0,,,,,,0.0000,1.385212,0.000000
18,204,0,,,,,,0.0000,1.433680,0.000000
18,205,0,,,,,,0.0000,1.471949,0.000000
18,206,0,,,,,,0.0000,1.399996,0.000000
18,207,0,,,,,,0.0000,1.386106,0.000000
18,208,0,,,,,,0.0000,1.391636,0.000000
18,209,0,,,,,,0.0000,1.402449,0.000000
18,210,0,,,,,,0.0000,1.422800,0.000000
18,211,0,,,,,,0.0000,1.439807,0.000000
18,212,0,,,,,,0.0000,1.381836,0.000000
18,213,0,,,,,,0.0000,1.400869,0.000000
18,214,0,,,,,,0.0000,1.404076,0.000000
18,215,0,,,,,,0.0000,1.383820,0.000000
18,216,0,,,,,,0.0000,1.403529,0.000000
18,217,0,,,,,,0.0000,1.406134,0.000000
18,218,0,,,,,,0.0000,1.407454,0.000000
18,219,0,,,,,,0.0000,1.443970,0.000000
18,220,0,,,,,,0.0000,1.424623,0.000000
18,221,0,,,,,,0.0000,1.371001,0.000000
18,222,0,,,,,,0.0000,1.397684,0.000000
18,223,0,,,,,,0.0000,1.411509,0.000000
18,224,0,,,,,,0.0000,1.398146,0.000000
18,225,0,,,,,,0.0000,1.414615,0.000000
18,226,0,,,,,,0.0000,1.449567,0.000000
18,227,0,,,,,,0.0000,1.406897,0.000000
18,228,0,,,,,,0.0000,1.382349,0.000000
18,229,0,,,,,,0.0000,1.384823,0.000000
18,230,0,,,,,,0.0000,1.408454,0.000000
18,231,0,,,,,,0.0000,1.445496,0.000000
18,232,0,,,,,,0.0000,1.415097,0.000000
18,233,0,,,,,,0.0000,1.356477,0.000000
18,234,0,,,,,,0.0000,1.381719,0.000000
18,235,0,,,,,,0.0000,1.464161,0.000000
18,236,0,,,,,,0.0000,1.472432,0.000000
18,237,0,,,,,,0.0000,1.354743,0.000000
18,238,0,,,,,,0.0000,1.319251,0.000000
18,239,0,,,,,,0.0000,1.416818,0.000000
18,240,1,0.858127,0.004902,0.492898,0.000000,1.000000,1.0000,1.480319,0.201004
18,241,2,0.334348,0.006073,0.832361,0.000000,0.103000,8.0000,1.126933,0.502984
18,242,8,0.095755,0.075621,0.957077,0.123960,0.658665,14.0000,1.017624,0.745237
18,243,10,0.089729,0.069696,0.980130,0.035927,0.768117,10.0000,1.151760,0.790015
18,244,10,0.089729,0.069696,0.980130,0.035927,0.768117,5.0000,1.286548,0.790015
18,245,11,0.068072,0.065104,0.991757,0.038633,0.676940,8.0000,1.308932,0.812600
18,246,13,0.063762,0.063307,1.000005,0.035978,0.628727,9.0000,1.152211,0.819308
18,247,13,0.058979,0.055881,1.013658,0.035227,0.718743,6.0000,1.087420,0.845827
18,248,13,0.058847,0.055777,1.014772,0.035270,0.719063,6.0000,1.284287,0.847991
18,249,13,0.058847,0.055777,1.014772,0.035270,0.719063,5.0000,1.342084,0.847991
18,250,1,0.850710,0.009680,0.428777,0.000000,1.000000,1.0000,1.488347,0.190151
18,251,4,0.189291,0.043758,0.927884,0.132714,0.458904,4.0000,1.212783,0.595672
18,252,5,0.180915,0.046304,0.939341,0.200420,0.676526,3.0000,1.158728,0.618448
18,253,6,0.158812,0.043813,0.992405,0.180279,0.702533,6.0000,1.210724,0.723940
18,254,7,0.155902,0.042217,0.996791,0.164743,0.834824,5.0000,1.332655,0.732661
18,255,8,0.155443,0.041110,0.997613,0.158884,0.925466,8.0000,1.267753,0.734294
18,256,11,0.088090,0.042607,1.035628,0.161163,0.799807,9.0000,1.222533,0.809868
18,257,11,0.088090,0.042607,1.035628,0.161163,0.799807,7.0000,1.214359,0.809868
18,258,11,0.076488,0.048803,1.042750,0.107525,0.659674,12.0000,1.168641,0.824028
18,259,12,0.076488,0.058091,1.043265,0.099737,0.600901,4.0000,1.309252,0.825051
18,260,1,0.787400,0.218746,0.306529,0.000000,1.000000,1.0000,1.496721,0.000000
18,261,3,0.293245,0.024110,0.931004,0.764201,0.676725,5.0000,1.312467,0.556986
18,262,6,0.168445,0.041665,0.989211,0.081107,0.701462,11.0000,1.096857,0.675497
18,263,7,0.166960,0.035762,0.991765,0.102861,0.822064,5.0000,1.308675,0.680698
18,264,8,0.105437,0.056738,1.005610,0.147294,0.656977,8.0000,1.293634,0.708885
18,265,9,0.096957,0.053495,1.029533,0.094961,0.560375,8.0000,1.242628,0.757593
18,266,10,0.121685,0.050837,1.048875,0.067258,0.785070,7.0000,1.191507,0.796975
18,267,10,0.121685,0.050837,1.048875,0.067258,0.785070,6.0000,1.153162,0.796975
18,268,11,0.121418,0.048286,1.051452,0.075275,0.822190,9.0000,1.244810,0.801099
18,269,11,0.121418,0.048286,1.051452,0.075275,0.822190,7.0000,1.237707,0.801099
18,270,3,0.228240,0.030866,0.964648,0.590044,0.694993,6.0000,1.433533,0.701551
18,271,3,0.228240,0.030866,0.964648,0.590044,0.694993,2.0000,1.289477,0.701551
18,272,5,0.165248,0.062648,0.980887,0.178606,0.637447,6.0000,1.120772,0.734826
18,273,6,0.165166,0.100708,0.983503,0.090899,0.600413,6.0000,1.185453,0.734826
18,274,6,0.153850,0.058414,1.045265,0.116137,0.537589,10.0000,1.318454,0.763358
18,275,8,0.129286,0.071851,1.049972,0.123193,0.545208,6.0000,1.222885,0.773004
18,276,9,0.126519,0.068213,1.051147,0.111751,0.638713,11.0000,1.149113,0.775410
18,277,10,0.126016,0.066316,1.051557,0.108142,0.677991,9.0000,1.211410,0.776251
18,278,11,0.124240,0.068108,1.053351,0.067932,0.656310,3.0000,1.213540,0.779928
18,279,12,0.104574,0.066078,1.062250,0.065464,0.634564,8.0000,1.231012,0.798162
18,280,2,0.442598,0.031200,0.726835,0.000000,0.604914,4.0000,1.477124,0.449749
18,281,4,0.147398,0.035283,1.005064,0.309383,0.488325,6.0000,1.290590,0.751523
18,282,8,0.082105,0.054633,1.022701,0.102052,0.698400,8.0000,1.158716,0.785278
18,283,9,0.066074,0.048785,1.076962,0.090756,0.634848,10.0000,1.174024,0.848993
18,284,10,0.061007,0.046699,1.080435,0.089432,0.651029,8.0000,1.226518,0.856183
18,285,11,0.059826,0.044787,1.081495,0.028703,0.606004,9.0000,1.190613,0.858376
18,286,11,0.059826,0.044787,1.081495,0.028703,0.606004,8.0000,1.206598,0.858376
18,287,14,0.056950,0.043590,1.109784,0.045538,0.613646,9.0000,1.204230,0.874466
18,288,15,0.055333,0.046684,1.122657,0.049405,0.520803,12.0000,1.182796,0.901115
18,289,16,0.048459,0.044243,1.131210,0.034667,0.562736,16.0000,1.217973,0.918818
18,290,2,0.675760,0.088574,0.580671,0.000000,0.835637,3.0000,1.471291,0.244454
18,291,5,0.228424,0.120352,0.862549,0.025809,0.948143,7.0000,1.303105,0.452147
18,292,5,0.202090,0.067139,0.924936,0.073491,0.981797,15.0000,1.085101,0.541324
18,293,7,0.106864,0.060863,1.000179,0.070666,0.771543,8.0000,1.153154,0.699804
18,294,10,0.103418,0.052582,1.079795,0.044497,0.716702,8.0000,1.265138,0.795999
18,295,10,0.103467,0.052444,1.080536,0.044062,0.713410,9.0000,1.287647,0.797559
18,296,11,0.075439,0.055526,1.099321,0.076900,0.602690,5.0000,1.185550,0.837124
18,297,13,0.073986,0.051888,1.100072,0.080017,0.634380,11.0000,1.165590,0.838706
18,298,13,0.073986,0.051888,1.100072,0.080017,0.634380,3.0000,1.266197,0.838706
18,299,14,0.070217,0.039264,1.118032,0.091289,0.721783,8.0000,1.252465,0.876534
18,300,2,0.327305,0.093396,0.740039,0.000000,0.127543,3.0000,1.420443,0.179589
18,301,4,0.177250,0.103507,0.884177,0.083893,0.228870,6.0000,1.352028,0.381810
18,302,8,0.133974,0.104285,0.972795,0.125634,0.401941,9.0000,1.193927,0.567408
18,303,8,0.083475,0.059694,1.044385,0.106734,0.444660,11.0000,1.147623,0.717344
18,304,11,0.077401,0.069179,1.059215,0.091626,0.607789,10.0000,1.167574,0.748403
18,305,12,0.065529,0.066789,1.092557,0.059858,0.540429,8.0000,1.301920,0.818234
18,306,12,0.065529,0.066789,1.092557,0.059858,0.540429,8.0000,1.296054,0.818234
18,307,13,0.062281,0.057490,1.100040,0.066967,0.570053,5.0000,1.161647,0.833904
18,308,15,0.058042,0.056328,1.100787,0.060206,0.550258,9.0000,1.186003,0.835469
18,309,16,0.052396,0.052091,1.104764,0.058667,0.561364,13.0000,1.258977,0.843799
18,310,2,0.361122,0.025406,0.844949,0.000000,0.034031,4.0000,1.500106,0.301354
18,311,3,0.215199,0.048551,0.919534,0.377782,0.316645,7.0000,1.246496,0.458448
18,312,5,0.108320,0.041007,1.045489,0.225625,0.310108,9.0000,1.126519,0.723741
18,313,7,0.099901,0.041286,1.067178,0.274336,0.637782,10.0000,1.256932,0.769423
18,314,7,0.099686,0.040924,1.068365,0.274397,0.640073,13.0000,1.258425,0.771924
18,315,8,0.080558,0.046435,1.081772,0.124428,0.567719,7.0000,1.226334,0.800162
18,316,9,0.080297,0.048973,1.082273,0.130324,0.672952,11.0000,1.226137,0.801218
18,317,10,0.078155,0.046543,1.083664,0.122289,0.754266,12.0000,1.263769,0.804147
18,318,10,0.077967,0.046421,1.084328,0.121625,0.754457,5.0000,1.253196,0.805546
18,319,11,0.069642,0.040685,1.095900,0.065556,0.729700,13.0000,1.227759,0.829919
18,320,1,0.845217,0.032852,0.505699,0.000000,1.000000,1.0000,1.437360,0.136938
18,321,4,0.182712,0.076480,0.880379,0.340812,0.523038,4.0000,1.289504,0.461988
18,322,7,0.107094,0.089471,1.011949,0.206513,0.436379,6.0000,1.138988,0.673489
18,323,7,0.084573,0.050865,1.054307,0.089255,0.302505,5.0000,1.189943,0.761169
18,324,9,0.077658,0.049325,1.057489,0.120581,0.534551,7.0000,1.316911,0.766214
18,325,11,0.072708,0.046725,1.073443,0.060939,0.550583,8.0000,1.299339,0.799240
18,326,13,0.069531,0.048311,1.078511,0.043262,0.652791,10.0000,1.159302,0.809731
18,327,14,0.069531,0.053999,1.086929,0.041658,0.628782,10.0000,1.175666,0.827157
18,328,16,0.058896,0.052036,1.107885,0.035544,0.535881,8.0000,1.267314,0.870535
18,329,16,0.058892,0.052040,1.108109,0.035604,0.537095,11.0000,1.264151,0.870998
18,330,3,0.360342,0.019255,0.848694,1.109653,0.968221,5.0000,1.429892,0.360584
18,331,4,0.204936,0.062093,0.892022,0.548517,0.647468,5.0000,1.221096,0.449364
18,332,7,0.175350,0.091866,0.923548,0.083648,0.865639,7.0000,1.176193,0.513962
18,333,9,0.142367,0.110092,0.952203,0.075170,0.708402,14.0000,1.196355,0.572674
18,334,9,0.125646,0.082002,0.980578,0.095773,0.661988,9.0000,1.300545,0.630816
18,335,9,0.122966,0.077069,0.986542,0.096542,0.625492,3.0000,1.242177,0.643036
18,336,9,0.121313,0.071492,0.996735,0.094137,0.613206,9.0000,1.181442,0.663921
18,337,8,0.113396,0.082346,1.014633,0.118799,0.484358,7.0000,1.194969,0.700594
18,338,9,0.111907,0.077681,1.017833,0.110539,0.578471,7.0000,1.211241,0.707150
18,339,10,0.101396,0.047075,1.051595,0.088726,0.738749,10.0000,1.248299,0.776328
18,340,2,0.346064,0.071360,0.751201,0.000000,0.102508,2.0000,1.536443,0.249690
18,341,3,0.285495,0.111839,0.793298,0.783995,0.712787,7.0000,1.332957,0.335401
18,342,6,0.189502,0.096564,0.906268,0.196591,0.702379,8.0000,1.086422,0.565409
18,343,8,0.129952,0.069040,1.007670,0.155803,0.693884,11.0000,1.138981,0.750389
18,344,8,0.129952,0.069040,1.007670,0.155803,0.693884,7.0000,1.318499,0.750389
18,345,8,0.129952,0.069040,1.007670,0.155803,0.693884,6.0000,1.285491,0.750389
18,346,8,0.099766,0.057713,1.024551,0.153835,0.660568,7.0000,1.201867,0.784759
18,347,7,0.097160,0.034360,1.053882,0.158667,0.471944,12.0000,1.163346,0.806048
18,348,8,0.065371,0.031011,1.070432,0.130900,0.564964,14.0000,1.149143,0.839744
18,349,9,0.065371,0.038279,1.070766,0.136006,0.670092,9.0000,1.224179,0.840423
18,350,1,0.839294,0.067199,0.426824,0.000000,1.000000,1.0000,1.509776,0.090933
18,351,4,0.175385,0.114579,0.816159,0.054007,0.228293,5.0000,1.287947,0.430098
18,352,4,0.167663,0.040074,0.920156,0.385773,0.507478,10.0000,1.109596,0.603897
18,353,6,0.148650,0.050407,0.983319,0.168340,0.640284,5.0000,1.129422,0.705877
18,354,6,0.148650,0.050407,0.983319,0.168340,0.640284,2.0000,1.299931,0.705877
18,355,6,0.148650,0.050407,0.983319,0.168340,0.640284,2.0000,1.272425,0.705877
18,356,6,0.148650,0.050407,0.983319,0.168340,0.640284,6.0000,1.204304,0.705877
18,357,9,0.093965,0.060452,1.049161,0.106242,0.515637,8.0000,1.178702,0.836774
18,358,9,0.093965,0.060452,1.049161,0.106242,0.515637,6.0000,1.243965,0.836774
18,359,9,0.093965,0.060452,1.049161,0.106242,0.515637,3.0000,1.266735,0.836774
18,360,1,0.797963,0.144248,0.351935,0.000000,1.000000,1.0000,1.432150,0.047806
18,361,3,0.471153,0.304658,0.437306,0.511606,0.861410,3.0000,1.246343,0.100615
18,362,7,0.170842,0.141278,0.770375,0.159828,0.590909,12.0000,1.155374,0.477741
18,363,10,0.166098,0.115015,0.844202,0.070661,0.605745,5.0000,1.258241,0.621143
18,364,12,0.137653,0.110507,0.867458,0.064851,0.515503,4.0000,1.258124,0.666317
18,365,12,0.133173,0.103525,0.901071,0.040725,0.534384,10.0000,1.191508,0.695229
18,366,12,0.074398,0.063655,0.965918,0.034087,0.515244,8.0000,1.148819,0.766475
18,367,12,0.074398,0.063655,0.965918,0.034087,0.515244,3.0000,1.298521,0.766475
18,368,13,0.072481,0.061160,0.995220,0.034861,0.461023,6.0000,1.294240,0.784598
18,369,14,0.072182,0.060590,0.995678,0.033626,0.508593,5.0000,1.226613,0.785488
18,370,2,0.287484,0.055909,0.736692,0.000000,0.213656,2.0000,1.405752,0.467155
18,371,3,0.186382,0.052918,0.819338,0.370905,0.478925,4.0000,1.213888,0.604132
18,372,5,0.126868,0.062114,0.867614,0.229148,0.526670,9.0000,1.146342,0.697153
18,373,5,0.126868,0.062114,0.867614,0.229148,0.526670,5.0000,1.200610,0.697153
18,374,6,0.120466,0.057789,0.897759,0.095414,0.506168,4.0000,1.284747,0.712335
18,375,8,0.075242,0.050247,0.917264,0.121588,0.524583,5.0000,1.221154,0.749917
18,376,11,0.058927,0.051185,0.963259,0.051232,0.517366,9.0000,1.155981,0.826005
18,377,11,0.047641,0.047357,0.970428,0.046192,0.485991,5.0000,1.211951,0.839819
18,378,11,0.047641,0.047357,0.970428,0.046192,0.485991,6.0000,1.251742,0.839819
18,379,11,0.040990,0.035435,0.982553,0.054205,0.615820,5.0000,1.254230,0.863182
18,380,1,0.761544,0.271422,0.133578,0.000000,1.000000,1.0000,1.458005,0.000000
18,381,4,0.316141,0.253990,0.444605,0.410871,0.730041,3.0000,1.241329,0.197800
18,382,6,0.115788,0.049813,0.898755,0.102633,0.681516,13.0000,1.090840,0.751758
18,383,8,0.101468,0.048784,0.909137,0.091557,0.708543,8.0000,1.186027,0.771744
18,384,9,0.101246,0.052953,0.909628,0.089137,0.807120,6.0000,1.265040,0.772690
18,385,10,0.099371,0.051692,0.913505,0.054445,0.800768,6.0000,1.266968,0.780153
18,386,11,0.098599,0.049338,0.915140,0.044809,0.841888,5.0000,1.207464,0.783301
18,387,11,0.098599,0.049338,0.915140,0.044809,0.841888,4.0000,1.153257,0.783301
18,388,12,0.070636,0.054147,0.923040,0.047868,0.735656,3.0000,1.226162,0.798510
18,389,12,0.061874,0.045012,0.934908,0.045533,0.738235,4.0000,1.285395,0.821357
18,390,1,0.719763,0.121698,0.317534,0.000000,1.000000,1.0000,1.440838,0.178641
18,391,6,0.153087,0.093335,0.725879,0.261289,0.739414,5.0000,1.207832,0.538348
18,392,9,0.119194,0.098998,0.813696,0.091255,0.555430,10.0000,1.042925,0.651260
18,393,8,0.108483,0.083035,0.858228,0.107336,0.430103,6.0000,1.206389,0.718265
18,394,8,0.108483,0.083035,0.858228,0.107336,0.430103,3.0000,1.328341,0.718265
18,395,8,0.108483,0.083035,0.858228,0.107336,0.430103,4.0000,1.270531,0.718265
18,396,9,0.093223,0.067268,0.862143,0.135296,0.550619,5.0000,1.169270,0.725978
18,397,11,0.093210,0.071858,0.862762,0.123599,0.607173,5.0000,1.177953,0.727199
18,398,10,0.084091,0.053984,0.887120,0.137535,0.766533,6.0000,1.252788,0.775191
18,399,10,0.084091,0.053984,0.887120,0.137535,0.766533,8.0000,1.206624,0.775191
18,400,0,,,,,,0.0000,1.431159,0.000000
18,401,0,,,,,,0.0000,1.517376,0.000000
18,402,0,,,,,,0.0000,1.436707,0.000000
18,403,0,,,,,,0.0000,1.346521,0.000000
18,404,0,,,,,,0.0000,1.392469,0.000000
18,405,0,,,,,,0.0000,1.449837,0.000000
18,406,0,,,,,,0.0000,1.414302,0.000000
18,407,0,,,,,,0.0000,1.402167,0.000000
18,408,0,,,,,,0.0000,1.424466,0.000000
18,409,0,,,,,,0.0000,1.421662,0.000000
18,410,0,,,,,,0.0000,1.397458,0.000000
18,411,0,,,,,,0.0000,1.370032,0.000000
18,412,0,,,,,,0.0000,1.357390,0.000000
18,413,0,,,,,,0.0000,1.438631,0.000000
18,414,0,,,,,,0.0000,1.479329,0.000000
18,415,0,,,,,,0.0000,1.431035,0.000000
18,416,0,,,,,,0.0000,1.369771,0.000000
18,417,0,,,,,,0.0000,1.412333,0.000000
18,418,0,,,,,,0.0000,1.389613,0.000000
18,419,0,,,,,,0.0000,1.396058,0.000000
18,420,0,,,,,,0.0000,1.423588,0.000000
18,421,0,,,,,,0.0000,1.397873,0.000000
18,422,0,,,,,,0.0000,1.382348,0.000000
18,423,0,,,,,,0.0000,1.401912,0.000000
18,424,0,,,,,,0.0000,1.457165,0.000000
18,425,0,,,,,,0.0000,1.399887,0.000000
18,426,0,,,,,,0.0000,1.339616,0.000000
18,427,0,,,,,,0.0000,1.370307,0.000000
18,428,0,,,,,,0.0000,1.433799,0.000000
18,429,0,,,,,,0.0000,1.462645,0.000000
18,430,0,,,,,,0.0000,1.406284,0.000000
18,431,0,,,,,,0.0000,1.320901,0.000000
18,432,0,,,,,,0.0000,1.351492,0.000000
18,433,0,,,,,,0.0000,1.450876,0.000000
18,434,0,,,,,,0.0000,1.459074,0.000000
18,435,0,,,,,,0.0000,1.415943,0.000000
18,436,0,,,,,,0.0000,1.431972,0.000000
18,437,0,,,,,,0.0000,1.411573,0.000000
18,438,0,,,,,,0.0000,1.374520,0.000000
18,439,0,,,,,,0.0000,1.393850,0.000000
18,440,0,,,,,,0.0000,1.397926,0.000000
18,441,0,,,,,,0.0000,1.422694,0.000000
18,442,0,,,,,,0.0000,1.408162,0.000000
18,443,0,,,,,,0.0000,1.377304,0.000000
18,444,0,,,,,,0.0000,1.394519,0.000000
18,445,0,,,,,,0.0000,1.416893,0.000000
18,446,0,,,,,,0.0000,1.423902,0.000000
18,447,0,,,,,,0.0000,1.382525,0.000000
18,448,0,,,,,,0.0000,1.404804,0.000000
18,449,0,,,,,,0.0000,1.437084,0.000000
18,450,0,,,,,,0.0000,1.444998,0.000000
18,451,0,,,,,,0.0000,1.452513,0.000000
18,452,0,,,,,,0.0000,1.386644,0.000000
18,453,0,,,,,,0.0000,1.382848,0.000000
18,454,0,,,,,,0.0000,1.441012,0.000000
18,455,0,,,,,,0.0000,1.456452,0.000000
18,456,0,,,,,,0.0000,1.403535,0.000000
18,457,0,,,,,,0.0000,1.342202,0.000000
18,458,0,,,,,,0.0000,1.395295,0.000000
18,459,0,,,,,,0.0000,1.488682,0.000000
18,460,0,,,,,,0.0000,1.411369,0.000000
18,461,0,,,,,,0.0000,1.334347,0.000000
18,462,0,,,,,,0.0000,1.360299,0.000000
18,463,0,,,,,,0.0000,1.459346,0.000000
18,464,0,,,,,,0.0000,1.470902,0.000000
18,465,0,,,,,,0.0000,1.423235,0.000000
18,466,0,,,,,,0.0000,1.368066,0.000000
18,467,0,,,,,,0.0000,1.380988,0.000000
18,468,0,,,,,,0.0000,1.446991,0.000000
18,469,0,,,,,,0.0000,1.441201,0.000000
18,470,0,,,,,,0.0000,1.410831,0.000000
18,471,0,,,,,,0.0000,1.384352,0.000000
18,472,0,,,,,,0.0000,1.442175,0.000000
18,473,0,,,,,,0.0000,1.448276,0.000000
18,474,0,,,,,,0.0000,1.391135,0.000000
18,475,0,,,,,,0.0000,1.356764,0.000000
18,476,0,,,,,,0.0000,1.393670,0.000000
18,477,0,,,,,,0.0000,1.447845,0.000000
18,478,0,,,,,,0.0000,1.447850,0.000000
18,479,0,,,,,,0.0000,1.399934,0.000000
18,480,0,,,,,,0.0000,1.350318,0.000000
18,481,0,,,,,,0.0000,1.383507,0.000000
18,482,0,,,,,,0.0000,1.459895,0.000000
18,483,0,,,,,,0.0000,1.423184,0.000000
18,484,0,,,,,,0.0000,1.357646,0.000000
18,485,0,,,,,,0.0000,1.428567,0.000000
18,486,0,,,,,,0.0000,1.422078,0.000000
18,487,0,,,,,,0.0000,1.395053,0.000000
18,488,0,,,,,,0.0000,1.362855,0.000000
18,489,0,,,,,,0.0000,1.406216,0.000000
18,490,0,,,,,,0.0000,1.424841,0.000000
18,491,0,,,,,,0.0000,1.427536,0.000000
18,492,0,,,,,,0.0000,1.408829,0.000000
18,493,0,,,,,,0.0000,1.391321,0.000000
18,494,0,,,,,,0.0000,1.406892,0.000000
18,495,0,,,,,,0.0000,1.395807,0.000000
18,496,0,,,,,,0.0000,1.419306,0.000000
18,497,0,,,,,,0.0000,1.409020,0.000000
18,498,0,,,,,,0.0000,1.395873,0.000000
18,499,0,,,,,,0.0000,1.407185,0.000000
18,500,0,,,,,,0.0000,1.409809,0.000000
18,501,0,,,,,,0.0000,1.398487,0.000000
18,502,0,,,,,,0.0000,1.387612,0.000000
18,503,0,,,,,,0.0000,1.434396,0.000000
18,504,0,,,,,,0.0000,1.411998,0.000000
18,505,0,,,,,,0.0000,1.384604,0.000000
18,506,0,,,,,,0.0000,1.413911,0.000000
18,507,0,,,,,,0.0000,1.443142,0.000000
18,508,0,,,,,,0.0000,1.371170,0.000000
18,509,0,,,,,,0.0000,1.370771,0.000000
18,510,0,,,,,,0.0000,1.446126,0.000000
18,511,0,,,,,,0.0000,1.412162,0.000000
18,512,0,,,,,,0.0000,1.442308,0.000000
18,513,0,,,,,,0.0000,1.393295,0.000000
18,514,0,,,,,,0.0000,1.362291,0.000000
18,515,0,,,,,,0.0000,1.357401,0.000000
18,516,0,,,,,,0.0000,1.433963,0.000000
18,517,0,,,,,,0.0000,1.473033,0.000000
18,518,0,,,,,,0.0000,1.432143,0.000000
18,519,0,,,,,,0.0000,1.374458,0.000000
18,520,0,,,,,,0.0000,1.399769,0.000000
18,521,0,,,,,,0.0000,1.445886,0.000000
18,522,0,,,,,,0.0000,1.399126,0.000000
18,523,0,,,,,,0.0000,1.342891,0.000000
18,524,0,,,,,,0.0000,1.443814,0.000000
18,525,0,,,,,,0.0000,1.463108,0.000000
18,526,0,,,,,,0.0000,1.395170,0.000000
18,527,0,,,,,,0.0000,1.410976,0.000000
18,528,0,,,,,,0.0000,1.401494,0.000000
18,529,0,,,,,,0.0000,1.375143,0.000000
18,530,0,,,,,,0.0000,1.379960,0.000000
18,531,0,,,,,,0.0000,1.430221,0.000000
18,532,0,,,,,,0.0000,1.417980,0.000000
18,533,0,,,,,,0.0000,1.374099,0.000000
18,534,0,,,,,,0.0000,1.371260,0.000000
18,535,0,,,,,,0.0000,1.392842,0.000000
18,536,0,,,,,,0.0000,1.403193,0.000000
18,537,0,,,,,,0.0000,1.427366,0.000000
18,538,0,,,,,,0.0000,1.392170,0.000000
18,539,0,,,,,,0.0000,1.403302,0.000000
18,540,0,,,,,,0.0000,1.415974,0.000000
18,541,0,,,,,,0.0000,1.390751,0.000000
18,542,0,,,,,,0.0000,1.404387,0.000000
18,543,0,,,,,,0.0000,1.410931,0.000000
18,544,0,,,,,,0.0000,1.392575,0.000000
18,545,0,,,,,,0.0000,1.378192,0.000000
18,546,0,,,,,,0.0000,1.411532,0.000000
18,547,0,,,,,,0.0000,1.402781,0.000000
18,548,0,,,,,,0.0000,1.411089,0.000000
18,549,0,,,,,,0.0000,1.414224,0.000000
18,550,0,,,,,,0.0000,1.434909,0.000000
18,551,0,,,,,,0.0000,1.433009,0.000000
18,552,0,,,,,,0.0000,1.379028,0.000000
18,553,0,,,,,,0.0000,1.374330,0.000000
18,554,0,,,,,,0.0000,1.424847,0.000000
18,555,0,,,,,,0.0000,1.415066,0.000000
18,556,0,,,,,,0.0000,1.414162,0.000000
18,557,0,,,,,,0.0000,1.406380,0.000000
18,558,0,,,,,,0.0000,1.395064,0.000000
18,559,0,,,,,,0.0000,1.441998,0.000000
18,560,0,,,,,,0.0000,1.421357,0.000000
18,561,0,,,,,,0.0000,1.384009,0.000000
18,562,0,,,,,,0.0000,1.416427,0.000000
18,563,0,,,,,,0.0000,1.439357,0.000000
18,564,0,,,,,,0.0000,1.388695,0.000000
18,565,0,,,,,,0.0000,1.392327,0.000000
18,566,0,,,,,,0.0000,1.438691,0.000000
18,567,0,,,,,,0.0000,1.476650,0.000000
18,568,0,,,,,,0.0000,1.422359,0.000000
18,569,0,,,,,,0.0000,1.381016,0.000000
18,570,0,,,,,,0.0000,1.396146,0.000000
18,571,0,,,,,,0.0000,1.421941,0.000000
18,572,0,,,,,,0.0000,1.415807,0.000000
18,573,0,,,,,,0.0000,1.408717,0.000000
18,574,0,,,,,,0.0000,1.369024,0.000000
18,575,0,,,,,,0.0000,1.367376,0.000000
18,576,0,,,,,,0.0000,1.392708,0.000000
18,577,0,,,,,,0.0000,1.419417,0.000000
18,578,0,,,,,,0.0000,1.402159,0.000000
18,579,0,,,,,,0.0000,1.376566,0.000000
18,580,0,,,,,,0.0000,1.419066,0.000000
18,581,0,,,,,,0.0000,1.423699,0.000000
18,582,0,,,,,,0.0000,1.438122,0.000000
18,583,0,,,,,,0.0000,1.379419,0.000000
18,584,0,,,,,,0.0000,1.378241,0.000000
18,585,0,,,,,,0.0000,1.391096,0.000000
18,586,0,,,,,,0.0000,1.402959,0.000000
18,587,0,,,,,,0.0000,1.386672,0.000000
18,588,0,,,,,,0.0000,1.373131,0.000000
18,589,0,,,,,,0.0000,1.390842,0.000000
18,590,0,,,,,,0.0000,1.431797,0.000000
18,591,0,,,,,,0.0000,1.419286,0.000000
18,592,0,,,,,,0.0000,1.394424,0.000000
18,593,0,,,,,,0.0000,1.374206,0.000000
18,594,0,,,,,,0.0000,1.406344,0.000000
18,595,0,,,,,,0.0000,1.431722,0.000000
18,596,0,,,,,,0.0000,1.418075,0.000000
18,597,0,,,,,,0.0000,1.379000,0.000000
18,598,0,,,,,,0.0000,1.410969,0.000000
18,599,0,,,,,,0.0000,1.435098,0.000000
18,600,0,,,,,,0.0000,1.407202,0.000000
18,601,0,,,,,,0.0000,1.415445,0.000000
18,602,0,,,,,,0.0000,1.421360,0.000000
18,603,0,,,,,,0.0000,1.376922,0.000000
18,604,0,,,,,,0.0000,1.404804,0.000000
18,605,0,,,,,,0.0000,1.380458,0.000000
18,606,0,,,,,,0.0000,1.411559,0.000000
18,607,0,,,,,,0.0000,1.370619,0.000000
18,608,0,,,,,,0.0000,1.376332,0.000000
18,609,0,,,,,,0.0000,1.416078,0.000000
18,610,0,,,,,,0.0000,1.412279,0.000000
18,611,0,,,,,,0.0000,1.414811,0.000000
18,612,0,,,,,,0.0000,1.377302,0.000000
18,613,0,,,,,,0.0000,1.418215,0.000000
18,614,0,,,,,,0.0000,1.404414,0.000000
18,615,0,,,,,,0.0000,1.396769,0.000000
18,616,0,,,,,,0.0000,1.404783,0.000000
18,617,0,,,,,,0.0000,1.430557,0.000000
18,618,0,,,,,,0.0000,1.407733,0.000000
18,619,0,,,,,,0.0000,1.406698,0.000000
18,620,0,,,,,,0.0000,1.439650,0.000000
18,621,0,,,,,,0.0000,1.440729,0.000000
18,622,0,,,,,,0.0000,1.356097,0.000000
18,623,0,,,,,,0.0000,1.332843,0.000000
18,624,0,,,,,,0.0000,1.433103,0.000000
18,625,0,,,,,,0.0000,1.461420,0.000000
18,626,0,,,,,,0.0000,1.416279,0.000000
18,627,0,,,,,,0.0000,1.421087,0.000000
18,628,0,,,,,,0.0000,1.410920,0.000000
18,629,0,,,,,,0.0000,1.387287,0.000000
18,630,0,,,,,,0.0000,1.432669,0.000000
18,631,0,,,,,,0.0000,1.441224,0.000000
18,632,0,,,,,,0.0000,1.416616,0.000000
18,633,0,,,,,,0.0000,1.397231,0.000000
18,634,0,,,,,,0.0000,1.406517,0.000000
18,635,0,,,,,,0.0000,1.445149,0.000000
18,636,0,,,,,,0.0000,1.450411,0.000000
18,637,0,,,,,,0.0000,1.418061,0.000000
18,638,0,,,,,,0.0000,1.402871,0.000000
18,639,0,,,,,,0.0000,1.426697,0.000000
18,640,0,,,,,,0.0000,1.441231,0.000000
18,641,0,,,,,,0.0000,1.382195,0.000000
18,642,0,,,,,,0.0000,1.365309,0.000000
18,643,0,,,,,,0.0000,1.434480,0.000000
18,644,0,,,,,,0.0000,1.446831,0.000000
18,645,0,,,,,,0.0000,1.381797,0.000000
18,646,0,,,,,,0.0000,1.365386,0.000000
18,647,0,,,,,,0.0000,1.412104,0.000000
18,648,1,0.856352,0.001367,0.422880,0.000000,1.000000,1.0000,1.427257,0.208515
18,649,6,0.144251,0.099570,0.914436,0.114472,0.524045,12.0000,1.042597,0.708157
18,650,1,0.551624,0.016417,0.474651,0.000000,1.000000,2.0000,1.312272,0.324563
18,651,7,0.118977,0.103542,0.938189,0.053840,0.337934,10.0000,1.239022,0.690407
18,652,8,0.108225,0.083362,0.964387,0.089211,0.471194,10.0000,1.141257,0.742490
18,653,9,0.089606,0.059974,1.023163,0.086861,0.451521,9.0000,1.192609,0.785089
18,654,11,0.079103,0.057450,1.033374,0.082669,0.580917,9.0000,1.226338,0.805389
18,655,11,0.068161,0.043114,1.063840,0.105753,0.575638,6.0000,1.250541,0.865955
18,656,12,0.066962,0.046355,1.064322,0.110256,0.645881,6.0000,1.249432,0.866912
18,657,12,0.066962,0.046355,1.064322,0.110256,0.645881,7.0000,1.216989,0.866912
18,658,13,0.066759,0.045124,1.064681,0.109847,0.719296,6.0000,1.248939,0.867627
18,659,13,0.066754,0.045089,1.065120,0.110361,0.714249,9.0000,1.303791,0.868500
18,660,3,0.333141,0.101677,0.696918,0.351385,0.735901,5.0000,1.477639,0.380162
18,661,7,0.192258,0.141754,0.873779,0.038709,0.355980,6.0000,1.259756,0.623425
18,662,10,0.097890,0.072769,0.987233,0.097616,0.520514,13.0000,1.094556,0.695752
18,663,11,0.100082,0.069145,1.015828,0.099982,0.533308,11.0000,1.058148,0.728568
18,664,11,0.100078,0.068008,1.015985,0.108360,0.554361,4.0000,1.292596,0.728888
18,665,12,0.099323,0.073810,1.024159,0.090090,0.565311,7.0000,1.286002,0.745531
18,666,11,0.091575,0.040759,1.061644,0.140520,0.800575,14.0000,1.162031,0.821851
18,667,12,0.090838,0.039132,1.062434,0.135152,0.869721,12.0000,1.167603,0.823460
18,668,14,0.071281,0.045659,1.066126,0.086183,0.788718,6.0000,1.205449,0.830975
18,669,16,0.064287,0.045591,1.070622,0.079536,0.807275,5.0000,1.294071,0.840130
18,670,1,0.719877,0.279240,0.233399,0.000000,1.000000,1.0000,1.484182,0.000000
18,671,4,0.255596,0.171989,0.818488,0.087768,0.380646,8.0000,1.237616,0.559059
18,672,10,0.129967,0.091856,0.941943,0.049916,0.681486,16.0000,1.034455,0.680163
18,673,9,0.084005,0.068602,1.027180,0.110026,0.620364,9.0000,1.144486,0.799913
18,674,10,0.070688,0.061184,1.057980,0.072593,0.594848,11.0000,1.228032,0.820173
18,675,9,0.063346,0.048916,1.079230,0.046814,0.592954,9.0000,1.309005,0.863715
18,676,10,0.064977,0.045873,1.102316,0.073037,0.645144,9.0000,1.271059,0.880256
18,677,10,0.058802,0.038824,1.105726,0.074258,0.615166,10.0000,1.194590,0.887243
18,678,10,0.058802,0.038824,1.105726,0.074258,0.615166,8.0000,1.178423,0.887243
18,679,10,0.058802,0.038824,1.105726,0.074258,0.615166,8.0000,1.230014,0.887243
18,680,3,0.220589,0.141495,0.791448,0.242643,0.364120,4.0000,1.548179,0.361922
18,681,4,0.183235,0.052709,0.943893,0.467880,0.572455,8.0000,1.332027,0.590567
18,682,7,0.138903,0.098631,0.976910,0.181736,0.581628,10.0000,1.088272,0.658914
18,683,8,0.136636,0.092171,1.018083,0.096973,0.566065,10.0000,1.133141,0.684643
18,684,8,0.136636,0.092171,1.018083,0.096973,0.566065,8.0000,1.321138,0.684643
18,685,8,0.082615,0.057507,1.053022,0.090275,0.496037,11.0000,1.305058,0.756968
18,686,9,0.074423,0.048705,1.060068,0.093932,0.628443,6.0000,1.153555,0.771553
18,687,10,0.070483,0.051347,1.097211,0.097009,0.506876,8.0000,1.150047,0.848440
18,688,10,0.070483,0.051347,1.097211,0.097009,0.506876,9.0000,1.207512,0.848440
18,689,11,0.068915,0.049163,1.097656,0.096432,0.567043,9.0000,1.235802,0.849360
18,690,1,0.832658,0.017245,0.534239,0.000000,1.000000,2.0000,1.488319,0.171407
18,691,3,0.190132,0.046305,0.929438,0.437673,0.490114,5.0000,1.301369,0.561493
18,692,4,0.189362,0.042486,0.950591,0.538761,0.761757,6.0000,1.195134,0.606045
18,693,5,0.185972,0.039952,0.982845,0.484616,0.792545,10.0000,1.212657,0.622657
18,694,7,0.074523,0.041667,1.082298,0.147024,0.516632,12.0000,1.250805,0.832129
18,695,9,0.073593,0.040557,1.096789,0.159148,0.707075,4.0000,1.307650,0.840369
18,696,9,0.073593,0.040557,1.096789,0.159148,0.707075,9.0000,1.202778,0.840369
18,697,12,0.065840,0.041687,1.099692,0.059259,0.704159,7.0000,1.147921,0.846484
18,698,12,0.065804,0.041375,1.104962,0.057877,0.689232,12.0000,1.180425,0.849005
18,699,12,0.063487,0.038918,1.109736,0.043293,0.675775,7.0000,1.184472,0.859060
18,700,0,,,,,,0.0000,1.452038,0.000000
18,701,2,0.348523,0.013307,0.866187,0.000000,0.019146,3.0000,1.489105,0.344134
18,702,3,0.203607,0.045993,0.951509,0.325725,0.271726,6.0000,1.199323,0.522828
18,703,3,0.185367,0.012014,0.998301,0.262397,0.228559,6.0000,1.110531,0.620827
18,704,4,0.135080,0.072047,1.008963,0.071228,0.070014,5.0000,1.261795,0.643158
18,705,7,0.093923,0.033417,1.083072,0.260077,0.666869,8.0000,1.325961,0.798367
18,706,10,0.071114,0.040475,1.095871,0.053371,0.725955,13.0000,1.277793,0.825174
18,707,11,0.071114,0.045897,1.096484,0.052474,0.756530,8.0000,1.198252,0.826457
18,708,12,0.067088,0.046172,1.103130,0.048922,0.746750,10.0000,1.247040,0.840377
18,709,14,0.064211,0.043713,1.104521,0.026268,0.829497,7.0000,1.286026,0.843289
18,710,1,0.841037,0.033146,0.513520,0.000000,1.000000,3.0000,1.477904,0.136384
18,711,3,0.205591,0.016466,0.976723,0.351953,0.315828,7.0000,1.275138,0.578903
18,712,5,0.163465,0.050277,1.011345,0.316451,0.728448,8.0000,1.110727,0.651825
18,713,8,0.129457,0.057186,1.042604,0.190251,0.949207,5.0000,1.212977,0.717664
18,714,8,0.129337,0.056899,1.043411,0.189992,0.951047,3.0000,1.334363,0.719364
18,715,8,0.129337,0.056899,1.043411,0.189992,0.951047,0.0000,1.292254,0.719364
18,716,9,0.119269,0.057718,1.043494,0.056623,0.915795,10.0000,1.116410,0.719539
18,717,9,0.109313,0.069008,1.049470,0.122252,0.714189,4.0000,1.177333,0.732126
18,718,10,0.105839,0.070208,1.052631,0.115261,0.649767,8.0000,1.300620,0.738784
18,719,9,0.130747,0.037714,1.084152,0.057815,0.817763,7.0000,1.328308,0.805174
18,720,2,0.748261,0.036718,0.576224,0.000000,0.916337,3.0000,1.406541,0.256659
18,721,5,0.167397,0.036688,0.996485,0.149174,0.654893,9.0000,1.200335,0.639935
18,722,7,0.141285,0.043207,1.038756,0.039465,0.782664,8.0000,1.186834,0.727437
18,723,11,0.071909,0.064571,1.081781,0.049582,0.538569,9.0000,1.203719,0.816499
18,724,11,0.066320,0.057141,1.089725,0.047514,0.552133,9.0000,1.244236,0.832944
18,725,12,0.064880,0.056079,1.091024,0.054201,0.576371,11.0000,1.241772,0.835632
18,726,14,0.064121,0.052871,1.091645,0.059316,0.667750,11.0000,1.209237,0.836918
18,727,14,0.064121,0.052871,1.091645,0.059316,0.667750,6.0000,1.197254,0.836918
18,728,14,0.064121,0.052871,1.091645,0.059316,0.667750,10.0000,1.211895,0.836918
18,729,14,0.064121,0.052871,1.091645,0.059316,0.667750,6.0000,1.260799,0.836918
18,730,1,0.647322,0.264955,0.261087,0.000000,1.000000,1.0000,1.485428,0.079420
18,731,2,0.522812,0.046094,0.636839,0.000000,0.661032,2.0000,1.316957,0.344578
18,732,6,0.186960,0.119033,0.905317,0.130854,0.728735,10.0000,1.103969,0.553658
18,733,7,0.167412,0.141311,0.919209,0.177245,0.597572,6.0000,1.150166,0.582124
18,734,7,0.140478,0.059598,1.051081,0.117751,0.598949,12.0000,1.242176,0.775276
18,735,8,0.119480,0.080419,1.053877,0.133607,0.502828,10.0000,1.194962,0.781005
18,736,9,0.087731,0.067812,1.064298,0.125595,0.562766,5.0000,1.220696,0.802358
18,737,9,0.074122,0.053777,1.089450,0.133835,0.525706,5.0000,1.274899,0.853893
18,738,11,0.073807,0.051231,1.091578,0.143052,0.667818,5.0000,1.299961,0.858254
18,739,11,0.071411,0.048616,1.105097,0.141650,0.668796,6.0000,1.229956,0.885954
18,740,1,0.722994,0.090475,0.477336,0.000000,1.000000,1.0000,1.503826,0.202226
18,741,5,0.271343,0.162394,0.762958,0.063486,0.956400,5.0000,1.354914,0.364212
18,742,9,0.134483,0.115377,0.938452,0.125682,0.706739,11.0000,1.129170,0.684673
18,743,8,0.115320,0.071637,1.018594,0.136533,0.536303,12.0000,1.127263,0.734201
18,744,10,0.109536,0.089875,1.027823,0.127242,0.666878,6.0000,1.326748,0.752990
18,745,12,0.102204,0.080335,1.033788,0.100695,0.682578,6.0000,1.317707,0.765136
18,746,12,0.088789,0.072679,1.043938,0.067045,0.715736,3.0000,1.210119,0.785801
18,747,12,0.088764,0.072429,1.044169,0.067790,0.719043,5.0000,1.178061,0.786271
18,748,12,0.088764,0.072429,1.044169,0.067790,0.719043,1.0000,1.247850,0.786271
18,749,12,0.086517,0.044027,1.074378,0.059626,0.629027,8.0000,1.304396,0.847777
18,750,1,0.571458,0.123294,0.352301,0.000000,1.000000,1.0000,1.469340,0.213364
18,751,4,0.171882,0.066259,0.900179,0.420824,0.593269,8.0000,1.232703,0.659894
18,752,7,0.138624,0.063542,0.933525,0.114765,0.752219,8.0000,1.107597,0.705714
18,753,10,0.075873,0.056986,0.995795,0.122023,0.670138,10.0000,1.194100,0.765259
18,754,10,0.075873,0.056986,0.995795,0.122023,0.670138,3.0000,1.317603,0.765259
18,755,11,0.075635,0.057585,1.000018,0.102738,0.707686,5.0000,1.299134,0.773654
18,756,11,0.075026,0.055183,1.017040,0.102692,0.685182,7.0000,1.204884,0.783925
18,757,11,0.074797,0.054528,1.018241,0.103302,0.684025,8.0000,1.158181,0.786313
18,758,14,0.073769,0.060371,1.020545,0.087646,0.784759,9.0000,1.238068,0.790893
18,759,14,0.073769,0.060371,1.020545,0.087646,0.784759,6.0000,1.224800,0.790893
18,760,0,,,,,,0.0000,1.457596,0.000000
18,761,0,,,,,,0.0000,1.509968,0.000000
18,762,1,0.855759,0.000182,0.499048,0.000000,1.000000,1.0000,1.409464,0.211035
18,763,5,0.170673,0.133387,0.814926,0.213300,0.425424,8.0000,1.107845,0.500185
18,764,7,0.085133,0.051295,0.941944,0.182760,0.527838,11.0000,1.076386,0.715728
18,765,7,0.085133,0.051295,0.941944,0.182760,0.527838,9.0000,1.290083,0.715728
18,766,8,0.083194,0.055014,0.948914,0.179614,0.634846,7.0000,1.297009,0.729268
18,767,10,0.075169,0.053501,0.973510,0.096961,0.601757,13.0000,1.143167,0.760196
18,768,11,0.057176,0.048292,1.017279,0.060167,0.591444,11.0000,1.142536,0.831939
18,769,12,0.056765,0.047452,1.018152,0.054518,0.552675,6.0000,1.259266,0.833634
18,770,1,0.615412,0.182231,0.268861,0.000000,1.000000,1.0000,1.508456,0.145902
18,771,4,0.177154,0.097025,0.787240,0.320975,0.587768,10.0000,1.256161,0.553279
18,772,8,0.126719,0.085167,0.856514,0.077676,0.686108,9.0000,1.004133,0.681867
18,773,9,0.104978,0.067659,0.924031,0.072512,0.679001,10.0000,1.152595,0.766516
18,774,11,0.071239,0.066228,0.945013,0.060535,0.593158,7.0000,1.352924,0.791726
18,775,13,0.065762,0.061214,0.951093,0.042538,0.464303,6.0000,1.316745,0.803440
18,776,15,0.064728,0.059267,0.952262,0.047572,0.515586,4.0000,1.179039,0.805694
18,777,13,0.060644,0.054838,0.967072,0.074039,0.525951,9.0000,1.121993,0.834229
18,778,14,0.057901,0.053312,0.969980,0.055451,0.513595,7.0000,1.241797,0.839833
18,779,14,0.057901,0.053312,0.969980,0.055451,0.513595,4.0000,1.310282,0.839833
18,780,1,0.775824,0.187652,0.303016,0.000000,1.000000,1.0000,1.478462,0.042984
18,781,2,0.307963,0.140071,0.613661,0.000000,0.264955,2.0000,1.315718,0.326146
18,782,3,0.282815,0.161499,0.644659,0.796564,0.894190,4.0000,1.153800,0.385820
18,783,5,0.138500,0.105517,0.781533,0.191536,0.482470,6.0000,1.214500,0.603753
18,784,8,0.095914,0.072004,0.864458,0.120512,0.544147,9.0000,1.270896,0.698742
18,785,8,0.095914,0.072004,0.864458,0.120512,0.544147,2.0000,1.337603,0.698742
18,786,8,0.092502,0.071394,0.873314,0.122908,0.544429,2.0000,1.256982,0.715790
18,787,8,0.089225,0.064363,0.885440,0.147201,0.558520,5.0000,1.187963,0.733704
18,788,8,0.086058,0.060343,0.896231,0.146552,0.570721,6.0000,1.257579,0.754478
18,789,8,0.084016,0.042014,0.921927,0.134430,0.633665,5.0000,1.272440,0.803945
18,790,0,,,,,,0.0000,1.465734,0.000000
18,791,0,,,,,,0.0000,1.563730,0.000000
18,792,0,,,,,,0.0000,1.502313,0.000000
18,793,0,,,,,,0.0000,1.369823,0.000000
18,794,0,,,,,,0.0000,1.386841,0.000000
18,795,0,,,,,,0.0000,1.452123,0.000000
18,796,0,,,,,,0.0000,1.471643,0.000000
18,797,0,,,,,,0.0000,1.399647,0.000000
18,798,0,,,,,,0.0000,1.351129,0.000000
18,799,0,,,,,,0.0000,1.406421,0.000000
18,800,0,,,,,,0.0000,1.461297,0.000000
18,801,0,,,,,,0.0000,1.431896,0.000000
18,802,0,,,,,,0.0000,1.380433,0.000000
18,803,0,,,,,,0.0000,1.373098,0.000000
18,804,0,,,,,,0.0000,1.412063,0.000000
18,805,0,,,,,,0.0000,1.439456,0.000000
18,806,0,,,,,,0.0000,1.395632,0.000000
18,807,0,,,,,,0.0000,1.408690,0.000000
18,808,0,,,,,,0.0000,1.410502,0.000000
18,809,0,,,,,,0.0000,1.419462,0.000000
18,810,0,,,,,,0.0000,1.404891,0.000000
18,811,0,,,,,,0.0000,1.401735,0.000000
18,812,0,,,,,,0.0000,1.391415,0.000000
18,813,0,,,,,,0.0000,1.421567,0.000000
18,814,0,,,,,,0.0000,1.431597,0.000000
18,815,0,,,,,,0.0000,1.378255,0.000000
18,816,0,,,,,,0.0000,1.397046,0.000000
18,817,0,,,,,,0.0000,1.443802,0.000000
18,818,0,,,,,,0.0000,1.423525,0.000000
18,819,0,,,,,,0.0000,1.386214,0.000000
18,820,0,,,,,,0.0000,1.379706,0.000000
18,821,0,,,,,,0.0000,1.400566,0.000000
18,822,0,,,,,,0.0000,1.475794,0.000000
18,823,0,,,,,,0.0000,1.426327,0.000000
18,824,0,,,,,,0.0000,1.332264,0.000000
18,825,0,,,,,,0.0000,1.380962,0.000000
18,826,0,,,,,,0.0000,1.449876,0.000000
18,827,0,,,,,,0.0000,1.477142,0.000000
18,828,0,,,,,,0.0000,1.362443,0.000000
18,829,0,,,,,,0.0000,1.366268,0.000000
18,830,0,,,,,,0.0000,1.472746,0.000000
18,831,0,,,,,,0.0000,1.415625,0.000000
18,832,0,,,,,,0.0000,1.349501,0.000000
18,833,0,,,,,,0.0000,1.371470,0.000000
18,834,0,,,,,,0.0000,1.490585,0.000000
18,835,0,,,,,,0.0000,1.484734,0.000000
18,836,0,,,,,,0.0000,1.390931,0.000000
18,837,0,,,,,,0.0000,1.386912,0.000000
18,838,0,,,,,,0.0000,1.429307,0.000000
18,839,0,,,,,,0.0000,1.458340,0.000000
18,840,0,,,,,,0.0000,1.427639,0.000000
18,841,0,,,,,,0.0000,1.400757,0.000000
18,842,0,,,,,,0.0000,1.397159,0.000000
18,843,0,,,,,,0.0000,1.425275,0.000000
18,844,0,,,,,,0.0000,1.438780,0.000000
18,845,0,,,,,,0.0000,1.398783,0.000000
18,846,0,,,,,,0.0000,1.341025,0.000000
18,847,0,,,,,,0.0000,1.405305,0.000000
18,848,0,,,,,,0.0000,1.468812,0.000000
18,849,0,,,,,,0.0000,1.401679,0.000000
18,850,0,,,,,,0.0000,1.358174,0.000000
18,851,0,,,,,,0.0000,1.430449,0.000000
18,852,0,,,,,,0.0000,1.487814,0.000000
18,853,0,,,,,,0.0000,1.390185,0.000000
18,854,0,,,,,,0.0000,1.315565,0.000000
18,855,0,,,,,,0.0000,1.389947,0.000000
18,856,0,,,,,,0.0000,1.437891,0.000000
18,857,0,,,,,,0.0000,1.418293,0.000000
18,858,0,,,,,,0.0000,1.390896,0.000000
18,859,0,,,,,,0.0000,1.429167,0.000000
18,860,0,,,,,,0.0000,1.449634,0.000000
18,861,0,,,,,,0.0000,1.398433,0.000000
18,862,0,,,,,,0.0000,1.407329,0.000000
18,863,0,,,,,,0.0000,1.427614,0.000000
18,864,0,,,,,,0.0000,1.443210,0.000000
18,865,0,,,,,,0.0000,1.437309,0.000000
18,866,0,,,,,,0.0000,1.391222,0.000000
18,867,0,,,,,,0.0000,1.395638,0.000000
18,868,0,,,,,,0.0000,1.419757,0.000000
18,869,0,,,,,,0.0000,1.401268,0.000000
18,870,0,,,,,,0.0000,1.424037,0.000000
18,871,0,,,,,,0.0000,1.397551,0.000000
18,872,0,,,,,,0.0000,1.416034,0.000000
18,873,0,,,,,,0.0000,1.418553,0.000000
18,874,0,,,,,,0.0000,1.459809,0.000000
18,875,0,,,,,,0.0000,1.437976,0.000000
18,876,0,,,,,,0.0000,1.393109,0.000000
18,877,0,,,,,,0.0000,1.398412,0.000000
18,878,0,,,,,,0.0000,1.446619,0.000000
18,879,0,,,,,,0.0000,1.471643,0.000000
18,880,0,,,,,,0.0000,1.423744,0.000000
18,881,0,,,,,,0.0000,1.413747,0.000000
18,882,0,,,,,,0.0000,1.406492,0.000000
18,883,0,,,,,,0.0000,1.376489,0.000000
18,884,0,,,,,,0.0000,1.403828,0.000000
18,885,0,,,,,,0.0000,1.361904,0.000000
18,886,0,,,,,,0.0000,1.413409,0.000000
18,887,0,,,,,,0.0000,1.439849,0.000000
18,888,0,,,,,,0.0000,1.378841,0.000000
18,889,0,,,,,,0.0000,1.391926,0.000000
18,890,0,,,,,,0.0000,1.397673,0.000000
18,891,0,,,,,,0.0000,1.368436,0.000000
18,892,0,,,,,,0.0000,1.414863,0.000000
18,893,0,,,,,,0.0000,1.443091,0.000000
18,894,0,,,,,,0.0000,1.388878,0.000000
18,895,0,,,,,,0.0000,1.385739,0.000000
18,896,0,,,,,,0.0000,1.395041,0.000000
18,897,0,,,,,,0.0000,1.447363,0.000000
18,898,0,,,,,,0.0000,1.434211,0.000000
18,899,0,,,,,,0.0000,1.358451,0.000000
18,900,0,,,,,,0.0000,1.400241,0.000000
18,901,0,,,,,,0.0000,1.445200,0.000000
18,902,0,,,,,,0.0000,1.438442,0.000000
18,903,0,,,,,,0.0000,1.400393,0.000000
18,904,0,,,,,,0.0000,1.385701,0.000000
18,905,0,,,,,,0.0000,1.410728,0.000000
18,906,0,,,,,,0.0000,1.388023,0.000000
18,907,0,,,,,,0.0000,1.392113,0.000000
18,908,0,,,,,,0.0000,1.388397,0.000000
18,909,0,,,,,,0.0000,1.409344,0.000000
18,910,0,,,,,,0.0000,1.411726,0.000000
18,911,0,,,,,,0.0000,1.392779,0.000000
18,912,0,,,,,,0.0000,1.386655,0.000000
18,913,0,,,,,,0.0000,1.392480,0.000000
18,914,0,,,,,,0.0000,1.397939,0.000000
18,915,0,,,,,,0.0000,1.411478,0.000000
18,916,0,,,,,,0.0000,1.398750,0.000000
18,917,0,,,,,,0.0000,1.395110,0.000000
18,918,0,,,,,,0.0000,1.361538,0.000000
18,919,0,,,,,,0.0000,1.434805,0.000000
18,920,0,,,,,,0.0000,1.397841,0.000000
18,921,0,,,,,,0.0000,1.419670,0.000000
18,922,0,,,,,,0.0000,1.414215,0.000000
18,923,0,,,,,,0.0000,1.411400,0.000000
18,924,0,,,,,,0.0000,1.428350,0.000000
18,925,0,,,,,,0.0000,1.405609,0.000000
18,926,0,,,,,,0.0000,1.388398,0.000000
18,927,0,,,,,,0.0000,1.441335,0.000000
18,928,0,,,,,,0.0000,1.413553,0.000000
18,929,0,,,,,,0.0000,1.394104,0.000000
18,930,0,,,,,,0.0000,1.387901,0.000000
18,931,0,,,,,,0.0000,1.397918,0.000000
18,932,0,,,,,,0.0000,1.416116,0.000000
18,933,0,,,,,,0.0000,1.419683,0.000000
18,934,0,,,,,,0.0000,1.418089,0.000000
18,935,0,,,,,,0.0000,1.407719,0.000000
18,936,0,,,,,,0.0000,1.388400,0.000000
18,937,0,,,,,,0.0000,1.399877,0.000000
18,938,0,,,,,,0.0000,1.377650,0.000000
18,939,0,,,,,,0.0000,1.408814,0.000000
18,940,0,,,,,,0.0000,1.432186,0.000000
18,941,0,,,,,,0.0000,1.424030,0.000000
18,942,0,,,,,,0.0000,1.388632,0.000000
18,943,0,,,,,,0.0000,1.395803,0.000000
18,944,0,,,,,,0.0000,1.415944,0.000000
18,945,0,,,,,,0.0000,1.442111,0.000000
18,946,0,,,,,,0.0000,1.422269,0.000000
18,947,0,,,,,,0.0000,1.390347,0.000000
18,948,0,,,,,,0.0000,1.427094,0.000000
18,949,0,,,,,,0.0000,1.421528,0.000000
18,950,0,,,,,,0.0000,1.394540,0.000000
18,951,0,,,,,,0.0000,1.408193,0.000000
18,952,0,,,,,,0.0000,1.377065,0.000000
18,953,0,,,,,,0.0000,1.396176,0.000000
18,954,0,,,,,,0.0000,1.437482,0.000000
18,955,0,,,,,,0.0000,1.440172,0.000000
18,956,0,,,,,,0.0000,1.426001,0.000000
18,957,0,,,,,,0.0000,1.387981,0.000000
18,958,0,,,,,,0.0000,1.412314,0.000000
18,959,0,,,,,,0.0000,1.439451,0.000000
18,960,0,,,,,,0.0000,1.394791,0.000000
18,961,0,,,,,,0.0000,1.341686,0.000000
18,962,0,,,,,,0.0000,1.415397,0.000000
18,963,0,,,,,,0.0000,1.442271,0.000000
18,964,0,,,,,,0.0000,1.387219,0.000000
18,965,0,,,,,,0.0000,1.349438,0.000000
18,966,0,,,,,,0.0000,1.391159,0.000000
18,967,0,,,,,,0.0000,1.445051,0.000000
18,968,0,,,,,,0.0000,1.377560,0.000000
18,969,0,,,,,,0.0000,1.384611,0.000000
18,970,0,,,,,,0.0000,1.409131,0.000000
18,971,0,,,,,,0.0000,1.404772,0.000000
18,972,0,,,,,,0.0000,1.376565,0.000000
18,973,0,,,,,,0.0000,1.410522,0.000000
18,974,0,,,,,,0.0000,1.411925,0.000000
18,975,0,,,,,,0.0000,1.424152,0.000000
18,976,0,,,,,,0.0000,1.400897,0.000000
18,977,0,,,,,,0.0000,1.384693,0.000000
18,978,0,,,,,,0.0000,1.403700,0.000000
18,979,0,,,,,,0.0000,1.431549,0.000000
18,980,0,,,,,,0.0000,1.431273,0.000000
18,981,0,,,,,,0.0000,1.420107,0.000000
18,982,0,,,,,,0.0000,1.368251,0.000000
18,983,0,,,,,,0.0000,1.372768,0.000000
18,984,0,,,,,,0.0000,1.415633,0.000000
18,985,0,,,,,,0.0000,1.431714,0.000000
18,986,0,,,,,,0.0000,1.409245,0.000000
18,987,0,,,,,,0.0000,1.368542,0.000000
18,988,0,,,,,,0.0000,1.377436,0.000000
18,989,0,,,,,,0.0000,1.439802,0.000000
18,990,0,,,,,,0.0000,1.446055,0.000000
18,991,0,,,,,,0.0000,1.433930,0.000000
18,992,0,,,,,,0.0000,1.386612,0.000000
18,993,0,,,,,,0.0000,1.391689,0.000000
18,994,0,,,,,,0.0000,1.449913,0.000000
18,995,0,,,,,,0.0000,1.469980,0.000000
18,996,0,,,,,,0.0000,1.416692,0.000000
18,997,0,,,,,,0.0000,1.400365,0.000000
18,998,0,,,,,,0.0000,1.447873,0.000000
18,999,0,,,,,,0.0000,1.430682,0.000000
18,1000,0,,,,,,0.0000,1.413254,0.000000
19,1,6,0.246549,0.134212,0.537945,0.247054,0.731035,11.0000,1.001080,0.509804
19,2,6,0.156637,0.085989,0.636338,0.297788,0.730978,4.0000,1.003798,0.613932
19,3,6,0.156637,0.085989,0.636338,0.297788,0.730978,2.0000,1.083474,0.613932
19,4,7,0.135321,0.090715,0.647149,0.154141,0.557664,4.0000,1.057530,0.635147
19,5,9,0.122016,0.088384,0.686524,0.057099,0.438838,4.0000,1.042632,0.712410
19,6,11,0.121087,0.093252,0.687816,0.064125,0.499219,4.0000,1.075135,0.714945
19,7,9,0.100680,0.062997,0.721688,0.059947,0.587478,10.0000,1.069076,0.764246
19,8,10,0.074537,0.063313,0.756810,0.048871,0.540282,4.0000,1.002321,0.795414
19,9,10,0.074537,0.063313,0.756810,0.048871,0.540282,2.0000,1.018090,0.795414
19,10,1,0.740126,0.228744,0.209298,0.000000,1.000000,1.0000,0.900849,0.007850
19,11,4,0.433682,0.244098,0.332290,0.148484,0.801324,3.0000,0.604769,0.199319
19,12,4,0.357774,0.204615,0.416348,0.205552,0.762282,6.0000,0.705374,0.349375
19,13,7,0.143552,0.120827,0.594636,0.101768,0.553629,9.0000,0.848209,0.604857
19,14,9,0.103775,0.091283,0.644948,0.038377,0.704345,6.0000,0.890642,0.646758
19,15,10,0.103722,0.091249,0.654052,0.037141,0.718372,2.0000,0.716723,0.665270
19,16,11,0.103378,0.091515,0.675608,0.038194,0.656874,2.0000,0.702864,0.709105
19,17,12,0.098276,0.091134,0.679856,0.044267,0.676442,3.0000,0.762162,0.717745
19,18,12,0.084525,0.080252,0.702029,0.033357,0.644338,9.0000,0.814656,0.757633
19,19,14,0.062334,0.066482,0.753808,0.031460,0.575548,5.0000,0.800054,0.813788
19,20,1,0.827001,0.012222,0.362343,0.000000,1.000000,1.0000,0.947739,0.219438
19,21,3,0.327219,0.107612,0.510618,0.633557,0.849788,2.0000,0.812584,0.438665
19,22,5,0.234338,0.082140,0.591395,0.097427,0.743519,5.0000,0.658606,0.576105
19,23,6,0.179276,0.066638,0.634664,0.087183,0.592706,5.0000,0.734300,0.663017
19,24,8,0.145234,0.090919,0.650383,0.098748,0.688148,7.0000,0.779029,0.675004
19,25,9,0.138794,0.085516,0.658357,0.080155,0.593676,2.0000,0.913714,0.691021
19,26,9,0.138794,0.085516,0.658357,0.080155,0.593676,2.0000,0.770960,0.691021
19,27,10,0.090541,0.060383,0.692691,0.096712,0.652138,2.0000,0.729351,0.729344
19,28,12,0.082979,0.044029,0.723296,0.090147,0.783101,7.0000,0.684086,0.790818
19,29,13,0.078793,0.043181,0.731754,0.086582,0.772106,3.0000,0.715473,0.807806
19,30,0,,,,,,0.0000,1.016603,0.000000
19,31,0,,,,,,0.0000,1.050238,0.000000
19,32,0,,,,,,0.0000,0.891664,0.000000
19,33,0,,,,,,0.0000,0.725574,0.000000
19,34,0,,,,,,0.0000,0.843631,0.000000
19,35,0,,,,,,0.0000,0.990137,0.000000
19,36,0,,,,,,0.0000,0.924204,0.000000
19,37,0,,,,,,0.0000,0.808938,0.000000
19,38,0,,,,,,0.0000,0.924285,0.000000
19,39,0,,,,,,0.0000,0.905149,0.000000
19,40,0,,,,,,0.0000,0.851082,0.000000
19,41,0,,,,,,0.0000,0.848396,0.000000
19,42,0,,,,,,0.0000,0.892935,0.000000
19,43,0,,,,,,0.0000,0.908690,0.000000
19,44,0,,,,,,0.0000,0.858262,0.000000
19,45,0,,,,,,0.0000,0.893360,0.000000
19,46,0,,,,,,0.0000,0.890718,0.000000
19,47,0,,,,,,0.0000,0.899415,0.000000
19,48,0,,,,,,0.0000,0.905170,0.000000
19,49,0,,,,,,0.0000,0.914104,0.000000
19,50,0,,,,,,0.0000,0.864822,0.000000
19,51,0,,,,,,0.0000,0.819408,0.000000
19,52,0,,,,,,0.0000,0.901437,0.000000
19,53,0,,,,,,0.0000,0.988503,0.000000
19,54,0,,,,,,0.0000,0.886412,0.000000
19,55,0,,,,,,0.0000,0.888915,0.000000
19,56,0,,,,,,0.0000,0.863892,0.000000
19,57,0,,,,,,0.0000,0.851013,0.000000
19,58,0,,,,,,0.0000,0.890866,0.000000
19,59,0,,,,,,0.0000,0.918894,0.000000
19,60,0,,,,,,0.0000,0.928397,0.000000
19,61,0,,,,,,0.0000,0.859499,0.000000
19,62,0,,,,,,0.0000,0.834898,0.000000
19,63,0,,,,,,0.0000,0.909559,0.000000
19,64,0,,,,,,0.0000,0.933546,0.000000
19,65,0,,,,,,0.0000,0.931363,0.000000
19,66,0,,,,,,0.0000,0.846860,0.000000
19,67,0,,,,,,0.0000,0.832848,0.000000
19,68,0,,,,,,0.0000,0.857855,0.000000
19,69,0,,,,,,0.0000,0.900999,0.000000
19,70,0,,,,,,0.0000,0.946287,0.000000
19,71,0,,,,,,0.0000,0.919615,0.000000
19,72,0,,,,,,0.0000,0.871357,0.000000
19,73,0,,,,,,0.0000,0.911887,0.000000
19,74,0,,,,,,0.0000,0.854060,0.000000
19,75,0,,,,,,0.0000,0.904059,0.000000
19,76,0,,,,,,0.0000,0.899408,0.000000
19,77,0,,,,,,0.0000,0.865246,0.000000
19,78,0,,,,,,0.0000,0.842992,0.000000
19,79,0,,,,,,0.0000,0.825530,0.000000
19,80,0,,,,,,0.0000,0.909060,0.000000
19,81,0,,,,,,0.0000,0.918418,0.000000
19,82,0,,,,,,0.0000,0.866089,0.000000
19,83,0,,,,,,0.0000,0.830039,0.000000
19,84,0,,,,,,0.0000,0.887827,0.000000
19,85,0,,,,,,0.0000,0.942395,0.000000
19,86,0,,,,,,0.0000,0.900173,0.000000
19,87,0,,,,,,0.0000,0.854252,0.000000
19,88,0,,,,,,0.0000,0.837283,0.000000
19,89,0,,,,,,0.0000,0.896075,0.000000
19,90,0,,,,,,0.0000,0.922524,0.000000
19,91,0,,,,,,0.0000,0.890446,0.000000
19,92,0,,,,,,0.0000,0.885054,0.000000
19,93,0,,,,,,0.0000,0.912737,0.000000
19,94,0,,,,,,0.0000,0.827906,0.000000
19,95,0,,,,,,0.0000,0.791700,0.000000
19,96,0,,,,,,0.0000,0.868436,0.000000
19,97,0,,,,,,0.0000,0.884004,0.000000
19,98,0,,,,,,0.0000,0.943028,0.000000
19,99,0,,,,,,0.0000,0.886742,0.000000
19,100,0,,,,,,0.0000,0.845738,0.000000
19,101,0,,,,,,0.0000,0.855668,0.000000
19,102,0,,,,,,0.0000,0.914651,0.000000
19,103,0,,,,,,0.0000,0.919045,0.000000
19,104,0,,,,,,0.0000,0.855791,0.000000
19,105,0,,,,,,0.0000,0.884271,0.000000
19,106,0,,,,,,0.0000,0.913835,0.000000
19,107,0,,,,,,0.0000,0.874391,0.000000
19,108,0,,,,,,0.0000,0.849141,0.000000
19,109,0,,,,,,0.0000,0.923480,0.000000
19,110,0,,,,,,0.0000,0.879657,0.000000
19,111,0,,,,,,0.0000,0.874763,0.000000
19,112,0,,,,,,0.0000,0.826599,0.000000
19,113,0,,,,,,0.0000,0.868329,0.000000
19,114,0,,,,,,0.0000,0.891215,0.000000
19,115,0,,,,,,0.0000,0.896467,0.000000
19,116,0,,,,,,0.0000,0.920205,0.000000
19,117,0,,,,,,0.0000,0.887736,0.000000
19,118,0,,,,,,0.0000,0.860334,0.000000
19,119,0,,,,,,0.0000,0.917117,0.000000
19,120,0,,,,,,0.0000,0.919970,0.000000
19,121,0,,,,,,0.0000,0.883859,0.000000
19,122,0,,,,,,0.0000,0.926097,0.000000
19,123,0,,,,,,0.0000,0.850644,0.000000
19,124,0,,,,,,0.0000,0.878576,0.000000
19,125,0,,,,,,0.0000,0.894307,0.000000
19,126,0,,,,,,0.0000,0.850839,0.000000
19,127,0,,,,,,0.0000,0.805796,0.000000
19,128,0,,,,,,0.0000,0.873039,0.000000
19,129,0,,,,,,0.0000,0.938077,0.000000
19,130,0,,,,,,0.0000,0.898122,0.000000
19,131,0,,,,,,0.0000,0.846090,0.000000
19,132,0,,,,,,0.0000,0.814727,0.000000
19,133,0,,,,,,0.0000,0.916764,0.000000
19,134,0,,,,,,0.0000,0.945643,0.000000
19,135,0,,,,,,0.0000,0.890031,0.000000
19,136,0,,,,,,0.0000,0.854575,0.000000
19,137,0,,,,,,0.0000,0.906469,0.000000
19,138,0,,,,,,0.0000,0.977698,0.000000
19,139,0,,,,,,0.0000,0.868614,0.000000
19,140,0,,,,,,0.0000,0.863301,0.000000
19,141,0,,,,,,0.0000,0.803614,0.000000
19,142,0,,,,,,0.0000,0.897492,0.000000
19,143,0,,,,,,0.0000,0.951597,0.000000
19,144,0,,,,,,0.0000,0.932465,0.000000
19,145,0,,,,,,0.0000,0.830826,0.000000
19,146,0,,,,,,0.0000,0.859015,0.000000
19,147,0,,,,,,0.0000,0.899687,0.000000
19,148,0,,,,,,0.0000,0.854941,0.000000
19,149,0,,,,,,0.0000,0.870162,0.000000
19,150,0,,,,,,0.0000,0.873849,0.000000
19,151,0,,,,,,0.0000,0.953753,0.000000
19,152,0,,,,,,0.0000,0.909950,0.000000
19,153,0,,,,,,0.0000,0.873262,0.000000
19,154,0,,,,,,0.0000,0.859063,0.000000
19,155,0,,,,,,0.0000,0.912660,0.000000
19,156,0,,,,,,0.0000,0.886056,0.000000
19,157,0,,,,,,0.0000,0.808737,0.000000
19,158,0,,,,,,0.0000,0.874990,0.000000
19,159,0,,,,,,0.0000,0.954807,0.000000
19,160,0,,,,,,0.0000,0.912717,0.000000
19,161,0,,,,,,0.0000,0.837874,0.000000
19,162,0,,,,,,0.0000,0.857875,0.000000
19,163,0,,,,,,0.0000,0.904004,0.000000
19,164,0,,,,,,0.0000,0.890112,0.000000
19,165,0,,,,,,0.0000,0.831234,0.000000
19,166,0,,,,,,0.0000,0.887406,0.000000
19,167,0,,,,,,0.0000,0.924234,0.000000
19,168,0,,,,,,0.0000,0.899793,0.000000
19,169,0,,,,,,0.0000,0.871033,0.000000
19,170,0,,,,,,0.0000,0.869462,0.000000
19,171,0,,,,,,0.0000,0.914566,0.000000
19,172,0,,,,,,0.0000,0.838869,0.000000
19,173,0,,,,,,0.0000,0.786313,0.000000
19,174,0,,,,,,0.0000,0.855694,0.000000
19,175,0,,,,,,0.0000,0.926874,0.000000
19,176,0,,,,,,0.0000,0.906563,0.000000
19,177,0,,,,,,0.0000,0.857480,0.000000
19,178,0,,,,,,0.0000,0.872962,0.000000
19,179,0,,,,,,0.0000,0.840895,0.000000
19,180,0,,,,,,0.0000,0.847349,0.000000
19,181,0,,,,,,0.0000,0.943648,0.000000
19,182,0,,,,,,0.0000,0.929856,0.000000
19,183,0,,,,,,0.0000,0.884004,0.000000
19,184,0,,,,,,0.0000,0.834425,0.000000
19,185,0,,,,,,0.0000,0.863281,0.000000
19,186,0,,,,,,0.0000,0.896626,0.000000
19,187,0,,,,,,0.0000,0.892090,0.000000
19,188,0,,,,,,0.0000,0.880764,0.000000
19,189,0,,,,,,0.0000,0.929203,0.000000
19,190,0,,,,,,0.0000,0.921867,0.000000
19,191,0,,,,,,0.0000,0.822770,0.000000
19,192,0,,,,,,0.0000,0.831174,0.000000
19,193,0,,,,,,0.0000,0.934805,0.000000
19,194,0,,,,,,0.0000,0.970901,0.000000
19,195,0,,,,,,0.0000,0.994679,0.000000
19,196,0,,,,,,0.0000,0.864940,0.000000
19,197,0,,,,,,0.0000,0.809112,0.000000
19,198,0,,,,,,0.0000,0.914419,0.000000
19,199,0,,,,,,0.0000,0.950156,0.000000
19,200,0,,,,,,0.0000,0.868071,0.000000
19,201,0,,,,,,0.0000,0.860526,0.000000
19,202,0,,,,,,0.0000,0.870166,0.000000
19,203,0,,,,,,0.0000,0.863034,0.000000
19,204,0,,,,,,0.0000,0.898038,0.000000
19,205,0,,,,,,0.0000,0.804827,0.000000
19,206,0,,,,,,0.0000,0.864761,0.000000
19,207,0,,,,,,0.0000,0.919213,0.000000
19,208,0,,,,,,0.0000,0.890642,0.000000
19,209,0,,,,,,0.0000,0.848188,0.000000
19,210,0,,,,,,0.0000,0.876898,0.000000
19,211,0,,,,,,0.0000,0.869115,0.000000
19,212,0,,,,,,0.0000,0.909181,0.000000
19,213,0,,,,,,0.0000,0.932101,0.000000
19,214,0,,,,,,0.0000,0.950375,0.000000
19,215,0,,,,,,0.0000,0.894255,0.000000
19,216,0,,,,,,0.0000,0.851179,0.000000
19,217,0,,,,,,0.0000,0.874500,0.000000
19,218,0,,,,,,0.0000,0.871564,0.000000
19,219,0,,,,,,0.0000,0.911790,0.000000
19,220,0,,,,,,0.0000,0.896745,0.000000
19,221,0,,,,,,0.0000,0.872181,0.000000
19,222,0,,,,,,0.0000,0.825508,0.000000
19,223,0,,,,,,0.0000,0.944854,0.000000
19,224,0,,,,,,0.0000,0.943294,0.000000
19,225,0,,,,,,0.0000,0.944067,0.000000
19,226,0,,,,,,0.0000,0.865485,0.000000
19,227,0,,,,,,0.0000,0.843017,0.000000
19,228,0,,,,,,0.0000,0.860861,0.000000
19,229,0,,,,,,0.0000,0.911176,0.000000
19,230,0,,,,,,0.0000,0.912020,0.000000
19,231,0,,,,,,0.0000,0.817556,0.000000
19,232,0,,,,,,0.0000,0.789532,0.000000
19,233,0,,,,,,0.0000,0.915406,0.000000
19,234,0,,,,,,0.0000,0.937718,0.000000
19,235,0,,,,,,0.0000,0.895885,0.000000
19,236,0,,,,,,0.0000,0.843815,0.000000
19,237,0,,,,,,0.0000,0.836012,0.000000
19,238,0,,,,,,0.0000,0.884222,0.000000
19,239,0,,,,,,0.0000,0.853717,0.000000
19,240,0,,,,,,0.0000,0.891737,0.000000
19,241,1,0.856764,0.002190,0.335882,0.000000,1.000000,2.0000,0.900046,0.206768
19,242,6,0.141648,0.061889,0.847596,0.066297,0.512313,8.0000,0.702260,0.734420
19,243,10,0.066246,0.060111,0.898380,0.052385,0.344479,12.0000,0.672970,0.833065
19,244,10,0.066165,0.060107,0.898740,0.052128,0.343494,7.0000,0.678915,0.833764
19,245,11,0.064350,0.060470,0.898954,0.050816,0.401638,5.0000,0.718006,0.834180
19,246,11,0.053490,0.046227,0.924916,0.049098,0.420838,3.0000,0.770377,0.853017
19,247,11,0.053490,0.046227,0.924916,0.049098,0.420838,7.0000,0.742946,0.853017
19,248,12,0.053490,0.047561,0.925084,0.059827,0.495591,6.0000,0.732500,0.853344
19,249,12,0.053490,0.047561,0.925084,0.059827,0.495591,6.0000,0.790813,0.853344
19,250,2,0.323737,0.042226,0.720710,0.000000,0.117785,4.0000,0.972243,0.422971
19,251,3,0.176499,0.055618,0.778766,0.033199,0.112392,3.0000,0.806016,0.538386
19,252,6,0.129812,0.066266,0.823544,0.189670,0.547399,5.0000,0.690193,0.622565
19,253,8,0.099962,0.058235,0.891032,0.162141,0.588752,6.0000,0.768755,0.711644
19,254,10,0.090116,0.061040,0.894597,0.111061,0.723386,5.0000,0.867250,0.718732
19,255,11,0.087546,0.059921,0.900431,0.065473,0.658130,5.0000,0.802665,0.730329
19,256,11,0.087546,0.059921,0.900431,0.065473,0.658130,3.0000,0.713242,0.730329
19,257,12,0.087546,0.063414,0.900481,0.054466,0.688768,5.0000,0.777433,0.730429
19,258,12,0.085889,0.062209,0.904009,0.054467,0.690623,10.0000,0.788404,0.737442
19,259,13,0.073584,0.068046,0.922389,0.061064,0.607243,9.0000,0.765684,0.773982
19,260,1,0.834198,0.000353,0.495275,0.000000,1.000000,1.0000,0.943921,0.209765
19,261,2,0.334843,0.156371,0.610386,0.000000,0.236803,4.0000,0.727943,0.228182
19,262,5,0.135944,0.110641,0.817869,0.278810,0.544193,8.0000,0.676438,0.594200
19,263,5,0.135944,0.110641,0.817869,0.278810,0.544193,4.0000,0.767850,0.594200
19,264,8,0.118403,0.099245,0.860967,0.109317,0.669253,8.0000,0.865792,0.681948
19,265,10,0.103273,0.093063,0.896252,0.102822,0.764603,6.0000,0.770899,0.720090
19,266,7,0.093778,0.072678,0.917969,0.166675,0.682195,4.0000,0.704624,0.759503
19,267,9,0.072790,0.069139,0.929788,0.033288,0.693366,9.0000,0.716088,0.779730
19,268,10,0.071829,0.073006,0.930734,0.033670,0.694764,9.0000,0.809353,0.781657
19,269,10,0.071829,0.073006,0.930734,0.033670,0.694764,4.0000,0.779597,0.781657
19,270,1,0.845491,0.020074,0.354487,0.000000,1.000000,2.0000,0.937904,0.165547
19,271,3,0.273927,0.166851,0.636663,0.531228,0.588068,5.0000,0.878571,0.291055
19,272,2,0.326360,0.009368,0.760852,0.000000,0.061610,6.0000,0.720449,0.422820
19,273,5,0.214480,0.117102,0.812425,0.137948,0.633729,12.0000,0.723737,0.481310
19,274,6,0.144828,0.074848,0.884371,0.139425,0.582196,7.0000,0.750040,0.628728
19,275,7,0.117262,0.094538,0.894031,0.097140,0.431972,8.0000,0.771847,0.648519
19,276,7,0.103285,0.071306,0.930674,0.104373,0.685180,7.0000,0.829378,0.723601
19,277,7,0.080185,0.037916,0.954961,0.109780,0.663058,5.0000,0.759980,0.773365
19,278,7,0.080794,0.030966,0.969095,0.090623,0.690880,3.0000,0.766820,0.802327
19,279,10,0.054356,0.042392,0.995947,0.053156,0.612721,13.0000,0.733356,0.857345
19,280,4,0.182888,0.062599,0.834491,0.350615,0.441839,5.0000,0.896214,0.505679
19,281,4,0.182888,0.062599,0.834491,0.350615,0.441839,3.0000,0.807386,0.505679
19,282,7,0.154290,0.097534,0.889283,0.056935,0.759326,9.0000,0.678603,0.615065
19,283,9,0.140586,0.070697,0.910094,0.063107,0.603296,8.0000,0.757425,0.658144
19,284,10,0.099574,0.077608,0.929793,0.074043,0.463124,7.0000,0.789118,0.698923
19,285,11,0.099301,0.089410,0.931111,0.056184,0.446814,8.0000,0.841776,0.701649
19,286,11,0.094510,0.077440,0.933302,0.061165,0.374495,6.0000,0.761142,0.706187
19,287,13,0.090916,0.079558,0.938833,0.061863,0.338633,7.0000,0.694362,0.717634
19,288,13,0.090916,0.079558,0.938833,0.061863,0.338633,7.0000,0.705445,0.717634
19,289,14,0.090916,0.086123,0.939310,0.062841,0.349644,4.0000,0.848142,0.718622
19,290,4,0.222212,0.052656,0.870903,0.032482,0.825954,4.0000,0.912096,0.591804
19,291,4,0.222212,0.052656,0.870903,0.032482,0.825954,5.0000,0.762005,0.591804
19,292,4,0.222142,0.052584,0.871647,0.030261,0.826633,6.0000,0.640437,0.593371
19,293,5,0.196054,0.072522,0.910766,0.089281,0.784937,7.0000,0.729160,0.640469
19,294,8,0.091961,0.079095,0.961903,0.088643,0.222254,11.0000,0.800131,0.748176
19,295,6,0.120213,0.051632,0.983439,0.037060,0.275183,5.0000,0.793606,0.793537
19,296,7,0.085375,0.041912,1.005726,0.121878,0.319743,7.0000,0.898672,0.840480
19,297,9,0.082888,0.044162,1.007198,0.140100,0.577845,5.0000,0.788233,0.843579
19,298,9,0.082888,0.044162,1.007198,0.140100,0.577845,6.0000,0.737863,0.843579
19,299,11,0.064513,0.040961,1.010188,0.098929,0.483619,14.0000,0.693748,0.849877
19,300,2,0.459958,0.123506,0.408312,0.000000,0.748702,3.0000,0.986846,0.270845
19,301,8,0.183491,0.104442,0.779518,0.050586,0.545258,7.0000,0.916748,0.630479
19,302,12,0.128279,0.110199,0.824807,0.086574,0.707937,7.0000,0.754059,0.649603
19,303,12,0.077905,0.082383,0.933878,0.077182,0.451333,12.0000,0.642052,0.739558
19,304,12,0.073618,0.069801,0.945179,0.083010,0.534366,10.0000,0.743597,0.763227
19,305,14,0.066639,0.064679,0.971503,0.081908,0.559671,10.0000,0.852250,0.782574
19,306,14,0.055536,0.053846,0.988445,0.065603,0.492855,9.0000,0.753808,0.818056
19,307,14,0.055470,0.053276,1.001041,0.066030,0.449637,10.0000,0.706736,0.825924
19,308,14,0.055470,0.053276,1.001041,0.066030,0.449637,7.0000,0.698560,0.825924
19,309,15,0.054933,0.053655,1.004601,0.058232,0.460130,7.0000,0.797048,0.833378
19,310,2,0.309874,0.097665,0.686746,0.000000,0.131467,5.0000,0.912810,0.294266
19,311,4,0.295677,0.113713,0.727066,0.821118,1.137832,5.0000,0.724507,0.323166
19,312,2,0.324458,0.004123,0.792633,0.000000,0.050587,4.0000,0.634986,0.434471
19,313,5,0.129094,0.092378,0.880602,0.262919,0.398433,7.0000,0.756513,0.576937
19,314,8,0.128515,0.083832,0.887452,0.261740,0.799677,6.0000,0.871618,0.591365
19,315,9,0.126064,0.085146,0.893148,0.179926,0.787654,6.0000,0.805223,0.603362
19,316,10,0.119667,0.087990,0.902133,0.151666,0.744718,4.0000,0.700073,0.622286
19,317,11,0.090285,0.058067,0.994108,0.107024,0.591491,13.0000,0.821608,0.816009
19,318,13,0.066924,0.052714,1.016869,0.086611,0.769874,17.0000,0.788728,0.863949
19,319,14,0.066905,0.052653,1.017184,0.089324,0.824015,11.0000,0.756227,0.864614
19,320,1,0.816690,0.010564,0.499348,0.000000,1.000000,1.0000,0.933378,0.198063
19,321,3,0.228359,0.130137,0.698619,0.052121,0.212109,3.0000,0.753814,0.351058
19,322,5,0.173166,0.116145,0.784736,0.140716,0.317593,6.0000,0.556286,0.501822
19,323,6,0.124565,0.068854,0.906644,0.141329,0.462461,10.0000,0.694181,0.651003
19,324,6,0.124565,0.068854,0.906644,0.141329,0.462461,6.0000,0.951429,0.651003
19,325,7,0.114946,0.074812,0.922682,0.088310,0.585216,4.0000,0.923246,0.684202
19,326,8,0.109543,0.076613,0.923327,0.052983,0.660689,8.0000,0.735246,0.685537
19,327,8,0.102501,0.070852,0.929809,0.053603,0.660939,5.0000,0.623958,0.698955
19,328,10,0.095073,0.098140,0.938280,0.053662,0.539687,5.0000,0.726942,0.716489
19,329,10,0.094364,0.097552,0.942647,0.042538,0.541840,4.0000,0.913648,0.725530
19,330,3,0.193049,0.010285,0.882891,0.282703,0.253433,4.0000,1.072306,0.625694
19,331,5,0.173831,0.055928,0.898254,0.150174,0.612954,6.0000,0.856885,0.657172
19,332,5,0.169333,0.029324,0.918994,0.144515,0.627667,7.0000,0.669955,0.699670
19,333,7,0.143745,0.086050,0.922439,0.134598,0.561546,7.0000,0.649610,0.706728
19,334,8,0.085448,0.036498,0.961068,0.155037,0.569014,9.0000,0.808897,0.785879
19,335,9,0.069283,0.040881,0.963335,0.056542,0.507350,5.0000,0.873987,0.790524
19,336,9,0.069283,0.040881,0.963335,0.056542,0.507350,5.0000,0.771410,0.790524
19,337,11,0.066761,0.037132,0.964671,0.055583,0.653954,4.0000,0.727294,0.793260
19,338,13,0.064813,0.034677,0.967672,0.057595,0.765504,4.0000,0.755679,0.799411
19,339,13,0.064852,0.034042,0.971461,0.053678,0.757065,4.0000,0.757564,0.807173
19,340,2,0.409062,0.251343,0.489683,0.000000,0.280723,2.0000,0.967385,0.149836
19,341,4,0.208681,0.161499,0.708779,0.216592,0.479865,5.0000,0.873679,0.414820
19,342,6,0.149683,0.118695,0.780734,0.216582,0.428073,8.0000,0.622239,0.496893
19,343,7,0.145076,0.121816,0.801743,0.141112,0.316678,8.0000,0.707203,0.514203
19,344,8,0.135676,0.119196,0.806138,0.146366,0.429183,7.0000,0.758310,0.523152
19,345,7,0.130867,0.112798,0.820343,0.134488,0.333458,2.0000,0.858162,0.552074
19,346,6,0.104983,0.053750,0.913372,0.166273,0.391751,8.0000,0.841420,0.713771
19,347,7,0.100759,0.051265,0.916126,0.133300,0.454148,7.0000,0.711109,0.719377
19,348,7,0.098145,0.050644,0.920710,0.130051,0.449641,4.0000,0.771300,0.728711
19,349,8,0.098048,0.047378,0.921041,0.159818,0.564241,7.0000,0.804705,0.729384
19,350,1,0.725048,0.236684,0.271114,0.000000,1.000000,1.0000,0.912777,0.021130
19,351,4,0.208323,0.104209,0.731204,0.359597,0.490771,6.0000,0.738646,0.457523
19,352,6,0.170550,0.143039,0.777182,0.042511,0.408368,6.0000,0.736705,0.546132
19,353,7,0.137632,0.078481,0.864221,0.116044,0.658740,12.0000,0.721007,0.667304
19,354,11,0.129478,0.073100,0.908814,0.083818,0.794396,8.0000,0.847599,0.755955
19,355,13,0.128033,0.069396,0.911613,0.075044,0.887166,7.0000,0.808485,0.761521
19,356,13,0.127928,0.075860,0.920875,0.046396,0.820633,4.0000,0.700239,0.770973
19,357,12,0.115696,0.062377,0.932295,0.066252,0.801596,6.0000,0.771342,0.793675
19,358,13,0.080556,0.060179,0.941994,0.091380,0.684155,7.0000,0.746938,0.812957
19,359,13,0.080556,0.060179,0.941994,0.091380,0.684155,6.0000,0.711779,0.812957
19,360,1,0.826829,0.045554,0.291225,0.000000,1.000000,1.0000,0.924294,0.150513
19,361,2,0.352176,0.045721,0.625055,0.000000,0.098249,3.0000,0.856859,0.295186
19,362,4,0.168849,0.049546,0.759531,0.503949,0.620228,7.0000,0.646295,0.556395
19,363,8,0.096566,0.071933,0.830800,0.161373,0.585331,6.0000,0.772085,0.694830
19,364,8,0.096566,0.071933,0.830800,0.161373,0.585331,4.0000,0.866276,0.694830
19,365,9,0.090219,0.073804,0.855676,0.072236,0.456480,5.0000,0.804163,0.743149
19,366,9,0.090219,0.073804,0.855676,0.072236,0.456480,3.0000,0.716472,0.743149
19,367,9,0.089825,0.073469,0.856809,0.073273,0.450144,5.0000,0.714413,0.745350
19,368,10,0.087674,0.075695,0.869472,0.062929,0.382271,4.0000,0.794746,0.752058
19,369,10,0.091368,0.069606,0.874393,0.080973,0.493131,6.0000,0.813628,0.761618
19,370,2,0.249385,0.101619,0.660516,0.000000,0.377417,3.0000,0.940883,0.552278
19,371,5,0.153582,0.104063,0.734818,0.113307,0.517209,4.0000,0.772661,0.637288
19,372,5,0.139873,0.082587,0.771442,0.106225,0.470636,6.0000,0.612907,0.696004
19,373,6,0.145527,0.100092,0.806633,0.017353,0.553123,3.0000,0.782396,0.763391
19,374,6,0.130119,0.053295,0.836811,0.030915,0.632328,8.0000,0.871155,0.782919
19,375,11,0.120473,0.060238,0.883500,0.082930,0.840670,12.0000,0.732918,0.811207
19,376,12,0.084133,0.061429,0.891128,0.091455,0.732144,6.0000,0.683625,0.825906
19,377,11,0.068538,0.039807,0.905320,0.098741,0.682881,6.0000,0.735151,0.853251
19,378,11,0.067987,0.038719,0.907393,0.097702,0.682757,3.0000,0.771930,0.857245
19,379,14,0.060116,0.046546,0.920074,0.042277,0.680990,6.0000,0.772206,0.881679
19,380,1,0.500337,0.044741,0.357622,0.000000,1.000000,1.0000,0.872494,0.339815
19,381,5,0.177765,0.122493,0.684386,0.143958,0.603853,8.0000,0.765015,0.575731
19,382,5,0.172774,0.102185,0.695303,0.140252,0.622687,5.0000,0.646678,0.596748
19,383,7,0.150156,0.093930,0.746901,0.087784,0.733744,7.0000,0.766116,0.689365
19,384,9,0.149340,0.097087,0.749457,0.090832,0.789429,4.0000,0.739239,0.692379
19,385,10,0.149340,0.093296,0.749490,0.092033,0.851273,4.0000,0.719630,0.692444
19,386,11,0.082269,0.076133,0.793735,0.121717,0.709128,6.0000,0.784609,0.748669
19,387,11,0.082269,0.076133,0.793735,0.121717,0.709128,4.0000,0.705181,0.748669
19,388,10,0.077561,0.073842,0.800689,0.094870,0.557828,8.0000,0.789085,0.762056
19,389,9,0.068113,0.046283,0.813401,0.090183,0.557712,3.0000,0.781201,0.786527
19,390,0,,,,,,0.0000,0.966138,0.000000
19,391,0,,,,,,0.0000,1.032124,0.000000
19,392,0,,,,,,0.0000,0.901219,0.000000
19,393,0,,,,,,0.0000,0.772599,0.000000
19,394,0,,,,,,0.0000,0.834407,0.000000
19,395,0,,,,,,0.0000,0.925694,0.000000
19,396,0,,,,,,0.0000,0.933610,0.000000
19,397,0,,,,,,0.0000,0.919622,0.000000
19,398,0,,,,,,0.0000,0.907660,0.000000
19,399,0,,,,,,0.0000,0.817078,0.000000
19,400,0,,,,,,0.0000,0.868341,0.000000
19,401,0,,,,,,0.0000,1.028701,0.000000
19,402,0,,,,,,0.0000,0.970828,0.000000
19,403,0,,,,,,0.0000,0.802969,0.000000
19,404,0,,,,,,0.0000,0.831434,0.000000
19,405,0,,,,,,0.0000,0.964028,0.000000
19,406,0,,,,,,0.0000,0.907881,0.000000
19,407,0,,,,,,0.0000,0.915241,0.000000
19,408,0,,,,,,0.0000,0.837425,0.000000
19,409,0,,,,,,0.0000,0.840158,0.000000
19,410,0,,,,,,0.0000,0.905343,0.000000
19,411,0,,,,,,0.0000,0.907144,0.000000
19,412,0,,,,,,0.0000,0.838454,0.000000
19,413,0,,,,,,0.0000,0.825327,0.000000
19,414,0,,,,,,0.0000,0.868708,0.000000
19,415,0,,,,,,0.0000,0.965467,0.000000
19,416,0,,,,,,0.0000,0.906018,0.000000
19,417,0,,,,,,0.0000,0.811670,0.000000
19,418,0,,,,,,0.0000,0.815024,0.000000
19,419,0,,,,,,0.0000,0.855469,0.000000
19,420,0,,,,,,0.0000,0.929392,0.000000
19,421,0,,,,,,0.0000,0.875534,0.000000
19,422,0,,,,,,0.0000,0.806710,0.000000
19,423,0,,,,,,0.0000,0.861831,0.000000
19,424,0,,,,,,0.0000,0.989230,0.000000
19,425,0,,,,,,0.0000,0.937403,0.000000
19,426,0,,,,,,0.0000,0.818938,0.000000
19,427,0,,,,,,0.0000,0.877205,0.000000
19,428,0,,,,,,0.0000,0.938706,0.000000
19,429,0,,,,,,0.0000,0.945513,0.000000
19,430,0,,,,,,0.0000,0.803798,0.000000
19,431,0,,,,,,0.0000,0.779918,0.000000
19,432,0,,,,,,0.0000,0.847369,0.000000
19,433,0,,,,,,0.0000,0.951463,0.000000
19,434,0,,,,,,0.0000,0.888006,0.000000
19,435,0,,,,,,0.0000,0.815209,0.000000
19,436,0,,,,,,0.0000,0.826967,0.000000
19,437,0,,,,,,0.0000,0.876655,0.000000
19,438,0,,,,,,0.0000,0.920507,0.000000
19,439,0,,,,,,0.0000,0.888524,0.000000
19,440,0,,,,,,0.0000,0.846477,0.000000
19,441,0,,,,,,0.0000,0.885113,0.000000
19,442,0,,,,,,0.0000,0.910237,0.000000
19,443,0,,,,,,0.0000,0.879503,0.000000
19,444,0,,,,,,0.0000,0.921012,0.000000
19,445,0,,,,,,0.0000,0.842952,0.000000
19,446,0,,,,,,0.0000,0.835815,0.000000
19,447,0,,,,,,0.0000,0.917216,0.000000
19,448,0,,,,,,0.0000,0.899732,0.000000
19,449,0,,,,,,0.0000,0.872768,0.000000
19,450,0,,,,,,0.0000,0.848113,0.000000
19,451,0,,,,,,0.0000,0.870348,0.000000
19,452,0,,,,,,0.0000,0.867358,0.000000
19,453,0,,,,,,0.0000,0.856702,0.000000
19,454,0,,,,,,0.0000,0.894010,0.000000
19,455,0,,,,,,0.0000,0.906211,0.000000
19,456,0,,,,,,0.0000,0.869990,0.000000
19,457,0,,,,,,0.0000,0.878748,0.000000
19,458,0,,,,,,0.0000,0.903201,0.000000
19,459,0,,,,,,0.0000,0.861744,0.000000
19,460,0,,,,,,0.0000,0.896068,0.000000
19,461,0,,,,,,0.0000,0.862094,0.000000
19,462,0,,,,,,0.0000,0.910106,0.000000
19,463,0,,,,,,0.0000,0.930806,0.000000
19,464,0,,,,,,0.0000,0.928433,0.000000
19,465,0,,,,,,0.0000,0.799317,0.000000
19,466,0,,,,,,0.0000,0.850253,0.000000
19,467,0,,,,,,0.0000,0.931652,0.000000
19,468,0,,,,,,0.0000,0.945979,0.000000
19,469,0,,,,,,0.0000,0.839939,0.000000
19,470,0,,,,,,0.0000,0.873222,0.000000
19,471,0,,,,,,0.0000,0.916577,0.000000
19,472,0,,,,,,0.0000,0.922642,0.000000
19,473,0,,,,,,0.0000,0.851345,0.000000
19,474,0,,,,,,0.0000,0.877763,0.000000
19,475,0,,,,,,0.0000,0.869348,0.000000
19,476,0,,,,,,0.0000,0.869507,0.000000
19,477,0,,,,,,0.0000,0.921018,0.000000
19,478,0,,,,,,0.0000,0.967877,0.000000
19,479,0,,,,,,0.0000,0.851931,0.000000
19,480,0,,,,,,0.0000,0.803428,0.000000
19,481,0,,,,,,0.0000,0.862407,0.000000
19,482,0,,,,,,0.0000,0.914454,0.000000
19,483,0,,,,,,0.0000,0.875657,0.000000
19,484,0,,,,,,0.0000,0.819400,0.000000
19,485,0,,,,,,0.0000,0.888912,0.000000
19,486,0,,,,,,0.0000,0.911788,0.000000
19,487,0,,,,,,0.0000,0.915350,0.000000
19,488,0,,,,,,0.0000,0.866347,0.000000
19,489,0,,,,,,0.0000,0.870703,0.000000
19,490,0,,,,,,0.0000,0.854295,0.000000
19,491,0,,,,,,0.0000,0.856060,0.000000
19,492,0,,,,,,0.0000,0.961881,0.000000
19,493,0,,,,,,0.0000,0.946289,0.000000
19,494,0,,,,,,0.0000,0.868852,0.000000
19,495,0,,,,,,0.0000,0.826012,0.000000
19,496,0,,,,,,0.0000,0.841562,0.000000
19,497,0,,,,,,0.0000,0.911960,0.000000
19,498,0,,,,,,0.0000,0.948874,0.000000
19,499,0,,,,,,0.0000,0.905600,0.000000
19,500,0,,,,,,0.0000,0.864945,0.000000
19,501,0,,,,,,0.0000,0.824490,0.000000
19,502,0,,,,,,0.0000,0.847444,0.000000
19,503,0,,,,,,0.0000,0.904843,0.000000
19,504,0,,,,,,0.0000,0.952141,0.000000
19,505,0,,,,,,0.0000,0.857321,0.000000
19,506,0,,,,,,0.0000,0.778430,0.000000
19,507,0,,,,,,0.0000,0.899672,0.000000
19,508,0,,,,,,0.0000,0.962944,0.000000
19,509,0,,,,,,0.0000,0.911877,0.000000
19,510,0,,,,,,0.0000,0.862867,0.000000
19,511,0,,,,,,0.0000,0.888297,0.000000
19,512,0,,,,,,0.0000,0.846232,0.000000
19,513,0,,,,,,0.0000,0.884042,0.000000
19,514,0,,,,,,0.0000,0.899571,0.000000
19,515,0,,,,,,0.0000,0.904257,0.000000
19,516,0,,,,,,0.0000,0.842451,0.000000
19,517,0,,,,,,0.0000,0.836422,0.000000
19,518,0,,,,,,0.0000,0.884151,0.000000
19,519,0,,,,,,0.0000,0.893668,0.000000
19,520,0,,,,,,0.0000,0.899220,0.000000
19,521,0,,,,,,0.0000,0.801535,0.000000
19,522,0,,,,,,0.0000,0.772899,0.000000
19,523,0,,,,,,0.0000,0.814493,0.000000
19,524,0,,,,,,0.0000,0.894444,0.000000
19,525,0,,,,,,0.0000,0.931412,0.000000
19,526,0,,,,,,0.0000,0.850044,0.000000
19,527,0,,,,,,0.0000,0.799651,0.000000
19,528,0,,,,,,0.0000,0.799891,0.000000
19,529,0,,,,,,0.0000,0.892246,0.000000
19,530,0,,,,,,0.0000,0.909438,0.000000
19,531,0,,,,,,0.0000,0.858368,0.000000
19,532,0,,,,,,0.0000,0.815260,0.000000
19,533,0,,,,,,0.0000,0.943658,0.000000
19,534,0,,,,,,0.0000,0.940544,0.000000
19,535,0,,,,,,0.0000,0.960111,0.000000
19,536,0,,,,,,0.0000,0.820172,0.000000
19,537,0,,,,,,0.0000,0.871353,0.000000
19,538,0,,,,,,0.0000,0.910106,0.000000
19,539,0,,,,,,0.0000,0.896783,0.000000
19,540,0,,,,,,0.0000,0.831263,0.000000
19,541,0,,,,,,0.0000,0.917784,0.000000
19,542,0,,,,,,0.0000,0.887744,0.000000
19,543,0,,,,,,0.0000,0.889810,0.000000
19,544,0,,,,,,0.0000,0.901127,0.000000
19,545,0,,,,,,0.0000,0.843242,0.000000
19,546,0,,,,,,0.0000,0.872210,0.000000
19,547,0,,,,,,0.0000,0.880674,0.000000
19,548,0,,,,,,0.0000,0.881446,0.000000
19,549,0,,,,,,0.0000,0.873129,0.000000
19,550,0,,,,,,0.0000,0.848446,0.000000
19,551,0,,,,,,0.0000,0.856256,0.000000
19,552,0,,,,,,0.0000,0.873674,0.000000
19,553,0,,,,,,0.0000,0.841905,0.000000
19,554,0,,,,,,0.0000,0.873188,0.000000
19,555,0,,,,,,0.0000,0.873379,0.000000
19,556,0,,,,,,0.0000,0.941302,0.000000
19,557,0,,,,,,0.0000,0.838682,0.000000
19,558,0,,,,,,0.0000,0.802233,0.000000
19,559,0,,,,,,0.0000,0.866656,0.000000
19,560,0,,,,,,0.0000,0.891746,0.000000
19,561,0,,,,,,0.0000,0.905108,0.000000
19,562,0,,,,,,0.0000,0.863340,0.000000
19,563,0,,,,,,0.0000,0.893295,0.000000
19,564,0,,,,,,0.0000,0.896124,0.000000
19,565,0,,,,,,0.0000,0.842298,0.000000
19,566,0,,,,,,0.0000,0.891915,0.000000
19,567,0,,,,,,0.0000,0.949039,0.000000
19,568,0,,,,,,0.0000,0.850728,0.000000
19,569,0,,,,,,0.0000,0.853909,0.000000
19,570,0,,,,,,0.0000,0.888143,0.000000
19,571,0,,,,,,0.0000,1.003527,0.000000
19,572,0,,,,,,0.0000,0.920142,0.000000
19,573,0,,,,,,0.0000,0.874804,0.000000
19,574,0,,,,,,0.0000,0.884138,0.000000
19,575,0,,,,,,0.0000,0.915950,0.000000
19,576,0,,,,,,0.0000,0.870828,0.000000
19,577,0,,,,,,0.0000,0.838647,0.000000
19,578,0,,,,,,0.0000,0.850259,0.000000
19,579,0,,,,,,0.0000,0.862893,0.000000
19,580,0,,,,,,0.0000,0.872804,0.000000
19,581,0,,,,,,0.0000,0.836557,0.000000
19,582,0,,,,,,0.0000,0.919782,0.000000
19,583,0,,,,,,0.0000,0.879650,0.000000
19,584,0,,,,,,0.0000,0.883451,0.000000
19,585,0,,,,,,0.0000,0.925661,0.000000
19,586,0,,,,,,0.0000,0.867529,0.000000
19,587,0,,,,,,0.0000,0.806226,0.000000
19,588,0,,,,,,0.0000,0.859728,0.000000
19,589,0,,,,,,0.0000,0.907070,0.000000
19,590,0,,,,,,0.0000,0.888801,0.000000
19,591,0,,,,,,0.0000,0.916037,0.000000
19,592,0,,,,,,0.0000,0.900157,0.000000
19,593,0,,,,,,0.0000,0.840153,0.000000
19,594,0,,,,,,0.0000,0.882107,0.000000
19,595,0,,,,,,0.0000,0.941819,0.000000
19,596,0,,,,,,0.0000,0.882831,0.000000
19,597,0,,,,,,0.0000,0.894069,0.000000
19,598,0,,,,,,0.0000,0.884222,0.000000
19,599,0,,,,,,0.0000,0.877697,0.000000
19,600,0,,,,,,0.0000,0.898064,0.000000
19,601,0,,,,,,0.0000,0.806897,0.000000
19,602,0,,,,,,0.0000,0.832619,0.000000
19,603,0,,,,,,0.0000,0.865920,0.000000
19,604,0,,,,,,0.0000,0.877539,0.000000
19,605,0,,,,,,0.0000,0.828282,0.000000
19,606,0,,,,,,0.0000,0.934302,0.000000
19,607,0,,,,,,0.0000,0.920959,0.000000
19,608,0,,,,,,0.0000,0.792160,0.000000
19,609,0,,,,,,0.0000,0.809698,0.000000
19,610,0,,,,,,0.0000,0.957953,0.000000
19,611,0,,,,,,0.0000,0.896784,0.000000
19,612,0,,,,,,0.0000,0.837411,0.000000
19,613,0,,,,,,0.0000,0.867544,0.000000
19,614,0,,,,,,0.0000,0.857363,0.000000
19,615,0,,,,,,0.0000,0.872086,0.000000
19,616,0,,,,,,0.0000,0.847698,0.000000
19,617,0,,,,,,0.0000,0.901932,0.000000
19,618,0,,,,,,0.0000,0.876735,0.000000
19,619,0,,,,,,0.0000,0.886597,0.000000
19,620,0,,,,,,0.0000,0.810536,0.000000
19,621,0,,,,,,0.0000,0.928808,0.000000
19,622,0,,,,,,0.0000,0.916646,0.000000
19,623,0,,,,,,0.0000,0.799261,0.000000
19,624,0,,,,,,0.0000,0.862359,0.000000
19,625,0,,,,,,0.0000,0.893803,0.000000
19,626,0,,,,,,0.0000,0.927650,0.000000
19,627,0,,,,,,0.0000,0.896857,0.000000
19,628,0,,,,,,0.0000,0.818029,0.000000
19,629,0,,,,,,0.0000,0.869695,0.000000
19,630,0,,,,,,0.0000,0.818031,0.000000
19,631,0,,,,,,0.0000,0.881306,0.000000
19,632,0,,,,,,0.0000,0.949897,0.000000
19,633,0,,,,,,0.0000,0.933643,0.000000
19,634,0,,,,,,0.0000,0.855129,0.000000
19,635,0,,,,,,0.0000,0.819718,0.000000
19,636,0,,,,,,0.0000,0.879192,0.000000
19,637,0,,,,,,0.0000,0.912099,0.000000
19,638,0,,,,,,0.0000,0.854842,0.000000
19,639,0,,,,,,0.0000,0.856225,0.000000
19,640,1,0.854188,0.002971,0.468118,0.000000,1.000000,2.0000,0.886263,0.217736
19,641,2,0.342580,0.007350,0.732341,0.000000,0.081240,3.0000,0.585211,0.474555
19,642,4,0.183127,0.106591,0.760503,0.200205,0.254674,9.0000,0.654655,0.529256
19,643,5,0.179291,0.133093,0.769800,0.187588,0.388910,8.0000,0.761709,0.547315
19,644,5,0.179291,0.133093,0.769800,0.187588,0.388910,3.0000,0.793317,0.547315
19,645,5,0.179291,0.133093,0.769800,0.187588,0.388910,2.0000,0.898101,0.547315
19,646,5,0.159724,0.097661,0.822622,0.201251,0.414170,5.0000,0.836542,0.649918
19,647,5,0.127031,0.080939,0.836182,0.162853,0.371826,3.0000,0.703744,0.676258
19,648,6,0.126117,0.084283,0.839800,0.237777,0.557399,2.0000,0.727068,0.683286
19,649,6,0.126117,0.084283,0.839800,0.237777,0.557399,5.0000,0.728924,0.683286
19,650,0,,,,,,0.0000,0.991719,0.000000
19,651,1,0.845274,0.001110,0.357631,0.000000,1.000000,1.0000,0.983043,0.213326
19,652,4,0.328655,0.283143,0.541529,0.459112,0.652564,5.0000,0.641819,0.217339
19,653,4,0.175962,0.061989,0.847044,0.283914,0.475209,9.0000,0.716258,0.680616
19,654,5,0.103195,0.044357,0.898310,0.213458,0.320123,6.0000,0.821339,0.761821
19,655,5,0.103195,0.044357,0.898310,0.213458,0.320123,4.0000,0.829178,0.761821
19,656,6,0.092184,0.030365,0.926953,0.215358,0.526107,4.0000,0.827740,0.783057
19,657,7,0.090831,0.028129,0.928684,0.224995,0.724420,3.0000,0.681174,0.786498
19,658,9,0.065427,0.046647,0.946029,0.113066,0.488136,5.0000,0.683452,0.820979
19,659,12,0.064762,0.048553,0.955394,0.100962,0.747740,7.0000,0.821450,0.839597
19,660,1,0.773870,0.004464,0.499692,0.000000,1.000000,1.0000,1.049857,0.252888
19,661,2,0.331328,0.078121,0.651570,0.000000,0.471933,1.0000,0.816104,0.441817
19,662,5,0.139611,0.134198,0.817851,0.266241,0.536463,5.0000,0.629654,0.653498
19,663,4,0.108764,0.040686,0.885639,0.167489,0.271470,4.0000,0.707191,0.701564
19,664,5,0.108294,0.036392,0.914400,0.251328,0.480009,3.0000,0.852410,0.715862
19,665,6,0.104482,0.039859,0.932340,0.238890,0.543093,10.0000,0.806176,0.752389
19,666,8,0.103159,0.046931,0.935067,0.155115,0.602715,4.0000,0.791730,0.757941
19,667,11,0.102376,0.065139,0.940015,0.108018,0.647162,11.0000,0.733293,0.768016
19,668,12,0.102376,0.059203,0.940334,0.119009,0.720758,7.0000,0.768074,0.768665
19,669,13,0.088414,0.059241,0.948939,0.112829,0.620654,6.0000,0.715169,0.786185
19,670,1,0.835126,0.000093,0.503651,0.000000,1.000000,2.0000,0.938554,0.209332
19,671,2,0.423751,0.039457,0.638174,0.000000,0.546865,4.0000,0.765788,0.402053
19,672,4,0.123166,0.053659,0.887841,0.287416,0.447875,5.0000,0.582557,0.684670
19,673,4,0.103001,0.045897,0.929745,0.121146,0.264125,8.0000,0.667870,0.770532
19,674,8,0.082206,0.036604,0.980293,0.196424,0.516156,10.0000,0.709523,0.825270
19,675,8,0.082206,0.036604,0.980293,0.196424,0.516156,8.0000,0.851818,0.825270
19,676,8,0.082206,0.036604,0.980293,0.196424,0.516156,7.0000,0.799225,0.825270
19,677,9,0.082171,0.039064,0.980490,0.194721,0.597269,6.0000,0.756830,0.825673
19,678,10,0.081633,0.037596,0.981008,0.195163,0.705916,5.0000,0.718347,0.826735
19,679,13,0.052519,0.043106,1.008279,0.079904,0.616173,5.0000,0.726014,0.882613
19,680,2,0.319123,0.111793,0.637209,0.000000,0.168553,2.0000,0.873431,0.228184
19,681,7,0.153505,0.084900,0.861191,0.185501,0.731097,10.0000,0.819692,0.617786
19,682,8,0.133653,0.097967,0.887121,0.164182,0.662119,8.0000,0.694466,0.667330
19,683,8,0.107833,0.080305,0.932828,0.196749,0.747959,7.0000,0.704659,0.738744
19,684,10,0.105609,0.073795,0.945977,0.162231,0.855532,7.0000,0.784934,0.749437
19,685,11,0.100320,0.069844,0.966203,0.126862,0.775934,11.0000,0.784048,0.774292
19,686,13,0.064240,0.052469,1.015691,0.106721,0.715623,11.0000,0.731902,0.876733
19,687,13,0.064089,0.052269,1.016731,0.106418,0.718736,5.0000,0.802850,0.878886
19,688,14,0.055101,0.045382,1.035366,0.107325,0.728413,6.0000,0.768758,0.917461
19,689,15,0.055101,0.045790,1.035436,0.103781,0.744952,8.0000,0.741258,0.917606
19,690,4,0.206299,0.076703,0.831524,0.062476,0.868306,7.0000,0.951911,0.567533
19,691,5,0.204995,0.068748,0.834589,0.008996,1.005437,4.0000,0.849667,0.573989
19,692,8,0.102200,0.070207,0.911730,0.094824,0.556371,9.0000,0.668519,0.675339
19,693,9,0.083543,0.073342,0.942774,0.073965,0.430504,9.0000,0.739958,0.740727
19,694,10,0.084184,0.073735,0.951524,0.062069,0.485735,11.0000,0.795473,0.759156
19,695,11,0.084162,0.071154,0.951580,0.070248,0.549182,10.0000,0.800874,0.759275
19,696,13,0.072695,0.071815,0.963487,0.034250,0.481359,4.0000,0.735601,0.784354
19,697,14,0.068263,0.060754,1.005216,0.044019,0.528382,13.0000,0.676911,0.839406
19,698,14,0.066484,0.064394,1.007959,0.030421,0.454888,13.0000,0.798950,0.845184
19,699,14,0.057292,0.049478,1.034717,0.043964,0.649365,10.0000,0.874210,0.901542
19,700,1,0.768158,0.000865,0.530402,0.000000,1.000000,1.0000,0.986646,0.260727
19,701,2,0.261789,0.004194,0.841949,0.000000,0.181597,1.0000,0.726548,0.591797
19,702,7,0.143212,0.038646,0.946328,0.235470,0.878814,8.0000,0.655737,0.754394
19,703,8,0.124629,0.059806,0.947660,0.114546,0.722312,5.0000,0.787593,0.757182
19,704,8,0.121264,0.050519,0.971516,0.120767,0.702421,4.0000,0.859100,0.772765
19,705,8,0.107720,0.028675,0.987298,0.101854,0.749414,6.0000,0.826713,0.805820
19,706,10,0.107597,0.026625,0.993101,0.103738,0.864168,6.0000,0.701884,0.809293
19,707,13,0.061615,0.043903,1.008633,0.070510,0.771761,7.0000,0.791585,0.841822
19,708,14,0.058524,0.044353,1.011057,0.067509,0.704229,10.0000,0.775639,0.846900
19,709,13,0.045680,0.033522,1.026694,0.076963,0.629150,7.0000,0.746854,0.879649
19,710,2,0.356401,0.013888,0.772786,0.000000,0.017881,3.0000,0.934163,0.349849
19,711,3,0.239319,0.104618,0.794038,0.399388,0.286966,2.0000,0.808063,0.394613
19,712,4,0.151328,0.087771,0.856433,0.131357,0.203857,9.0000,0.725447,0.526032
19,713,6,0.131404,0.084221,0.895441,0.226047,0.399908,8.0000,0.739080,0.608192
19,714,8,0.129179,0.092857,0.898910,0.191143,0.672394,9.0000,0.844691,0.615498
19,715,7,0.112388,0.059282,0.961284,0.234067,0.599497,9.0000,0.727004,0.746874
19,716,7,0.112388,0.059282,0.961284,0.234067,0.599497,8.0000,0.732889,0.746874
19,717,9,0.104071,0.075538,0.963874,0.191261,0.569144,8.0000,0.805422,0.752329
19,718,10,0.085803,0.068611,0.982004,0.178473,0.610292,9.0000,0.759117,0.790515
19,719,12,0.062974,0.068365,0.993170,0.051866,0.517629,11.0000,0.752223,0.814034
19,720,2,0.301801,0.042454,0.675657,0.000000,0.313847,2.0000,0.992706,0.341122
19,721,4,0.238832,0.118195,0.749286,0.304799,0.623130,5.0000,0.851539,0.493534
19,722,7,0.079044,0.054282,0.935586,0.085607,0.372437,11.0000,0.660116,0.752565
19,723,10,0.071630,0.058695,0.970267,0.055211,0.469674,7.0000,0.708025,0.824356
19,724,12,0.058912,0.050378,1.013346,0.055419,0.457758,7.0000,0.759301,0.871879
19,725,13,0.057892,0.048861,1.015595,0.061059,0.500050,11.0000,0.859466,0.876535
19,726,13,0.057892,0.048861,1.015595,0.061059,0.500050,3.0000,0.816840,0.876535
19,727,14,0.056871,0.047131,1.016564,0.064218,0.548313,7.0000,0.691775,0.878540
19,728,14,0.056871,0.047131,1.016564,0.064218,0.548313,6.0000,0.859200,0.878540
19,729,15,0.054726,0.047893,1.023091,0.061614,0.495579,10.0000,0.761057,0.892051
19,730,2,0.304207,0.064419,0.617965,0.000000,0.294227,2.0000,0.896631,0.353339
19,731,4,0.233240,0.098908,0.705772,0.022636,0.588388,4.0000,0.877840,0.533256
19,732,6,0.104272,0.074365,0.906280,0.141795,0.437148,8.0000,0.673207,0.747750
19,733,7,0.101594,0.068862,0.925113,0.167250,0.550969,7.0000,0.634394,0.759594
19,734,11,0.091614,0.065766,0.975874,0.096607,0.552505,12.0000,0.751484,0.816215
19,735,12,0.091573,0.063003,0.975902,0.103241,0.623839,6.0000,0.892531,0.816274
19,736,12,0.074023,0.045731,0.980475,0.074253,0.645351,8.0000,0.811758,0.825644
19,737,12,0.074023,0.045731,0.980475,0.074253,0.645351,6.0000,0.700096,0.825644
19,738,12,0.073977,0.045568,0.980876,0.074040,0.646585,7.0000,0.600541,0.826465
19,739,12,0.073977,0.045568,0.980876,0.074040,0.646585,6.0000,0.698865,0.826465
19,740,1,0.833832,0.000377,0.496182,0.000000,1.000000,2.0000,1.102017,0.211350
19,741,4,0.136326,0.045634,0.840733,0.062331,0.199684,3.0000,0.890710,0.627203
19,742,4,0.136326,0.045634,0.840733,0.062331,0.199684,6.0000,0.629549,0.627203
19,743,6,0.120047,0.052071,0.892837,0.125382,0.382116,6.0000,0.580167,0.671961
19,744,6,0.104396,0.048970,0.921230,0.092547,0.363288,5.0000,0.806536,0.729769
19,745,6,0.104225,0.048698,0.922098,0.093227,0.362845,2.0000,0.887974,0.731537
19,746,6,0.104225,0.048698,0.922098,0.093227,0.362845,2.0000,0.820009,0.731537
19,747,8,0.100017,0.060960,0.932827,0.144288,0.500028,6.0000,0.744006,0.753382
19,748,8,0.092893,0.053141,0.942220,0.146997,0.516061,4.0000,0.660285,0.772506
19,749,9,0.080919,0.047625,0.954272,0.129894,0.558689,11.0000,0.773262,0.797044
19,750,4,0.267472,0.078582,0.787861,0.046873,0.820479,6.0000,0.998655,0.506538
19,751,6,0.110133,0.022540,0.909267,0.080132,0.506335,4.0000,0.832459,0.747895
19,752,8,0.106601,0.028154,0.937053,0.109867,0.665724,5.0000,0.757355,0.803135
19,753,8,0.106601,0.028154,0.937053,0.109867,0.665724,6.0000,0.740500,0.803135
19,754,10,0.052546,0.037659,0.961058,0.093770,0.528506,10.0000,0.772197,0.850858
19,755,10,0.052506,0.037650,0.961417,0.093767,0.529615,3.0000,0.775969,0.851572
19,756,9,0.043613,0.023835,0.973585,0.090433,0.444301,8.0000,0.771330,0.875762
19,757,10,0.041826,0.023805,0.975368,0.109331,0.546317,10.0000,0.673542,0.879307
19,758,11,0.041618,0.023184,0.975468,0.120129,0.632360,4.0000,0.713693,0.879504
19,759,11,0.041472,0.023189,0.976060,0.119977,0.634000,7.0000,0.842305,0.880681
19,760,0,,,,,,0.0000,0.988985,0.000000
19,761,0,,,,,,0.0000,0.938847,0.000000
19,762,1,0.857951,0.004551,0.458774,0.000000,1.000000,1.0000,0.842782,0.201749
19,763,1,0.857951,0.004551,0.458774,0.000000,1.000000,0.0000,0.644943,0.201749
19,764,2,0.543614,0.165748,0.489594,0.000000,0.601957,2.0000,0.578629,0.247906
19,765,6,0.119755,0.082717,0.826722,0.211644,0.470990,11.0000,0.683670,0.686651
19,766,5,0.116390,0.077384,0.855858,0.055377,0.231091,4.0000,0.764270,0.743245
19,767,7,0.102409,0.065526,0.910495,0.107558,0.338782,11.0000,0.780846,0.791633
19,768,7,0.102409,0.065526,0.910495,0.107558,0.338782,5.0000,0.782325,0.791633
19,769,8,0.088517,0.063222,0.918399,0.106974,0.381908,4.0000,0.720254,0.806986
19,770,0,,,,,,0.0000,0.989358,0.000000
19,771,0,,,,,,0.0000,1.041081,0.000000
19,772,0,,,,,,0.0000,0.928723,0.000000
19,773,0,,,,,,0.0000,0.800867,0.000000
19,774,0,,,,,,0.0000,0.861603,0.000000
19,775,0,,,,,,0.0000,0.970151,0.000000
19,776,0,,,,,,0.0000,0.912164,0.000000
19,777,0,,,,,,0.0000,0.840789,0.000000
19,778,0,,,,,,0.0000,0.888690,0.000000
19,779,0,,,,,,0.0000,0.913287,0.000000
19,780,0,,,,,,0.0000,0.907123,0.000000
19,781,0,,,,,,0.0000,0.867407,0.000000
19,782,0,,,,,,0.0000,0.828991,0.000000
19,783,0,,,,,,0.0000,0.853357,0.000000
19,784,0,,,,,,0.0000,0.903311,0.000000
19,785,0,,,,,,0.0000,0.984099,0.000000
19,786,0,,,,,,0.0000,0.920936,0.000000
19,787,0,,,,,,0.0000,0.808862,0.000000
19,788,0,,,,,,0.0000,0.847936,0.000000
19,789,0,,,,,,0.0000,0.989573,0.000000
19,790,0,,,,,,0.0000,0.889923,0.000000
19,791,0,,,,,,0.0000,0.873363,0.000000
19,792,0,,,,,,0.0000,0.841262,0.000000
19,793,0,,,,,,0.0000,0.856142,0.000000
19,794,0,,,,,,0.0000,0.938238,0.000000
19,795,0,,,,,,0.0000,0.907509,0.000000
19,796,0,,,,,,0.0000,0.874979,0.000000
19,797,0,,,,,,0.0000,0.808721,0.000000
19,798,0,,,,,,0.0000,0.926967,0.000000
19,799,0,,,,,,0.0000,0.962924,0.000000
19,800,0,,,,,,0.0000,0.902103,0.000000
19,801,0,,,,,,0.0000,0.842840,0.000000
19,802,0,,,,,,0.0000,0.929819,0.000000
19,803,0,,,,,,0.0000,0.898084,0.000000
19,804,0,,,,,,0.0000,0.868528,0.000000
19,805,0,,,,,,0.0000,0.872651,0.000000
19,806,0,,,,,,0.0000,0.873236,0.000000
19,807,0,,,,,,0.0000,0.898495,0.000000
19,808,0,,,,,,0.0000,0.903882,0.000000
19,809,0,,,,,,0.0000,0.820209,0.000000
19,810,0,,,,,,0.0000,0.807582,0.000000
19,811,0,,,,,,0.0000,0.912915,0.000000
19,812,0,,,,,,0.0000,0.975982,0.000000
19,813,0,,,,,,0.0000,0.814264,0.000000
19,814,0,,,,,,0.0000,0.812555,0.000000
19,815,0,,,,,,0.0000,0.825395,0.000000
19,816,0,,,,,,0.0000,0.972112,0.000000
19,817,0,,,,,,0.0000,0.888988,0.000000
19,818,0,,,,,,0.0000,0.833228,0.000000
19,819,0,,,,,,0.0000,0.795637,0.000000
19,820,0,,,,,,0.0000,0.912032,0.000000
19,821,0,,,,,,0.0000,0.908315,0.000000
19,822,0,,,,,,0.0000,0.854464,0.000000
19,823,0,,,,,,0.0000,0.883712,0.000000
19,824,0,,,,,,0.0000,0.818855,0.000000
19,825,0,,,,,,0.0000,0.834412,0.000000
19,826,0,,,,,,0.0000,0.889550,0.000000
19,827,0,,,,,,0.0000,0.939387,0.000000
19,828,0,,,,,,0.0000,0.815103,0.000000
19,829,0,,,,,,0.0000,0.868961,0.000000
19,830,0,,,,,,0.0000,0.925664,0.000000
19,831,0,,,,,,0.0000,0.886156,0.000000
19,832,0,,,,,,0.0000,0.873859,0.000000
19,833,0,,,,,,0.0000,0.865391,0.000000
19,834,0,,,,,,0.0000,0.893823,0.000000
19,835,0,,,,,,0.0000,0.926247,0.000000
19,836,0,,,,,,0.0000,0.874211,0.000000
19,837,0,,,,,,0.0000,0.835058,0.000000
19,838,0,,,,,,0.0000,0.857538,0.000000
19,839,0,,,,,,0.0000,0.873769,0.000000
19,840,0,,,,,,0.0000,0.938334,0.000000
19,841,0,,,,,,0.0000,0.833141,0.000000
19,842,0,,,,,,0.0000,0.832248,0.000000
19,843,0,,,,,,0.0000,0.883806,0.000000
19,844,0,,,,,,0.0000,0.882622,0.000000
19,845,0,,,,,,0.0000,0.872397,0.000000
19,846,0,,,,,,0.0000,0.867339,0.000000
19,847,0,,,,,,0.0000,0.911184,0.000000
19,848,0,,,,,,0.0000,0.865104,0.000000
19,849,0,,,,,,0.0000,0.882166,0.000000
19,850,0,,,,,,0.0000,0.902435,0.000000
19,851,0,,,,,,0.0000,0.890688,0.000000
19,852,0,,,,,,0.0000,0.903613,0.000000
19,853,0,,,,,,0.0000,0.887552,0.000000
19,854,0,,,,,,0.0000,0.919001,0.000000
19,855,0,,,,,,0.0000,0.906608,0.000000
19,856,0,,,,,,0.0000,0.828061,0.000000
19,857,0,,,,,,0.0000,0.836396,0.000000
19,858,0,,,,,,0.0000,0.851580,0.000000
19,859,0,,,,,,0.0000,0.855077,0.000000
19,860,0,,,,,,0.0000,0.921528,0.000000
19,861,0,,,,,,0.0000,0.915153,0.000000
19,862,0,,,,,,0.0000,0.825867,0.000000
19,863,0,,,,,,0.0000,0.765538,0.000000
19,864,0,,,,,,0.0000,0.827714,0.000000
19,865,0,,,,,,0.0000,0.982336,0.000000
19,866,0,,,,,,0.0000,0.902669,0.000000
19,867,0,,,,,,0.0000,0.944066,0.000000
19,868,0,,,,,,0.0000,0.845938,0.000000
19,869,0,,,,,,0.0000,0.885491,0.000000
19,870,0,,,,,,0.0000,0.887969,0.000000
19,871,0,,,,,,0.0000,0.860938,0.000000
19,872,0,,,,,,0.0000,0.854251,0.000000
19,873,0,,,,,,0.0000,0.926319,0.000000
19,874,0,,,,,,0.0000,0.880653,0.000000
19,875,0,,,,,,0.0000,0.830309,0.000000
19,876,0,,,,,,0.0000,0.838857,0.000000
19,877,0,,,,,,0.0000,0.907959,0.000000
19,878,0,,,,,,0.0000,0.865665,0.000000
19,879,0,,,,,,0.0000,0.841132,0.000000
19,880,0,,,,,,0.0000,0.907941,0.000000
19,881,0,,,,,,0.0000,0.853311,0.000000
19,882,0,,,,,,0.0000,0.815478,0.000000
19,883,0,,,,,,0.0000,0.902509,0.000000
19,884,0,,,,,,0.0000,0.873768,0.000000
19,885,0,,,,,,0.0000,0.864906,0.000000
19,886,0,,,,,,0.0000,0.857942,0.000000
19,887,0,,,,,,0.0000,0.877489,0.000000
19,888,0,,,,,,0.0000,0.950612,0.000000
19,889,0,,,,,,0.0000,0.888417,0.000000
19,890,0,,,,,,0.0000,0.859990,0.000000
19,891,0,,,,,,0.0000,0.825601,0.000000
19,892,0,,,,,,0.0000,0.847092,0.000000
19,893,0,,,,,,0.0000,0.845181,0.000000
19,894,0,,,,,,0.0000,0.879435,0.000000
19,895,0,,,,,,0.0000,0.886648,0.000000
19,896,0,,,,,,0.0000,0.864529,0.000000
19,897,0,,,,,,0.0000,0.864808,0.000000
19,898,0,,,,,,0.0000,0.844490,0.000000
19,899,0,,,,,,0.0000,0.870579,0.000000
19,900,0,,,,,,0.0000,0.935152,0.000000
19,901,0,,,,,,0.0000,0.912236,0.000000
19,902,0,,,,,,0.0000,0.867614,0.000000
19,903,0,,,,,,0.0000,0.828574,0.000000
19,904,0,,,,,,0.0000,0.831098,0.000000
19,905,0,,,,,,0.0000,0.930861,0.000000
19,906,0,,,,,,0.0000,0.885730,0.000000
19,907,0,,,,,,0.0000,0.892385,0.000000
19,908,0,,,,,,0.0000,0.871327,0.000000
19,909,0,,,,,,0.0000,0.865220,0.000000
19,910,0,,,,,,0.0000,0.919264,0.000000
19,911,0,,,,,,0.0000,0.918187,0.000000
19,912,0,,,,,,0.0000,0.842014,0.000000
19,913,0,,,,,,0.0000,0.797296,0.000000
19,914,0,,,,,,0.0000,0.898592,0.000000
19,915,0,,,,,,0.0000,0.905339,0.000000
19,916,0,,,,,,0.0000,0.876103,0.000000
19,917,0,,,,,,0.0000,0.916797,0.000000
19,918,0,,,,,,0.0000,0.867624,0.000000
19,919,0,,,,,,0.0000,0.882511,0.000000
19,920,0,,,,,,0.0000,0.963428,0.000000
19,921,0,,,,,,0.0000,0.951034,0.000000
19,922,0,,,,,,0.0000,0.886303,0.000000
19,923,0,,,,,,0.0000,0.863112,0.000000
19,924,0,,,,,,0.0000,0.953699,0.000000
19,925,0,,,,,,0.0000,0.878823,0.000000
19,926,0,,,,,,0.0000,0.776662,0.000000
19,927,0,,,,,,0.0000,0.871099,0.000000
19,928,0,,,,,,0.0000,0.991107,0.000000
19,929,0,,,,,,0.0000,0.948892,0.000000
19,930,0,,,,,,0.0000,0.831097,0.000000
19,931,0,,,,,,0.0000,0.823047,0.000000
19,932,0,,,,,,0.0000,0.908104,0.000000
19,933,0,,,,,,0.0000,0.924529,0.000000
19,934,0,,,,,,0.0000,0.926651,0.000000
19,935,0,,,,,,0.0000,0.890045,0.000000
19,936,0,,,,,,0.0000,0.874520,0.000000
19,937,0,,,,,,0.0000,0.941411,0.000000
19,938,0,,,,,,0.0000,0.877350,0.000000
19,939,0,,,,,,0.0000,0.820688,0.000000
19,940,0,,,,,,0.0000,0.812805,0.000000
19,941,0,,,,,,0.0000,0.943770,0.000000
19,942,0,,,,,,0.0000,0.929072,0.000000
19,943,0,,,,,,0.0000,0.812580,0.000000
19,944,0,,,,,,0.0000,0.808128,0.000000
19,945,0,,,,,,0.0000,0.924642,0.000000
19,946,0,,,,,,0.0000,0.934326,0.000000
19,947,0,,,,,,0.0000,0.845240,0.000000
19,948,0,,,,,,0.0000,0.842455,0.000000
19,949,0,,,,,,0.0000,0.860630,0.000000
19,950,0,,,,,,0.0000,0.905265,0.000000
19,951,0,,,,,,0.0000,0.838315,0.000000
19,952,0,,,,,,0.0000,0.900743,0.000000
19,953,0,,,,,,0.0000,0.950617,0.000000
19,954,0,,,,,,0.0000,0.819932,0.000000
19,955,0,,,,,,0.0000,0.875115,0.000000
19,956,0,,,,,,0.0000,0.931144,0.000000
19,957,0,,,,,,0.0000,0.899209,0.000000
19,958,0,,,,,,0.0000,0.858396,0.000000
19,959,0,,,,,,0.0000,0.868768,0.000000
19,960,0,,,,,,0.0000,0.908001,0.000000
19,961,0,,,,,,0.0000,0.957179,0.000000
19,962,0,,,,,,0.0000,0.854733,0.000000
19,963,0,,,,,,0.0000,0.847623,0.000000
19,964,0,,,,,,0.0000,0.821021,0.000000
19,965,0,,,,,,0.0000,0.884624,0.000000
19,966,0,,,,,,0.0000,0.881926,0.000000
19,967,0,,,,,,0.0000,0.888658,0.000000
19,968,0,,,,,,0.0000,0.908815,0.000000
19,969,0,,,,,,0.0000,0.922439,0.000000
19,970,0,,,,,,0.0000,0.853747,0.000000
19,971,0,,,,,,0.0000,0.835411,0.000000
19,972,0,,,,,,0.0000,0.854036,0.000000
19,973,0,,,,,,0.0000,0.858193,0.000000
19,974,0,,,,,,0.0000,0.858789,0.000000
19,975,0,,,,,,0.0000,0.869551,0.000000
19,976,0,,,,,,0.0000,0.849409,0.000000
19,977,0,,,,,,0.0000,0.951976,0.000000
19,978,0,,,,,,0.0000,0.866203,0.000000
19,979,0,,,,,,0.0000,0.856618,0.000000
19,980,0,,,,,,0.0000,0.807514,0.000000
19,981,0,,,,,,0.0000,0.862436,0.000000
19,982,0,,,,,,0.0000,0.902223,0.000000
19,983,0,,,,,,0.0000,0.905831,0.000000
19,984,0,,,,,,0.0000,0.869028,0.000000
19,985,0,,,,,,0.0000,0.799887,0.000000
19,986,0,,,,,,0.0000,0.910710,0.000000
19,987,0,,,,,,0.0000,0.940225,0.000000
19,988,0,,,,,,0.0000,0.821407,0.000000
19,989,0,,,,,,0.0000,0.836735,0.000000
19,990,0,,,,,,0.0000,0.937519,0.000000
19,991,0,,,,,,0.0000,0.862857,0.000000
19,992,0,,,,,,0.0000,0.836524,0.000000
19,993,0,,,,,,0.0000,0.810392,0.000000
19,994,0,,,,,,0.0000,0.949953,0.000000
19,995,0,,,,,,0.0000,0.964450,0.000000
19,996,0,,,,,,0.0000,0.869135,0.000000
19,997,0,,,,,,0.0000,0.772502,0.000000
19,998,0,,,,,,0.0000,0.817669,0.000000
19,999,0,,,,,,0.0000,0.957064,0.000000
19,1000,0,,,,,,0.0000,0.895210,0.000000
20,1,6,0.184040,0.089542,0.445889,0.373702,0.958782,13.0000,0.804648,0.584532
20,2,7,0.183669,0.106275,0.446575,0.046815,1.056190,5.0000,0.798167,0.584986
20,3,8,0.143204,0.101990,0.483438,0.120646,0.910147,2.0000,0.845204,0.657320
20,4,8,0.127044,0.072585,0.502950,0.192733,0.783748,4.0000,0.797583,0.686494
20,5,7,0.116387,0.053659,0.566063,0.213258,0.798144,10.0000,0.719426,0.798535
20,6,8,0.114359,0.052002,0.571590,0.198299,0.801447,12.0000,0.734306,0.806421
20,7,9,0.101189,0.050347,0.593402,0.091879,0.768623,5.0000,0.843780,0.826667
20,8,12,0.093020,0.046354,0.600053,0.086790,0.773422,9.0000,0.814039,0.839718
20,9,15,0.056731,0.043394,0.622843,0.043196,0.763835,11.0000,0.793496,0.880477
20,10,1,0.708193,0.074622,0.174484,0.000000,1.000000,1.0000,0.890203,0.263181
20,11,5,0.137891,0.070716,0.505542,0.211446,0.489200,9.0000,0.748981,0.712273
20,12,6,0.106889,0.041539,0.551842,0.233465,0.671019,10.0000,0.715329,0.796349
20,13,8,0.094153,0.037025,0.558742,0.175874,0.806499,4.0000,0.696420,0.810381
20,14,11,0.061141,0.026577,0.594760,0.093235,0.788755,9.0000,0.767736,0.876847
20,15,11,0.061141,0.026577,0.594760,0.093235,0.788755,5.0000,0.707649,0.876847
20,16,12,0.060829,0.026702,0.595290,0.091000,0.838260,9.0000,0.684920,0.877926
20,17,12,0.060829,0.026702,0.595290,0.091000,0.838260,4.0000,0.666963,0.877926
20,18,13,0.051206,0.030526,0.596306,0.050426,0.753644,4.0000,0.717041,0.879991
20,19,14,0.047547,0.025386,0.601567,0.053120,0.786916,7.0000,0.783411,0.890689
20,20,0,,,,,,0.0000,0.932936,0.000000
20,21,0,,,,,,0.0000,0.950450,0.000000
20,22,0,,,,,,0.0000,0.812162,0.000000
20,23,0,,,,,,0.0000,0.812630,0.000000
20,24,0,,,,,,0.0000,0.865927,0.000000
20,25,0,,,,,,0.0000,0.865903,0.000000
20,26,0,,,,,,0.0000,0.852521,0.000000
20,27,0,,,,,,0.0000,0.819690,0.000000
20,28,0,,,,,,0.0000,0.826587,0.000000
20,29,0,,,,,,0.0000,0.824554,0.000000
20,30,0,,,,,,0.0000,0.851056,0.000000
20,31,0,,,,,,0.0000,0.858094,0.000000
20,32,0,,,,,,0.0000,0.839447,0.000000
20,33,0,,,,,,0.0000,0.817726,0.000000
20,34,0,,,,,,0.0000,0.860456,0.000000
20,35,0,,,,,,0.0000,0.874547,0.000000
20,36,0,,,,,,0.0000,0.823797,0.000000
20,37,0,,,,,,0.0000,0.783197,0.000000
20,38,0,,,,,,0.0000,0.872418,0.000000
20,39,0,,,,,,0.0000,0.906379,0.000000
20,40,0,,,,,,0.0000,0.814052,0.000000
20,41,0,,,,,,0.0000,0.803750,0.000000
20,42,0,,,,,,0.0000,0.838825,0.000000
20,43,0,,,,,,0.0000,0.872056,0.000000
20,44,0,,,,,,0.0000,0.832675,0.000000
20,45,0,,,,,,0.0000,0.816352,0.000000
20,46,0,,,,,,0.0000,0.842496,0.000000
20,47,0,,,,,,0.0000,0.842880,0.000000
20,48,0,,,,,,0.0000,0.838291,0.000000
20,49,0,,,,,,0.0000,0.803247,0.000000
20,50,0,,,,,,0.0000,0.847414,0.000000
20,51,0,,,,,,0.0000,0.895017,0.000000
20,52,0,,,,,,0.0000,0.819629,0.000000
20,53,0,,,,,,0.0000,0.789301,0.000000
20,54,0,,,,,,0.0000,0.810942,0.000000
20,55,0,,,,,,0.0000,0.859910,0.000000
20,56,0,,,,,,0.0000,0.851568,0.000000
20,57,0,,,,,,0.0000,0.858821,0.000000
20,58,0,,,,,,0.0000,0.808266,0.000000
20,59,0,,,,,,0.0000,0.816381,0.000000
20,60,0,,,,,,0.0000,0.854867,0.000000
20,61,0,,,,,,0.0000,0.880482,0.000000
20,62,0,,,,,,0.0000,0.863272,0.000000
20,63,0,,,,,,0.0000,0.802545,0.000000
20,64,0,,,,,,0.0000,0.802848,0.000000
20,65,0,,,,,,0.0000,0.846702,0.000000
20,66,0,,,,,,0.0000,0.856634,0.000000
20,67,0,,,,,,0.0000,0.853118,0.000000
20,68,0,,,,,,0.0000,0.833950,0.000000
20,69,0,,,,,,0.0000,0.844608,0.000000
20,70,0,,,,,,0.0000,0.830442,0.000000
20,71,0,,,,,,0.0000,0.825149,0.000000
20,72,0,,,,,,0.0000,0.857977,0.000000
20,73,0,,,,,,0.0000,0.837662,0.000000
20,74,0,,,,,,0.0000,0.792520,0.000000
20,75,0,,,,,,0.0000,0.825992,0.000000
20,76,0,,,,,,0.0000,0.845287,0.000000
20,77,0,,,,,,0.0000,0.877388,0.000000
20,78,0,,,,,,0.0000,0.867376,0.000000
20,79,0,,,,,,0.0000,0.820496,0.000000
20,80,0,,,,,,0.0000,0.790939,0.000000
20,81,0,,,,,,0.0000,0.830202,0.000000
20,82,0,,,,,,0.0000,0.860128,0.000000
20,83,0,,,,,,0.0000,0.828382,0.000000
20,84,0,,,,,,0.0000,0.827502,0.000000
20,85,0,,,,,,0.0000,0.849498,0.000000
20,86,0,,,,,,0.0000,0.861568,0.000000
20,87,0,,,,,,0.0000,0.839744,0.000000
20,88,0,,,,,,0.0000,0.826262,0.000000
20,89,0,,,,,,0.0000,0.864385,0.000000
20,90,0,,,,,,0.0000,0.829783,0.000000
20,91,0,,,,,,0.0000,0.814296,0.000000
20,92,0,,,,,,0.0000,0.798095,0.000000
20,93,0,,,,,,0.0000,0.834036,0.000000
20,94,0,,,,,,0.0000,0.878331,0.000000
20,95,0,,,,,,0.0000,0.833138,0.000000
20,96,0,,,,,,0.0000,0.801993,0.000000
20,97,0,,,,,,0.0000,0.803352,0.000000
20,98,0,,,,,,0.0000,0.872071,0.000000
20,99,0,,,,,,0.0000,0.842084,0.000000
20,100,0,,,,,,0.0000,0.812668,0.000000
20,101,0,,,,,,0.0000,0.806072,0.000000
20,102,0,,,,,,0.0000,0.846559,0.000000
20,103,0,,,,,,0.0000,0.886063,0.000000
20,104,0,,,,,,0.0000,0.851625,0.000000
20,105,0,,,,,,0.0000,0.845061,0.000000
20,106,0,,,,,,0.0000,0.820497,0.000000
20,107,0,,,,,,0.0000,0.833034,0.000000
20,108,0,,,,,,0.0000,0.806821,0.000000
20,109,0,,,,,,0.0000,0.852377,0.000000
20,110,0,,,,,,0.0000,0.874880,0.000000
20,111,0,,,,,,0.0000,0.839993,0.000000
20,112,0,,,,,,0.0000,0.801925,0.000000
20,113,0,,,,,,0.0000,0.799770,0.000000
20,114,0,,,,,,0.0000,0.840341,0.000000
20,115,0,,,,,,0.0000,0.856086,0.000000
20,116,0,,,,,,0.0000,0.871068,0.000000
20,117,0,,,,,,0.0000,0.831438,0.000000
20,118,0,,,,,,0.0000,0.808365,0.000000
20,119,0,,,,,,0.0000,0.839102,0.000000
20,120,0,,,,,,0.0000,0.853957,0.000000
20,121,0,,,,,,0.0000,0.832002,0.000000
20,122,0,,,,,,0.0000,0.799832,0.000000
20,123,0,,,,,,0.0000,0.833264,0.000000
20,124,0,,,,,,0.0000,0.829731,0.000000
20,125,0,,,,,,0.0000,0.851991,0.000000
20,126,0,,,,,,0.0000,0.866366,0.000000
20,127,0,,,,,,0.0000,0.814714,0.000000
20,128,0,,,,,,0.0000,0.814389,0.000000
20,129,0,,,,,,0.0000,0.841765,0.000000
20,130,0,,,,,,0.0000,0.869431,0.000000
20,131,0,,,,,,0.0000,0.845205,0.000000
20,132,0,,,,,,0.0000,0.805723,0.000000
20,133,0,,,,,,0.0000,0.835984,0.000000
20,134,0,,,,,,0.0000,0.831200,0.000000
20,135,0,,,,,,0.0000,0.816645,0.000000
20,136,0,,,,,,0.0000,0.824303,0.000000
20,137,0,,,,,,0.0000,0.844138,0.000000
20,138,0,,,,,,0.0000,0.839063,0.000000
20,139,0,,,,,,0.0000,0.839279,0.000000
20,140,0,,,,,,0.0000,0.812801,0.000000
20,141,0,,,,,,0.0000,0.811142,0.000000
20,142,0,,,,,,0.0000,0.823491,0.000000
20,143,0,,,,,,0.0000,0.881208,0.000000
20,144,0,,,,,,0.0000,0.875672,0.000000
20,145,0,,,,,,0.0000,0.813710,0.000000
20,146,0,,,,,,0.0000,0.815706,0.000000
20,147,0,,,,,,0.0000,0.867354,0.000000
20,148,0,,,,,,0.0000,0.895877,0.000000
20,149,0,,,,,,0.0000,0.828873,0.000000
20,150,0,,,,,,0.0000,0.811809,0.000000
20,151,0,,,,,,0.0000,0.857044,0.000000
20,152,0,,,,,,0.0000,0.859941,0.000000
20,153,0,,,,,,0.0000,0.834801,0.000000
20,154,0,,,,,,0.0000,0.796874,0.000000
20,155,0,,,,,,0.0000,0.789141,0.000000
20,156,0,,,,,,0.0000,0.853888,0.000000
20,157,0,,,,,,0.0000,0.881563,0.000000
20,158,0,,,,,,0.0000,0.812753,0.000000
20,159,0,,,,,,0.0000,0.821968,0.000000
20,160,0,,,,,,0.0000,0.814629,0.000000
20,161,0,,,,,,0.0000,0.844821,0.000000
20,162,0,,,,,,0.0000,0.898103,0.000000
20,163,0,,,,,,0.0000,0.820517,0.000000
20,164,0,,,,,,0.0000,0.829230,0.000000
20,165,0,,,,,,0.0000,0.860886,0.000000
20,166,0,,,,,,0.0000,0.858560,0.000000
20,167,0,,,,,,0.0000,0.812655,0.000000
20,168,0,,,,,,0.0000,0.806197,0.000000
20,169,0,,,,,,0.0000,0.844751,0.000000
20,170,0,,,,,,0.0000,0.870882,0.000000
20,171,0,,,,,,0.0000,0.810564,0.000000
20,172,0,,,,,,0.0000,0.797124,0.000000
20,173,0,,,,,,0.0000,0.832230,0.000000
20,174,0,,,,,,0.0000,0.860928,0.000000
20,175,0,,,,,,0.0000,0.864876,0.000000
20,176,0,,,,,,0.0000,0.818058,0.000000
20,177,0,,,,,,0.0000,0.828388,0.000000
20,178,0,,,,,,0.0000,0.846257,0.000000
20,179,0,,,,,,0.0000,0.827228,0.000000
20,180,0,,,,,,0.0000,0.828414,0.000000
20,181,0,,,,,,0.0000,0.825152,0.000000
20,182,0,,,,,,0.0000,0.846653,0.000000
20,183,0,,,,,,0.0000,0.873388,0.000000
20,184,0,,,,,,0.0000,0.842861,0.000000
20,185,0,,,,,,0.0000,0.817078,0.000000
20,186,0,,,,,,0.0000,0.830481,0.000000
20,187,0,,,,,,0.0000,0.853379,0.000000
20,188,0,,,,,,0.0000,0.849616,0.000000
20,189,0,,,,,,0.0000,0.842058,0.000000
20,190,0,,,,,,0.0000,0.861310,0.000000
20,191,0,,,,,,0.0000,0.827150,0.000000
20,192,0,,,,,,0.0000,0.822654,0.000000
20,193,0,,,,,,0.0000,0.825134,0.000000
20,194,0,,,,,,0.0000,0.836966,0.000000
20,195,0,,,,,,0.0000,0.881003,0.000000
20,196,0,,,,,,0.0000,0.851340,0.000000
20,197,0,,,,,,0.0000,0.823412,0.000000
20,198,0,,,,,,0.0000,0.878299,0.000000
20,199,0,,,,,,0.0000,0.861682,0.000000
20,200,0,,,,,,0.0000,0.820745,0.000000
20,201,0,,,,,,0.0000,0.787372,0.000000
20,202,0,,,,,,0.0000,0.835398,0.000000
20,203,0,,,,,,0.0000,0.834310,0.000000
20,204,0,,,,,,0.0000,0.834096,0.000000
20,205,0,,,,,,0.0000,0.826323,0.000000
20,206,0,,,,,,0.0000,0.819754,0.000000
20,207,0,,,,,,0.0000,0.843635,0.000000
20,208,0,,,,,,0.0000,0.833453,0.000000
20,209,0,,,,,,0.0000,0.797637,0.000000
20,210,0,,,,,,0.0000,0.825787,0.000000
20,211,0,,,,,,0.0000,0.826308,0.000000
20,212,0,,,,,,0.0000,0.846053,0.000000
20,213,0,,,,,,0.0000,0.872170,0.000000
20,214,0,,,,,,0.0000,0.838231,0.000000
20,215,0,,,,,,0.0000,0.817267,0.000000
20,216,0,,,,,,0.0000,0.809853,0.000000
20,217,0,,,,,,0.0000,0.830934,0.000000
20,218,0,,,,,,0.0000,0.863029,0.000000
20,219,0,,,,,,0.0000,0.876852,0.000000
20,220,0,,,,,,0.0000,0.851620,0.000000
20,221,0,,,,,,0.0000,0.834363,0.000000
20,222,0,,,,,,0.0000,0.844617,0.000000
20,223,0,,,,,,0.0000,0.853571,0.000000
20,224,0,,,,,,0.0000,0.822505,0.000000
20,225,0,,,,,,0.0000,0.807739,0.000000
20,226,0,,,,,,0.0000,0.834307,0.000000
20,227,0,,,,,,0.0000,0.859248,0.000000
20,228,0,,,,,,0.0000,0.815441,0.000000
20,229,0,,,,,,0.0000,0.814859,0.000000
20,230,0,,,,,,0.0000,0.820025,0.000000
20,231,0,,,,,,0.0000,0.842361,0.000000
20,232,0,,,,,,0.0000,0.857757,0.000000
20,233,0,,,,,,0.0000,0.827706,0.000000
20,234,0,,,,,,0.0000,0.871097,0.000000
20,235,0,,,,,,0.0000,0.864197,0.000000
20,236,0,,,,,,0.0000,0.836444,0.000000
20,237,0,,,,,,0.0000,0.820051,0.000000
20,238,0,,,,,,0.0000,0.853291,0.000000
20,239,0,,,,,,0.0000,0.851744,0.000000
20,240,2,0.388850,0.001458,0.495066,0.000000,0.002010,2.0000,0.860494,0.398138
20,241,4,0.225550,0.095005,0.544166,0.550335,0.552949,8.0000,0.649442,0.493511
20,242,6,0.223986,0.082698,0.562919,0.490290,0.972530,11.0000,0.638132,0.529937
20,243,8,0.133137,0.086856,0.637370,0.267765,0.805431,13.0000,0.716924,0.674551
20,244,11,0.129416,0.103279,0.653248,0.141907,0.848321,16.0000,0.733680,0.705394
20,245,14,0.122271,0.103312,0.662345,0.096136,0.915437,10.0000,0.739381,0.723064
20,246,13,0.103535,0.064069,0.683615,0.087589,0.821811,6.0000,0.698691,0.764380
20,247,13,0.103535,0.064069,0.683615,0.087589,0.821811,8.0000,0.680321,0.764380
20,248,14,0.090271,0.053343,0.701935,0.056437,0.760185,15.0000,0.739473,0.799964
20,249,15,0.088013,0.047099,0.708912,0.051774,0.844660,4.0000,0.739545,0.813517
20,250,1,0.851751,0.011725,0.325545,0.000000,1.000000,1.0000,0.978398,0.185759
20,251,5,0.145106,0.036613,0.703281,0.159274,0.572704,7.0000,0.733825,0.766893
20,252,6,0.139635,0.031610,0.718754,0.082871,0.670580,6.0000,0.602082,0.794401
20,253,7,0.104543,0.050429,0.724308,0.094810,0.510972,7.0000,0.677929,0.805443
20,254,8,0.103013,0.047494,0.725376,0.097373,0.644641,8.0000,0.801479,0.807566
20,255,8,0.103013,0.047494,0.725376,0.097373,0.644641,4.0000,0.805278,0.807566
20,256,9,0.102930,0.044896,0.725542,0.106062,0.750020,8.0000,0.689306,0.807895
20,257,10,0.102025,0.043631,0.729791,0.089770,0.816869,8.0000,0.707791,0.814242
20,258,13,0.100021,0.040630,0.733748,0.084946,0.846498,10.0000,0.694116,0.822108
20,259,14,0.088305,0.032451,0.750218,0.076796,0.818632,9.0000,0.712014,0.854852
20,260,4,0.236812,0.093207,0.572576,0.519581,0.599115,8.0000,0.884934,0.453267
20,261,7,0.173918,0.116837,0.600473,0.281985,0.622942,7.0000,0.759498,0.510066
20,262,8,0.124950,0.100302,0.677823,0.135374,0.429207,17.0000,0.575599,0.667552
20,263,11,0.068933,0.067027,0.768262,0.121996,0.585419,17.0000,0.609194,0.851689
20,264,10,0.068589,0.058688,0.768600,0.121081,0.501796,14.0000,0.734688,0.852377
20,265,13,0.064936,0.057039,0.771964,0.070206,0.596192,9.0000,0.737729,0.859225
20,266,13,0.064936,0.057039,0.771964,0.070206,0.596192,10.0000,0.719850,0.859225
20,267,14,0.056682,0.055647,0.774945,0.067384,0.550085,13.0000,0.700478,0.865295
20,268,15,0.053825,0.054129,0.775674,0.058014,0.547371,12.0000,0.666209,0.866778
20,269,14,0.055373,0.037008,0.787596,0.053902,0.681390,13.0000,0.638150,0.891052
20,270,3,0.282794,0.020365,0.639052,0.769659,0.690081,6.0000,0.918318,0.564057
20,271,5,0.125715,0.064039,0.712965,0.203496,0.372062,6.0000,0.797822,0.715505
20,272,7,0.107176,0.039357,0.730353,0.143335,0.675805,9.0000,0.633261,0.749272
20,273,9,0.087532,0.061957,0.748635,0.090490,0.570493,23.0000,0.645385,0.786731
20,274,10,0.083313,0.060591,0.749367,0.086186,0.652672,5.0000,0.790379,0.788231
20,275,10,0.083313,0.060591,0.749367,0.086186,0.652672,6.0000,0.837139,0.788231
20,276,12,0.083313,0.072870,0.757889,0.089790,0.720206,11.0000,0.686885,0.805694
20,277,12,0.082999,0.072694,0.759807,0.088486,0.715226,11.0000,0.601820,0.809623
20,278,12,0.074509,0.053584,0.768015,0.048505,0.656115,7.0000,0.680597,0.826441
20,279,13,0.072466,0.051672,0.769594,0.039443,0.701387,12.0000,0.803878,0.829677
20,280,2,0.356814,0.018437,0.545717,0.000000,0.019317,2.0000,1.013967,0.344480
20,281,3,0.278621,0.093748,0.574732,0.762933,0.630038,7.0000,0.740180,0.404540
20,282,4,0.157332,0.081685,0.675879,0.218406,0.303777,9.0000,0.596956,0.613918
20,283,4,0.144321,0.050587,0.716629,0.189633,0.301480,9.0000,0.708971,0.698270
20,284,6,0.090964,0.051045,0.765828,0.077484,0.247216,6.0000,0.774146,0.800114
20,285,7,0.081995,0.047913,0.782035,0.115221,0.285156,8.0000,0.823174,0.833662
20,286,8,0.081797,0.051001,0.791485,0.125914,0.405404,10.0000,0.703250,0.853225
20,287,9,0.048888,0.023489,0.818237,0.076178,0.341501,11.0000,0.646943,0.908600
20,288,10,0.048593,0.023300,0.818600,0.098595,0.469938,13.0000,0.686830,0.909353
20,289,11,0.048593,0.034447,0.819031,0.085460,0.516924,8.0000,0.736275,0.910243
20,290,1,0.829842,0.011805,0.362250,0.000000,1.000000,4.0000,0.918607,0.183388
20,291,2,0.397592,0.252744,0.362498,0.000000,0.282146,5.0000,0.734670,0.183388
20,292,8,0.185744,0.128218,0.669397,0.406402,1.037129,15.0000,0.650439,0.599918
20,293,6,0.107640,0.058556,0.721723,0.077843,0.458835,11.0000,0.602434,0.710129
20,294,7,0.072814,0.058348,0.745095,0.058379,0.395926,6.0000,0.744065,0.759357
20,295,8,0.071168,0.070591,0.758584,0.063440,0.387378,15.0000,0.764415,0.779209
20,296,8,0.071201,0.063266,0.769488,0.063887,0.383959,10.0000,0.686060,0.791216
20,297,10,0.070452,0.066701,0.773792,0.088570,0.519610,14.0000,0.651696,0.800281
20,298,10,0.070203,0.064984,0.775961,0.085606,0.520366,9.0000,0.647856,0.804850
20,299,14,0.065597,0.074687,0.795964,0.091708,0.601231,18.0000,0.692841,0.846981
20,300,3,0.309188,0.048141,0.555402,0.949875,0.822974,3.0000,0.954483,0.339034
20,301,3,0.280659,0.040347,0.620623,0.800513,0.705673,6.0000,0.774980,0.474973
20,302,5,0.163596,0.053547,0.696262,0.189042,0.651426,6.0000,0.634891,0.633388
20,303,6,0.157858,0.049155,0.701986,0.191750,0.794250,12.0000,0.688985,0.645377
20,304,10,0.088539,0.056578,0.731512,0.124160,0.803645,13.0000,0.751699,0.707215
20,305,15,0.063882,0.054681,0.795944,0.049326,0.653284,24.0000,0.746246,0.842159
20,306,16,0.059584,0.051760,0.810073,0.045989,0.639827,7.0000,0.705620,0.871749
20,307,17,0.059584,0.054183,0.810098,0.048936,0.671381,9.0000,0.654456,0.871801
20,308,18,0.055620,0.050319,0.811636,0.048849,0.601868,10.0000,0.721538,0.875024
20,309,17,0.054912,0.044662,0.812815,0.049127,0.611042,11.0000,0.767157,0.877493
20,310,3,0.278948,0.077587,0.464944,0.702837,0.860415,4.0000,0.959862,0.348864
20,311,7,0.126620,0.120873,0.656297,0.134700,0.415242,7.0000,0.741502,0.563974
20,312,8,0.093380,0.050214,0.764401,0.141756,0.572050,13.0000,0.568738,0.791667
20,313,13,0.078598,0.059447,0.782155,0.084544,0.787252,16.0000,0.668128,0.817897
20,314,13,0.072300,0.052856,0.797444,0.085673,0.779916,11.0000,0.814985,0.850099
20,315,15,0.071985,0.058770,0.799202,0.075964,0.796250,19.0000,0.720175,0.853802
20,316,15,0.071956,0.058619,0.799935,0.075884,0.800845,8.0000,0.638453,0.855346
20,317,15,0.071956,0.058351,0.800120,0.076073,0.804615,15.0000,0.648051,0.855734
20,318,17,0.070461,0.054674,0.801505,0.075046,0.840080,10.0000,0.754656,0.858653
20,319,18,0.070122,0.055049,0.801743,0.074573,0.774087,12.0000,0.800333,0.859153
20,320,3,0.309047,0.011398,0.616504,0.921789,0.827454,6.0000,0.897824,0.491009
20,321,4,0.245736,0.062907,0.631728,0.045669,0.851109,4.0000,0.761207,0.522524
20,322,5,0.175982,0.060388,0.695306,0.096373,0.622373,6.0000,0.593624,0.654131
20,323,6,0.096097,0.056230,0.722460,0.119259,0.346645,11.0000,0.618462,0.710340
20,324,8,0.076428,0.048059,0.748278,0.085700,0.361432,9.0000,0.756802,0.763785
20,325,8,0.076365,0.050656,0.754701,0.074535,0.373543,11.0000,0.773398,0.777081
20,326,9,0.068503,0.049490,0.766366,0.059782,0.431187,9.0000,0.671686,0.801227
20,327,13,0.056741,0.068223,0.773458,0.040232,0.518231,14.0000,0.602084,0.815907
20,328,14,0.042675,0.043134,0.806406,0.055402,0.516224,13.0000,0.733279,0.884110
20,329,14,0.042656,0.040830,0.806839,0.061070,0.512527,8.0000,0.767204,0.885006
20,330,2,0.359261,0.011013,0.547558,0.000000,0.013069,5.0000,0.961611,0.374726
20,331,3,0.282083,0.029012,0.629278,0.786874,0.694655,7.0000,0.633975,0.542170
20,332,3,0.282083,0.029012,0.629278,0.786874,0.694655,6.0000,0.618481,0.542170
20,333,5,0.121750,0.080103,0.714486,0.169703,0.231085,6.0000,0.761434,0.716759
20,334,5,0.121750,0.080103,0.714486,0.169703,0.231085,10.0000,0.746499,0.716759
20,335,8,0.108774,0.071350,0.737998,0.210738,0.646805,5.0000,0.689737,0.764936
20,336,9,0.108691,0.068200,0.738028,0.205272,0.685486,12.0000,0.737830,0.764997
20,337,9,0.108691,0.068200,0.738028,0.205272,0.685486,0.0000,0.748403,0.764997
20,338,8,0.105274,0.062230,0.751358,0.165907,0.586197,10.0000,0.698034,0.792311
20,339,8,0.105274,0.062230,0.751358,0.165907,0.586197,9.0000,0.725912,0.792311
20,340,0,,,,,,0.0000,0.907810,0.000000
20,341,0,,,,,,0.0000,0.970009,0.000000
20,342,1,0.845565,0.022545,0.327615,0.000000,1.000000,1.0000,0.868435,0.161575
20,343,3,0.298581,0.020326,0.599021,0.847224,0.781945,5.0000,0.553026,0.519691
20,344,5,0.150947,0.064576,0.661935,0.315296,0.684122,12.0000,0.584633,0.647785
20,345,6,0.155731,0.079221,0.680769,0.132326,0.589081,7.0000,0.764172,0.673551
20,346,6,0.155485,0.079198,0.681583,0.131822,0.588569,9.0000,0.769381,0.675208
20,347,7,0.135383,0.091355,0.684065,0.135131,0.416462,7.0000,0.692138,0.680263
20,348,8,0.107698,0.070598,0.717189,0.113616,0.371745,9.0000,0.636668,0.747702
20,349,8,0.091803,0.060704,0.740379,0.098295,0.349278,11.0000,0.687484,0.794918
20,350,2,0.385213,0.007355,0.510742,0.000000,0.008681,4.0000,0.984804,0.378769
20,351,2,0.384130,0.003225,0.516765,0.000000,0.004372,3.0000,0.812299,0.390743
20,352,6,0.160171,0.106259,0.593338,0.325531,0.682083,10.0000,0.612237,0.542972
20,353,7,0.149360,0.109942,0.596032,0.146491,0.573872,4.0000,0.680046,0.548327
20,354,11,0.124707,0.116710,0.669350,0.125799,0.577622,11.0000,0.740154,0.694085
20,355,10,0.093850,0.087404,0.706507,0.078204,0.398475,7.0000,0.760321,0.767953
20,356,10,0.081212,0.062625,0.749337,0.113990,0.507532,10.0000,0.693846,0.853101
20,357,11,0.080652,0.059733,0.749705,0.119053,0.595176,4.0000,0.672360,0.853832
20,358,11,0.080652,0.059733,0.749705,0.119053,0.595176,10.0000,0.657640,0.853832
20,359,12,0.078514,0.058093,0.752864,0.101422,0.593223,11.0000,0.707917,0.860113
20,360,0,,,,,,0.0000,0.983233,0.000000
20,361,0,,,,,,0.0000,0.977715,0.000000
20,362,0,,,,,,0.0000,0.839397,0.000000
20,363,1,0.857226,0.003109,0.320897,0.000000,1.000000,1.0000,0.790986,0.204813
20,364,3,0.295605,0.186214,0.499919,0.379507,0.518618,6.0000,0.556586,0.490241
20,365,6,0.115256,0.067435,0.621374,0.278540,0.643821,20.0000,0.603404,0.662160
20,366,9,0.108691,0.095856,0.647095,0.119604,0.475205,11.0000,0.690369,0.712120
20,367,9,0.095705,0.082726,0.657781,0.111135,0.451154,9.0000,0.718963,0.732878
20,368,9,0.066355,0.061073,0.702541,0.090022,0.414923,9.0000,0.699365,0.818268
20,369,9,0.066355,0.061073,0.702541,0.090022,0.414923,5.0000,0.709890,0.818268
20,370,3,0.267913,0.112046,0.427192,0.771036,0.854132,3.0000,0.943159,0.380696
20,371,5,0.266149,0.132636,0.431933,0.037011,1.115849,6.0000,0.756585,0.386960
20,372,7,0.090281,0.060325,0.617017,0.195999,0.682812,12.0000,0.643932,0.720353
20,373,10,0.071376,0.051933,0.684342,0.046252,0.632538,8.0000,0.716081,0.850078
20,374,12,0.065793,0.047404,0.697535,0.030859,0.672264,9.0000,0.722544,0.874039
20,375,13,0.065793,0.054589,0.697542,0.032594,0.695473,6.0000,0.754251,0.874053
20,376,13,0.064426,0.051001,0.699171,0.041603,0.719774,4.0000,0.699704,0.877192
20,377,12,0.060113,0.027004,0.726543,0.048778,0.640556,10.0000,0.589200,0.910546
20,378,12,0.060113,0.027004,0.726543,0.048778,0.640556,2.0000,0.698816,0.910546
20,379,13,0.057871,0.026007,0.728556,0.041592,0.681583,11.0000,0.753946,0.914426
20,380,0,,,,,,0.0000,0.946898,0.000000
20,381,0,,,,,,0.0000,0.978708,0.000000
20,382,0,,,,,,0.0000,0.834107,0.000000
20,383,0,,,,,,0.0000,0.798078,0.000000
20,384,0,,,,,,0.0000,0.873768,0.000000
20,385,0,,,,,,0.0000,0.902463,0.000000
20,386,0,,,,,,0.0000,0.819838,0.000000
20,387,0,,,,,,0.0000,0.824471,0.000000
20,388,0,,,,,,0.0000,0.861120,0.000000
20,389,0,,,,,,0.0000,0.838184,0.000000
20,390,0,,,,,,0.0000,0.857821,0.000000
20,391,0,,,,,,0.0000,0.868058,0.000000
20,392,0,,,,,,0.0000,0.839281,0.000000
20,393,0,,,,,,0.0000,0.832607,0.000000
20,394,0,,,,,,0.0000,0.851108,0.000000
20,395,0,,,,,,0.0000,0.849888,0.000000
20,396,0,,,,,,0.0000,0.803525,0.000000
20,397,0,,,,,,0.0000,0.813807,0.000000
20,398,0,,,,,,0.0000,0.865256,0.000000
20,399,0,,,,,,0.0000,0.866995,0.000000
20,400,0,,,,,,0.0000,0.791928,0.000000
20,401,0,,,,,,0.0000,0.832939,0.000000
20,402,0,,,,,,0.0000,0.849316,0.000000
20,403,0,,,,,,0.0000,0.863551,0.000000
20,404,0,,,,,,0.0000,0.869483,0.000000
20,405,0,,,,,,0.0000,0.813069,0.000000
20,406,0,,,,,,0.0000,0.854622,0.000000
20,407,0,,,,,,0.0000,0.848737,0.000000
20,408,0,,,,,,0.0000,0.813566,0.000000
20,409,0,,,,,,0.0000,0.792095,0.000000
20,410,0,,,,,,0.0000,0.827082,0.000000
20,411,0,,,,,,0.0000,0.851937,0.000000
20,412,0,,,,,,0.0000,0.873673,0.000000
20,413,0,,,,,,0.0000,0.843346,0.000000
20,414,0,,,,,,0.0000,0.813707,0.000000
20,415,0,,,,,,0.0000,0.832911,0.000000
20,416,0,,,,,,0.0000,0.876478,0.000000
20,417,0,,,,,,0.0000,0.839655,0.000000
20,418,0,,,,,,0.0000,0.811360,0.000000
20,419,0,,,,,,0.0000,0.844643,0.000000
20,420,0,,,,,,0.0000,0.852143,0.000000
20,421,0,,,,,,0.0000,0.818763,0.000000
20,422,0,,,,,,0.0000,0.825743,0.000000
20,423,0,,,,,,0.0000,0.858245,0.000000
20,424,0,,,,,,0.0000,0.828306,0.000000
20,425,0,,,,,,0.0000,0.840962,0.000000
20,426,0,,,,,,0.0000,0.787480,0.000000
20,427,0,,,,,,0.0000,0.865904,0.000000
20,428,0,,,,,,0.0000,0.836602,0.000000
20,429,0,,,,,,0.0000,0.815126,0.000000
20,430,0,,,,,,0.0000,0.816584,0.000000
20,431,0,,,,,,0.0000,0.821254,0.000000
20,432,0,,,,,,0.0000,0.852899,0.000000
20,433,0,,,,,,0.0000,0.871170,0.000000
20,434,0,,,,,,0.0000,0.843644,0.000000
20,435,0,,,,,,0.0000,0.812176,0.000000
20,436,0,,,,,,0.0000,0.827658,0.000000
20,437,0,,,,,,0.0000,0.857097,0.000000
20,438,0,,,,,,0.0000,0.864445,0.000000
20,439,0,,,,,,0.0000,0.832276,0.000000
20,440,0,,,,,,0.0000,0.825915,0.000000
20,441,0,,,,,,0.0000,0.828147,0.000000
20,442,0,,,,,,0.0000,0.844951,0.000000
20,443,0,,,,,,0.0000,0.849416,0.000000
20,444,0,,,,,,0.0000,0.833693,0.000000
20,445,0,,,,,,0.0000,0.823607,0.000000
20,446,0,,,,,,0.0000,0.827435,0.000000
20,447,0,,,,,,0.0000,0.825703,0.000000
20,448,0,,,,,,0.0000,0.837099,0.000000
20,449,0,,,,,,0.0000,0.853946,0.000000
20,450,0,,,,,,0.0000,0.850180,0.000000
20,451,0,,,,,,0.0000,0.835583,0.000000
20,452,0,,,,,,0.0000,0.839049,0.000000
20,453,0,,,,,,0.0000,0.825932,0.000000
20,454,0,,,,,,0.0000,0.827229,0.000000
20,455,0,,,,,,0.0000,0.854949,0.000000
20,456,0,,,,,,0.0000,0.826746,0.000000
20,457,0,,,,,,0.0000,0.855075,0.000000
20,458,0,,,,,,0.0000,0.860941,0.000000
20,459,0,,,,,,0.0000,0.843247,0.000000
20,460,0,,,,,,0.0000,0.837494,0.000000
20,461,0,,,,,,0.0000,0.844640,0.000000
20,462,0,,,,,,0.0000,0.813687,0.000000
20,463,0,,,,,,0.0000,0.810653,0.000000
20,464,0,,,,,,0.0000,0.834598,0.000000
20,465,0,,,,,,0.0000,0.852842,0.000000
20,466,0,,,,,,0.0000,0.840672,0.000000
20,467,0,,,,,,0.0000,0.846541,0.000000
20,468,0,,,,,,0.0000,0.860854,0.000000
20,469,0,,,,,,0.0000,0.822806,0.000000
20,470,0,,,,,,0.0000,0.817285,0.000000
20,471,0,,,,,,0.0000,0.856385,0.000000
20,472,0,,,,,,0.0000,0.870261,0.000000
20,473,0,,,,,,0.0000,0.790789,0.000000
20,474,0,,,,,,0.0000,0.842415,0.000000
20,475,0,,,,,,0.0000,0.856092,0.000000
20,476,0,,,,,,0.0000,0.860579,0.000000
20,477,0,,,,,,0.0000,0.811111,0.000000
20,478,0,,,,,,0.0000,0.806741,0.000000
20,479,0,,,,,,0.0000,0.858115,0.000000
20,480,0,,,,,,0.0000,0.831085,0.000000
20,481,0,,,,,,0.0000,0.854672,0.000000
20,482,0,,,,,,0.0000,0.896323,0.000000
20,483,0,,,,,,0.0000,0.849907,0.000000
20,484,0,,,,,,0.0000,0.808794,0.000000
20,485,0,,,,,,0.0000,0.807312,0.000000
20,486,0,,,,,,0.0000,0.861663,0.000000
20,487,0,,,,,,0.0000,0.842621,0.000000
20,488,0,,,,,,0.0000,0.871719,0.000000
20,489,0,,,,,,0.0000,0.831464,0.000000
20,490,0,,,,,,0.0000,0.822793,0.000000
20,491,0,,,,,,0.0000,0.835616,0.000000
20,492,0,,,,,,0.0000,0.862293,0.000000
20,493,0,,,,,,0.0000,0.858817,0.000000
20,494,0,,,,,,0.0000,0.837507,0.000000
20,495,0,,,,,,0.0000,0.816499,0.000000
20,496,0,,,,,,0.0000,0.801967,0.000000
20,497,0,,,,,,0.0000,0.848722,0.000000
20,498,0,,,,,,0.0000,0.863586,0.000000
20,499,0,,,,,,0.0000,0.829641,0.000000
20,500,0,,,,,,0.0000,0.818708,0.000000
20,501,0,,,,,,0.0000,0.853466,0.000000
20,502,0,,,,,,0.0000,0.837973,0.000000
20,503,0,,,,,,0.0000,0.854154,0.000000
20,504,0,,,,,,0.0000,0.828649,0.000000
20,505,0,,,,,,0.0000,0.828798,0.000000
20,506,0,,,,,,0.0000,0.848705,0.000000
20,507,0,,,,,,0.0000,0.829779,0.000000
20,508,0,,,,,,0.0000,0.835264,0.000000
20,509,0,,,,,,0.0000,0.874982,0.000000
20,510,0,,,,,,0.0000,0.894963,0.000000
20,511,0,,,,,,0.0000,0.838918,0.000000
20,512,0,,,,,,0.0000,0.822849,0.000000
20,513,0,,,,,,0.0000,0.808121,0.000000
20,514,0,,,,,,0.0000,0.842168,0.000000
20,515,0,,,,,,0.0000,0.850269,0.000000
20,516,0,,,,,,0.0000,0.820882,0.000000
20,517,0,,,,,,0.0000,0.839351,0.000000
20,518,0,,,,,,0.0000,0.843013,0.000000
20,519,0,,,,,,0.0000,0.841379,0.000000
20,520,0,,,,,,0.0000,0.815208,0.000000
20,521,0,,,,,,0.0000,0.807028,0.000000
20,522,0,,,,,,0.0000,0.843430,0.000000
20,523,0,,,,,,0.0000,0.844214,0.000000
20,524,0,,,,,,0.0000,0.836666,0.000000
20,525,0,,,,,,0.0000,0.804570,0.000000
20,526,0,,,,,,0.0000,0.834278,0.000000
20,527,0,,,,,,0.0000,0.875874,0.000000
20,528,0,,,,,,0.0000,0.851000,0.000000
20,529,0,,,,,,0.0000,0.776088,0.000000
20,530,0,,,,,,0.0000,0.834554,0.000000
20,531,0,,,,,,0.0000,0.838344,0.000000
20,532,0,,,,,,0.0000,0.855027,0.000000
20,533,0,,,,,,0.0000,0.853047,0.000000
20,534,0,,,,,,0.0000,0.834710,0.000000
20,535,0,,,,,,0.0000,0.817578,0.000000
20,536,0,,,,,,0.0000,0.819974,0.000000
20,537,0,,,,,,0.0000,0.865473,0.000000
20,538,0,,,,,,0.0000,0.880555,0.000000
20,539,0,,,,,,0.0000,0.834330,0.000000
20,540,0,,,,,,0.0000,0.842972,0.000000
20,541,0,,,,,,0.0000,0.842759,0.000000
20,542,0,,,,,,0.0000,0.852566,0.000000
20,543,0,,,,,,0.0000,0.849807,0.000000
20,544,0,,,,,,0.0000,0.819736,0.000000
20,545,0,,,,,,0.0000,0.829539,0.000000
20,546,0,,,,,,0.0000,0.837637,0.000000
20,547,0,,,,,,0.0000,0.823707,0.000000
20,548,0,,,,,,0.0000,0.861338,0.000000
20,549,0,,,,,,0.0000,0.845552,0.000000
20,550,0,,,,,,0.0000,0.863535,0.000000
20,551,0,,,,,,0.0000,0.841540,0.000000
20,552,0,,,,,,0.0000,0.810098,0.000000
20,553,0,,,,,,0.0000,0.837307,0.000000
20,554,0,,,,,,0.0000,0.859847,0.000000
20,555,0,,,,,,0.0000,0.874421,0.000000
20,556,0,,,,,,0.0000,0.815564,0.000000
20,557,0,,,,,,0.0000,0.837448,0.000000
20,558,0,,,,,,0.0000,0.809477,0.000000
20,559,0,,,,,,0.0000,0.824959,0.000000
20,560,0,,,,,,0.0000,0.854784,0.000000
20,561,0,,,,,,0.0000,0.867029,0.000000
20,562,0,,,,,,0.0000,0.801428,0.000000
20,563,0,,,,,,0.0000,0.816130,0.000000
20,564,0,,,,,,0.0000,0.872809,0.000000
20,565,0,,,,,,0.0000,0.883455,0.000000
20,566,0,,,,,,0.0000,0.802705,0.000000
20,567,0,,,,,,0.0000,0.803882,0.000000
20,568,0,,,,,,0.0000,0.839234,0.000000
20,569,0,,,,,,0.0000,0.872516,0.000000
20,570,0,,,,,,0.0000,0.837892,0.000000
20,571,0,,,,,,0.0000,0.842218,0.000000
20,572,0,,,,,,0.0000,0.828291,0.000000
20,573,0,,,,,,0.0000,0.833566,0.000000
20,574,0,,,,,,0.0000,0.839617,0.000000
20,575,0,,,,,,0.0000,0.843074,0.000000
20,576,0,,,,,,0.0000,0.836427,0.000000
20,577,0,,,,,,0.0000,0.814957,0.000000
20,578,0,,,,,,0.0000,0.841957,0.000000
20,579,0,,,,,,0.0000,0.867063,0.000000
20,580,0,,,,,,0.0000,0.859126,0.000000
20,581,0,,,,,,0.0000,0.810733,0.000000
20,582,0,,,,,,0.0000,0.846544,0.000000
20,583,0,,,,,,0.0000,0.881884,0.000000
20,584,0,,,,,,0.0000,0.855332,0.000000
20,585,0,,,,,,0.0000,0.775116,0.000000
20,586,0,,,,,,0.0000,0.786512,0.000000
20,587,0,,,,,,0.0000,0.845135,0.000000
20,588,0,,,,,,0.0000,0.880036,0.000000
20,589,0,,,,,,0.0000,0.858848,0.000000
20,590,0,,,,,,0.0000,0.806587,0.000000
20,591,0,,,,,,0.0000,0.806496,0.000000
20,592,0,,,,,,0.0000,0.826790,0.000000
20,593,0,,,,,,0.0000,0.860435,0.000000
20,594,0,,,,,,0.0000,0.862711,0.000000
20,595,0,,,,,,0.0000,0.815965,0.000000
20,596,0,,,,,,0.0000,0.850783,0.000000
20,597,0,,,,,,0.0000,0.836610,0.000000
20,598,0,,,,,,0.0000,0.812530,0.000000
20,599,0,,,,,,0.0000,0.830679,0.000000
20,600,0,,,,,,0.0000,0.858371,0.000000
20,601,0,,,,,,0.0000,0.824271,0.000000
20,602,0,,,,,,0.0000,0.805362,0.000000
20,603,0,,,,,,0.0000,0.843465,0.000000
20,604,0,,,,,,0.0000,0.832878,0.000000
20,605,0,,,,,,0.0000,0.847050,0.000000
20,606,0,,,,,,0.0000,0.867384,0.000000
20,607,0,,,,,,0.0000,0.815635,0.000000
20,608,0,,,,,,0.0000,0.808405,0.000000
20,609,0,,,,,,0.0000,0.835124,0.000000
20,610,0,,,,,,0.0000,0.854185,0.000000
20,611,0,,,,,,0.0000,0.860952,0.000000
20,612,0,,,,,,0.0000,0.816963,0.000000
20,613,0,,,,,,0.0000,0.810199,0.000000
20,614,0,,,,,,0.0000,0.812922,0.000000
20,615,0,,,,,,0.0000,0.851395,0.000000
20,616,0,,,,,,0.0000,0.863592,0.000000
20,617,0,,,,,,0.0000,0.840974,0.000000
20,618,0,,,,,,0.0000,0.807999,0.000000
20,619,0,,,,,,0.0000,0.821310,0.000000
20,620,0,,,,,,0.0000,0.871942,0.000000
20,621,0,,,,,,0.0000,0.847008,0.000000
20,622,0,,,,,,0.0000,0.831808,0.000000
20,623,0,,,,,,0.0000,0.842056,0.000000
20,624,0,,,,,,0.0000,0.838900,0.000000
20,625,0,,,,,,0.0000,0.827597,0.000000
20,626,0,,,,,,0.0000,0.837480,0.000000
20,627,0,,,,,,0.0000,0.829086,0.000000
20,628,0,,,,,,0.0000,0.841540,0.000000
20,629,0,,,,,,0.0000,0.846341,0.000000
20,630,0,,,,,,0.0000,0.843020,0.000000
20,631,0,,,,,,0.0000,0.837109,0.000000
20,632,0,,,,,,0.0000,0.833936,0.000000
20,633,0,,,,,,0.0000,0.824972,0.000000
20,634,0,,,,,,0.0000,0.845399,0.000000
20,635,0,,,,,,0.0000,0.865959,0.000000
20,636,0,,,,,,0.0000,0.815383,0.000000
20,637,0,,,,,,0.0000,0.817739,0.000000
20,638,0,,,,,,0.0000,0.834617,0.000000
20,639,0,,,,,,0.0000,0.879574,0.000000
20,640,0,,,,,,0.0000,0.831435,0.000000
20,641,0,,,,,,0.0000,0.793871,0.000000
20,642,0,,,,,,0.0000,0.801872,0.000000
20,643,0,,,,,,0.0000,0.889740,0.000000
20,644,0,,,,,,0.0000,0.867343,0.000000
20,645,1,0.854352,0.002640,0.327619,0.000000,1.000000,1.0000,0.830519,0.217034
20,646,5,0.154680,0.058919,0.611660,0.283162,0.532749,12.0000,0.518587,0.649372
20,647,9,0.145387,0.065686,0.652344,0.076603,0.742929,14.0000,0.568596,0.719843
20,648,9,0.084609,0.048873,0.723639,0.117857,0.663828,9.0000,0.715543,0.858328
20,649,9,0.083670,0.047654,0.724732,0.115534,0.665540,6.0000,0.787223,0.860451
20,650,1,0.783962,0.023285,0.332379,0.000000,1.000000,2.0000,0.952471,0.226650
20,651,4,0.393646,0.199469,0.494875,0.319046,0.699915,4.0000,0.626081,0.478043
20,652,5,0.136033,0.084805,0.632241,0.213165,0.464932,9.0000,0.575856,0.659996
20,653,5,0.106412,0.023313,0.685516,0.202416,0.482657,10.0000,0.645523,0.759079
20,654,7,0.065219,0.027732,0.724035,0.102508,0.344838,7.0000,0.807367,0.802798
20,655,9,0.062205,0.029487,0.727087,0.134168,0.584547,10.0000,0.703825,0.808868
20,656,10,0.060871,0.028226,0.731935,0.113856,0.604529,8.0000,0.645583,0.818504
20,657,14,0.055658,0.047161,0.741897,0.076709,0.595003,9.0000,0.651407,0.838308
20,658,15,0.055658,0.049479,0.742834,0.074207,0.649739,9.0000,0.745155,0.840172
20,659,17,0.054200,0.048263,0.743900,0.059804,0.632668,9.0000,0.726032,0.842291
20,660,1,0.773565,0.106893,0.263852,0.000000,1.000000,3.0000,0.914927,0.096638
20,661,4,0.233067,0.135901,0.494165,0.380828,0.704635,4.0000,0.728190,0.400993
20,662,6,0.093611,0.049041,0.735696,0.169621,0.416079,12.0000,0.664322,0.830649
20,663,9,0.075017,0.030753,0.766392,0.047893,0.727012,13.0000,0.589295,0.882070
20,664,11,0.055968,0.030501,0.780103,0.047916,0.737225,10.0000,0.680888,0.897494
20,665,12,0.054807,0.029217,0.781102,0.032840,0.787125,11.0000,0.768735,0.899527
20,666,13,0.054150,0.034869,0.789282,0.040087,0.735139,10.0000,0.714208,0.903240
20,667,14,0.051938,0.027150,0.801212,0.038254,0.759524,14.0000,0.575449,0.918927
20,668,15,0.050315,0.030465,0.804596,0.036837,0.733824,10.0000,0.718517,0.925818
20,669,16,0.050315,0.030080,0.804725,0.033316,0.760896,8.0000,0.772278,0.925928
20,670,1,0.786895,0.040971,0.329171,0.000000,1.000000,2.0000,0.979160,0.180899
20,671,5,0.190630,0.093514,0.552437,0.309209,0.698311,4.0000,0.692982,0.393853
20,672,7,0.140617,0.086156,0.714708,0.075103,0.524379,8.0000,0.573162,0.726345
20,673,11,0.099240,0.073546,0.738542,0.083824,0.591432,6.0000,0.631935,0.775181
20,674,12,0.068154,0.059558,0.758682,0.075060,0.505787,11.0000,0.738196,0.807317
20,675,14,0.067998,0.056719,0.759053,0.075459,0.568222,9.0000,0.792030,0.808079
20,676,15,0.066207,0.057116,0.760737,0.072825,0.586642,9.0000,0.756388,0.811529
20,677,18,0.062120,0.056000,0.762610,0.052964,0.650107,7.0000,0.630109,0.815367
20,678,19,0.060766,0.050598,0.778761,0.054914,0.726142,12.0000,0.598479,0.848459
20,679,20,0.053524,0.047621,0.784210,0.039775,0.729399,15.0000,0.761086,0.859624
20,680,1,0.835477,0.014386,0.251498,0.000000,1.000000,2.0000,1.012793,0.177175
20,681,4,0.217147,0.149819,0.526862,0.369657,0.645398,7.0000,0.683907,0.438919
20,682,9,0.089267,0.043537,0.722248,0.139181,0.672052,14.0000,0.567093,0.709901
20,683,10,0.106004,0.066241,0.736178,0.098494,0.709256,10.0000,0.665492,0.738737
20,684,11,0.074155,0.041019,0.783467,0.118927,0.749509,14.0000,0.794909,0.836626
20,685,13,0.069313,0.050781,0.784763,0.044257,0.685141,15.0000,0.720551,0.839308
20,686,15,0.054365,0.049363,0.790983,0.032400,0.581766,16.0000,0.603241,0.852184
20,687,16,0.052538,0.047842,0.798426,0.038464,0.589440,14.0000,0.695582,0.867591
20,688,17,0.052097,0.046420,0.799204,0.039088,0.626011,15.0000,0.736905,0.869202
20,689,17,0.049015,0.042357,0.801986,0.041783,0.631311,12.0000,0.737117,0.874962
20,690,3,0.326381,0.029170,0.565419,0.987049,0.871873,3.0000,0.930049,0.361398
20,691,6,0.151463,0.078241,0.684666,0.156867,0.474002,9.0000,0.737434,0.612561
20,692,6,0.147318,0.077087,0.695007,0.148344,0.461729,7.0000,0.556384,0.634340
20,693,8,0.128051,0.071919,0.706708,0.088029,0.549712,12.0000,0.692905,0.658986
20,694,9,0.097971,0.072324,0.749959,0.090687,0.444790,11.0000,0.814326,0.750084
20,695,10,0.085485,0.060716,0.768042,0.090868,0.522169,12.0000,0.667150,0.788170
20,696,13,0.079275,0.058453,0.774853,0.071354,0.652977,7.0000,0.607694,0.802516
20,697,13,0.077889,0.054737,0.778047,0.070554,0.627173,19.0000,0.691214,0.809243
20,698,14,0.077538,0.052752,0.778562,0.069314,0.678168,8.0000,0.744500,0.810330
20,699,14,0.077538,0.052752,0.778562,0.069314,0.678168,7.0000,0.697824,0.810330
20,700,1,0.828186,0.009742,0.364662,0.000000,1.000000,4.0000,0.917527,0.186871
20,701,4,0.173522,0.151786,0.586936,0.054786,0.111901,5.0000,0.657326,0.426824
20,702,6,0.150040,0.047514,0.749504,0.040272,0.594822,15.0000,0.605458,0.767299
20,703,8,0.112092,0.055931,0.778225,0.082399,0.519808,16.0000,0.676351,0.805050
20,704,9,0.108668,0.053087,0.781840,0.072734,0.638065,14.0000,0.736016,0.812619
20,705,11,0.063149,0.055813,0.797434,0.018967,0.487467,15.0000,0.728125,0.845280
20,706,12,0.061663,0.054002,0.799048,0.038888,0.536085,6.0000,0.700831,0.848659
20,707,12,0.061663,0.054002,0.799048,0.038888,0.536085,9.0000,0.727589,0.848659
20,708,13,0.048571,0.050080,0.814846,0.041163,0.495754,13.0000,0.679592,0.881746
20,709,12,0.048592,0.028078,0.827283,0.049510,0.698688,15.0000,0.643782,0.907793
20,710,2,0.333238,0.172581,0.400041,0.000000,0.246434,5.0000,0.967152,0.201015
20,711,3,0.239764,0.137916,0.550604,0.342611,0.292634,8.0000,0.794118,0.362639
20,712,5,0.162107,0.094666,0.675589,0.112951,0.387544,8.0000,0.602507,0.593442
20,713,7,0.114830,0.094023,0.704648,0.075058,0.289811,6.0000,0.627709,0.654648
20,714,7,0.077400,0.056000,0.783996,0.087694,0.334481,12.0000,0.755738,0.821775
20,715,8,0.074530,0.052896,0.807207,0.108870,0.398790,11.0000,0.820654,0.870662
20,716,8,0.074530,0.052896,0.807207,0.108870,0.398790,5.0000,0.662510,0.870662
20,717,9,0.073157,0.054578,0.807281,0.108403,0.495566,6.0000,0.671685,0.870818
20,718,10,0.073157,0.052232,0.808273,0.087155,0.585352,17.0000,0.678763,0.872908
20,719,11,0.068437,0.049802,0.812623,0.049382,0.621936,14.0000,0.738835,0.882070
20,720,1,0.848749,0.039416,0.219652,0.000000,1.000000,2.0000,0.969517,0.122635
20,721,7,0.128754,0.124709,0.623930,0.068982,0.254752,9.0000,0.767818,0.537961
20,722,10,0.089150,0.074857,0.730117,0.057788,0.382637,14.0000,0.585022,0.745006
20,723,12,0.070965,0.069253,0.752111,0.045627,0.435469,17.0000,0.689244,0.790533
20,724,12,0.069297,0.067145,0.770083,0.036791,0.403626,7.0000,0.776037,0.808920
20,725,11,0.065335,0.046129,0.777678,0.035931,0.391086,12.0000,0.727768,0.824643
20,726,12,0.063765,0.048871,0.786786,0.035585,0.391991,13.0000,0.636793,0.843497
20,727,14,0.060381,0.050561,0.790035,0.043228,0.508467,12.0000,0.678674,0.850222
20,728,13,0.056155,0.043704,0.799079,0.030505,0.459205,11.0000,0.698181,0.868944
20,729,13,0.059512,0.042097,0.805790,0.042497,0.589202,11.0000,0.738397,0.882835
20,730,1,0.838562,0.006669,0.353535,0.000000,1.000000,2.0000,0.862963,0.194650
20,731,3,0.234518,0.125217,0.573529,0.297316,0.224487,5.0000,0.677626,0.439131
20,732,6,0.093847,0.021659,0.716799,0.253565,0.541425,9.0000,0.580598,0.732690
20,733,10,0.086150,0.088539,0.739909,0.082331,0.464200,10.0000,0.711201,0.780043
20,734,12,0.085708,0.081173,0.754944,0.074871,0.529679,13.0000,0.740782,0.799659
20,735,12,0.073926,0.066899,0.768572,0.062815,0.395416,10.0000,0.767212,0.827583
20,736,13,0.060882,0.067846,0.780249,0.044404,0.338943,7.0000,0.682901,0.851509
20,737,14,0.057747,0.059747,0.795110,0.044508,0.378763,8.0000,0.627129,0.881959
20,738,15,0.056599,0.058233,0.796415,0.047357,0.423238,10.0000,0.676627,0.884633
20,739,13,0.049327,0.033979,0.806608,0.050778,0.579550,11.0000,0.690121,0.905517
20,740,3,0.230128,0.043822,0.591075,0.417889,0.323593,4.0000,0.993725,0.490932
20,741,5,0.141810,0.047662,0.700906,0.145447,0.419962,6.0000,0.841331,0.714551
20,742,7,0.101560,0.051755,0.734808,0.188482,0.391848,11.0000,0.619144,0.783576
20,743,8,0.087414,0.044312,0.756008,0.212362,0.557089,13.0000,0.650240,0.826739
20,744,8,0.085444,0.042439,0.758274,0.210188,0.560829,13.0000,0.759435,0.831353
20,745,9,0.065842,0.044306,0.783585,0.106667,0.419386,11.0000,0.787266,0.882887
20,746,9,0.065842,0.044306,0.783585,0.106667,0.419386,6.0000,0.703783,0.882887
20,747,10,0.064761,0.046681,0.784221,0.106896,0.505563,9.0000,0.668780,0.884181
20,748,10,0.064761,0.046681,0.784221,0.106896,0.505563,7.0000,0.727590,0.884181
20,749,11,0.054690,0.041163,0.790033,0.094101,0.497419,9.0000,0.737307,0.896015
20,750,3,0.275414,0.111896,0.515393,0.766339,0.775118,4.0000,0.920225,0.457098
20,751,4,0.203029,0.087611,0.566647,0.014951,0.689220,3.0000,0.737005,0.524728
20,752,5,0.188803,0.100485,0.573870,0.110215,0.747111,4.0000,0.575989,0.539088
20,753,9,0.117071,0.108108,0.658341,0.138067,0.596191,12.0000,0.706240,0.700876
20,754,11,0.088395,0.087754,0.693972,0.108407,0.623847,11.0000,0.751325,0.771712
20,755,12,0.087698,0.086410,0.694093,0.079109,0.696720,5.0000,0.780099,0.771951
20,756,11,0.085633,0.079289,0.710773,0.079363,0.803816,10.0000,0.664922,0.805112
20,757,11,0.070467,0.042442,0.727777,0.046332,0.924791,11.0000,0.681437,0.838738
20,758,12,0.070142,0.042323,0.744401,0.045348,0.854356,9.0000,0.743862,0.856534
20,759,14,0.060082,0.038632,0.747625,0.065118,0.811226,10.0000,0.762816,0.862945
20,760,1,0.652428,0.171771,0.172788,0.000000,1.000000,1.0000,0.968738,0.096269
20,761,4,0.228128,0.168996,0.404201,0.066796,0.703581,6.0000,0.742287,0.334346
20,762,6,0.135073,0.098413,0.578335,0.164819,0.545065,10.0000,0.586335,0.610372
20,763,7,0.142166,0.054601,0.638803,0.280793,0.613494,16.0000,0.734607,0.684478
20,764,8,0.111148,0.023369,0.690500,0.057983,0.607956,7.0000,0.775293,0.784896
20,765,9,0.055775,0.025988,0.718128,0.056154,0.454464,5.0000,0.768513,0.838561
20,766,10,0.055313,0.035024,0.719353,0.044513,0.505162,6.0000,0.743049,0.840941
20,767,12,0.050769,0.043481,0.722368,0.040349,0.455624,10.0000,0.667162,0.846796
20,768,13,0.049118,0.041788,0.723422,0.035807,0.512213,2.0000,0.732025,0.848845
20,769,14,0.048310,0.039629,0.733128,0.041707,0.514235,6.0000,0.749617,0.860554
20,770,1,0.605747,0.207762,0.146015,0.000000,1.000000,1.0000,0.959326,0.151751
20,771,6,0.133613,0.063805,0.623419,0.249355,0.564374,15.0000,0.781486,0.721061
20,772,9,0.121159,0.087311,0.630293,0.080325,0.572089,11.0000,0.637775,0.730697
20,773,9,0.113587,0.077915,0.649934,0.082355,0.546848,5.0000,0.670977,0.756924
20,774,9,0.113587,0.077915,0.649934,0.082355,0.546848,5.0000,0.734759,0.756924
20,775,9,0.113587,0.077915,0.649934,0.082355,0.546848,4.0000,0.749702,0.756924
20,776,9,0.077043,0.058562,0.674643,0.097859,0.451078,3.0000,0.699903,0.804535
20,777,12,0.070895,0.064853,0.682946,0.076752,0.602713,9.0000,0.652122,0.820533
20,778,14,0.067725,0.060544,0.691067,0.066740,0.685982,4.0000,0.757215,0.832988
20,779,14,0.067725,0.060544,0.691067,0.066740,0.685982,7.0000,0.722387,0.832988
20,780,1,0.547887,0.118139,0.206688,0.000000,1.000000,1.0000,0.844458,0.258533
20,781,6,0.157976,0.119830,0.492613,0.153107,0.795063,8.0000,0.735765,0.537438
20,782,11,0.083985,0.093867,0.592344,0.112188,0.621138,12.0000,0.600761,0.729427
20,783,12,0.072761,0.073779,0.605374,0.084018,0.670248,8.0000,0.675862,0.751942
20,784,13,0.073001,0.068024,0.629773,0.036862,0.695175,4.0000,0.804561,0.798911
20,785,13,0.065165,0.047826,0.650846,0.014926,0.697333,13.0000,0.720242,0.824171
20,786,13,0.065165,0.047826,0.650846,0.014926,0.697333,8.0000,0.661465,0.824171
20,787,14,0.062270,0.053188,0.655559,0.020583,0.711602,6.0000,0.708832,0.833244
20,788,14,0.060197,0.051344,0.658244,0.024333,0.714272,10.0000,0.755220,0.838413
20,789,15,0.055793,0.049998,0.658418,0.037507,0.646044,8.0000,0.702858,0.838748
20,790,1,0.840716,0.009762,0.271404,0.000000,1.000000,2.0000,0.900261,0.201925
20,791,2,0.326379,0.081156,0.357220,0.000000,0.273667,2.0000,0.707463,0.320833
20,792,4,0.158996,0.080095,0.507370,0.091460,0.290829,7.0000,0.616764,0.603724
20,793,5,0.118807,0.077373,0.570183,0.171590,0.330428,5.0000,0.729929,0.713063
20,794,7,0.116644,0.081661,0.575434,0.147985,0.552324,7.0000,0.770922,0.720508
20,795,9,0.099883,0.073366,0.593719,0.107161,0.675276,6.0000,0.742918,0.751284
20,796,11,0.096569,0.064611,0.608148,0.072780,0.752269,9.0000,0.704126,0.779714
20,797,12,0.094851,0.066337,0.608978,0.067250,0.655769,8.0000,0.692614,0.781349
20,798,14,0.083720,0.062403,0.617913,0.065971,0.674122,8.0000,0.715425,0.798955
20,799,13,0.086616,0.062912,0.621024,0.085117,0.647760,12.0000,0.678134,0.805084
20,800,0,,,,,,0.0000,0.922128,0.000000
20,801,0,,,,,,0.0000,0.992566,0.000000
20,802,0,,,,,,0.0000,0.862672,0.000000
20,803,0,,,,,,0.0000,0.791190,0.000000
20,804,0,,,,,,0.0000,0.823618,0.000000
20,805,0,,,,,,0.0000,0.844171,0.000000
20,806,0,,,,,,0.0000,0.876581,0.000000
20,807,0,,,,,,0.0000,0.867086,0.000000
20,808,0,,,,,,0.0000,0.812859,0.000000
20,809,0,,,,,,0.0000,0.797780,0.000000
20,810,0,,,,,,0.0000,0.839295,0.000000
20,811,0,,,,,,0.0000,0.844532,0.000000
20,812,0,,,,,,0.0000,0.869294,0.000000
20,813,0,,,,,,0.0000,0.815600,0.000000
20,814,0,,,,,,0.0000,0.828174,0.000000
20,815,0,,,,,,0.0000,0.847750,0.000000
20,816,0,,,,,,0.0000,0.840345,0.000000
20,817,0,,,,,,0.0000,0.841136,0.000000
20,818,0,,,,,,0.0000,0.817066,0.000000
20,819,0,,,,,,0.0000,0.809305,0.000000
20,820,0,,,,,,0.0000,0.868478,0.000000
20,821,0,,,,,,0.0000,0.890669,0.000000
20,822,0,,,,,,0.0000,0.809733,0.000000
20,823,0,,,,,,0.0000,0.799713,0.000000
20,824,0,,,,,,0.0000,0.849782,0.000000
20,825,0,,,,,,0.0000,0.871888,0.000000
20,826,0,,,,,,0.0000,0.802880,0.000000
20,827,0,,,,,,0.0000,0.816774,0.000000
20,828,0,,,,,,0.0000,0.840111,0.000000
20,829,0,,,,,,0.0000,0.870455,0.000000
20,830,0,,,,,,0.0000,0.840389,0.000000
20,831,0,,,,,,0.0000,0.836038,0.000000
20,832,0,,,,,,0.0000,0.846175,0.000000
20,833,0,,,,,,0.0000,0.880103,0.000000
20,834,0,,,,,,0.0000,0.818962,0.000000
20,835,0,,,,,,0.0000,0.806547,0.000000
20,836,0,,,,,,0.0000,0.847666,0.000000
20,837,0,,,,,,0.0000,0.881588,0.000000
20,838,0,,,,,,0.0000,0.822415,0.000000
20,839,0,,,,,,0.0000,0.825450,0.000000
20,840,0,,,,,,0.0000,0.843969,0.000000
20,841,0,,,,,,0.0000,0.813437,0.000000
20,842,0,,,,,,0.0000,0.863300,0.000000
20,843,0,,,,,,0.0000,0.852338,0.000000
20,844,0,,,,,,0.0000,0.829018,0.000000
20,845,0,,,,,,0.0000,0.814506,0.000000
20,846,0,,,,,,0.0000,0.822458,0.000000
20,847,0,,,,,,0.0000,0.882204,0.000000
20,848,0,,,,,,0.0000,0.857542,0.000000
20,849,0,,,,,,0.0000,0.786412,0.000000
20,850,0,,,,,,0.0000,0.799734,0.000000
20,851,0,,,,,,0.0000,0.830346,0.000000
20,852,0,,,,,,0.0000,0.857851,0.000000
20,853,0,,,,,,0.0000,0.844918,0.000000
20,854,0,,,,,,0.0000,0.838229,0.000000
20,855,0,,,,,,0.0000,0.817566,0.000000
20,856,0,,,,,,0.0000,0.848474,0.000000
20,857,0,,,,,,0.0000,0.874696,0.000000
20,858,0,,,,,,0.0000,0.850787,0.000000
20,859,0,,,,,,0.0000,0.802181,0.000000
20,860,0,,,,,,0.0000,0.802320,0.000000
20,861,0,,,,,,0.0000,0.888150,0.000000
20,862,0,,,,,,0.0000,0.862479,0.000000
20,863,0,,,,,,0.0000,0.773933,0.000000
20,864,0,,,,,,0.0000,0.781336,0.000000
20,865,0,,,,,,0.0000,0.850893,0.000000
20,866,0,,,,,,0.0000,0.914560,0.000000
20,867,0,,,,,,0.0000,0.865316,0.000000
20,868,0,,,,,,0.0000,0.796340,0.000000
20,869,0,,,,,,0.0000,0.826684,0.000000
20,870,0,,,,,,0.0000,0.857670,0.000000
20,871,0,,,,,,0.0000,0.826398,0.000000
20,872,0,,,,,,0.0000,0.819070,0.000000
20,873,0,,,,,,0.0000,0.802901,0.000000
20,874,0,,,,,,0.0000,0.834729,0.000000
20,875,0,,,,,,0.0000,0.854534,0.000000
20,876,0,,,,,,0.0000,0.827374,0.000000
20,877,0,,,,,,0.0000,0.836034,0.000000
20,878,0,,,,,,0.0000,0.854949,0.000000
20,879,0,,,,,,0.0000,0.831368,0.000000
20,880,0,,,,,,0.0000,0.847160,0.000000
20,881,0,,,,,,0.0000,0.826228,0.000000
20,882,0,,,,,,0.0000,0.831910,0.000000
20,883,0,,,,,,0.0000,0.851132,0.000000
20,884,0,,,,,,0.0000,0.848463,0.000000
20,885,0,,,,,,0.0000,0.820843,0.000000
20,886,0,,,,,,0.0000,0.800152,0.000000
20,887,0,,,,,,0.0000,0.820624,0.000000
20,888,0,,,,,,0.0000,0.849687,0.000000
20,889,0,,,,,,0.0000,0.885746,0.000000
20,890,0,,,,,,0.0000,0.855224,0.000000
20,891,0,,,,,,0.0000,0.800773,0.000000
20,892,0,,,,,,0.0000,0.828111,0.000000
20,893,0,,,,,,0.0000,0.863154,0.000000
20,894,0,,,,,,0.0000,0.859115,0.000000
20,895,0,,,,,,0.0000,0.844605,0.000000
20,896,0,,,,,,0.0000,0.820985,0.000000
20,897,0,,,,,,0.0000,0.798216,0.000000
20,898,0,,,,,,0.0000,0.831447,0.000000
20,899,0,,,,,,0.0000,0.852820,0.000000
20,900,0,,,,,,0.0000,0.838706,0.000000
20,901,0,,,,,,0.0000,0.830539,0.000000
20,902,0,,,,,,0.0000,0.875882,0.000000
20,903,0,,,,,,0.0000,0.822187,0.000000
20,904,0,,,,,,0.0000,0.831948,0.000000
20,905,0,,,,,,0.0000,0.849071,0.000000
20,906,0,,,,,,0.0000,0.849331,0.000000
20,907,0,,,,,,0.0000,0.819118,0.000000
20,908,0,,,,,,0.0000,0.829011,0.000000
20,909,0,,,,,,0.0000,0.874054,0.000000
20,910,0,,,,,,0.0000,0.840105,0.000000
20,911,0,,,,,,0.0000,0.836353,0.000000
20,912,0,,,,,,0.0000,0.831355,0.000000
20,913,0,,,,,,0.0000,0.845541,0.000000
20,914,0,,,,,,0.0000,0.843241,0.000000
20,915,0,,,,,,0.0000,0.818096,0.000000
20,916,0,,,,,,0.0000,0.853821,0.000000
20,917,0,,,,,,0.0000,0.822869,0.000000
20,918,0,,,,,,0.0000,0.851241,0.000000
20,919,0,,,,,,0.0000,0.807333,0.000000
20,920,0,,,,,,0.0000,0.866703,0.000000
20,921,0,,,,,,0.0000,0.828912,0.000000
20,922,0,,,,,,0.0000,0.838912,0.000000
20,923,0,,,,,,0.0000,0.834422,0.000000
20,924,0,,,,,,0.0000,0.850945,0.000000
20,925,0,,,,,,0.0000,0.838439,0.000000
20,926,0,,,,,,0.0000,0.792462,0.000000
20,927,0,,,,,,0.0000,0.823360,0.000000
20,928,0,,,,,,0.0000,0.851886,0.000000
20,929,0,,,,,,0.0000,0.822849,0.000000
20,930,0,,,,,,0.0000,0.818280,0.000000
20,931,0,,,,,,0.0000,0.857161,0.000000
20,932,0,,,,,,0.0000,0.860609,0.000000
20,933,0,,,,,,0.0000,0.854069,0.000000
20,934,0,,,,,,0.0000,0.833900,0.000000
20,935,0,,,,,,0.0000,0.801777,0.000000
20,936,0,,,,,,0.0000,0.855315,0.000000
20,937,0,,,,,,0.0000,0.857161,0.000000
20,938,0,,,,,,0.0000,0.814968,0.000000
20,939,0,,,,,,0.0000,0.799946,0.000000
20,940,0,,,,,,0.0000,0.830566,0.000000
20,941,0,,,,,,0.0000,0.849671,0.000000
20,942,0,,,,,,0.0000,0.848740,0.000000
20,943,0,,,,,,0.0000,0.829608,0.000000
20,944,0,,,,,,0.0000,0.873241,0.000000
20,945,0,,,,,,0.0000,0.844849,0.000000
20,946,0,,,,,,0.0000,0.809391,0.000000
20,947,0,,,,,,0.0000,0.819541,0.000000
20,948,0,,,,,,0.0000,0.849912,0.000000
20,949,0,,,,,,0.0000,0.834168,0.000000
20,950,0,,,,,,0.0000,0.814681,0.000000
20,951,0,,,,,,0.0000,0.840463,0.000000
20,952,0,,,,,,0.0000,0.848427,0.000000
20,953,0,,,,,,0.0000,0.812146,0.000000
20,954,0,,,,,,0.0000,0.824886,0.000000
20,955,0,,,,,,0.0000,0.832396,0.000000
20,956,0,,,,,,0.0000,0.834403,0.000000
20,957,0,,,,,,0.0000,0.819696,0.000000
20,958,0,,,,,,0.0000,0.832177,0.000000
20,959,0,,,,,,0.0000,0.867034,0.000000
20,960,0,,,,,,0.0000,0.865949,0.000000
20,961,0,,,,,,0.0000,0.841133,0.000000
20,962,0,,,,,,0.0000,0.846990,0.000000
20,963,0,,,,,,0.0000,0.822241,0.000000
20,964,0,,,,,,0.0000,0.852262,0.000000
20,965,0,,,,,,0.0000,0.840446,0.000000
20,966,0,,,,,,0.0000,0.813822,0.000000
20,967,0,,,,,,0.0000,0.831698,0.000000
20,968,0,,,,,,0.0000,0.834444,0.000000
20,969,0,,,,,,0.0000,0.846888,0.000000
20,970,0,,,,,,0.0000,0.822797,0.000000
20,971,0,,,,,,0.0000,0.831358,0.000000
20,972,0,,,,,,0.0000,0.838461,0.000000
20,973,0,,,,,,0.0000,0.871427,0.000000
20,974,0,,,,,,0.0000,0.848700,0.000000
20,975,0,,,,,,0.0000,0.816171,0.000000
20,976,0,,,,,,0.0000,0.837685,0.000000
20,977,0,,,,,,0.0000,0.863915,0.000000
20,978,0,,,,,,0.0000,0.835637,0.000000
20,979,0,,,,,,0.0000,0.831684,0.000000
20,980,0,,,,,,0.0000,0.835440,0.000000
20,981,0,,,,,,0.0000,0.839107,0.000000
20,982,0,,,,,,0.0000,0.837522,0.000000
20,983,0,,,,,,0.0000,0.855405,0.000000
20,984,0,,,,,,0.0000,0.814409,0.000000
20,985,0,,,,,,0.0000,0.805659,0.000000
20,986,0,,,,,,0.0000,0.849343,0.000000
20,987,0,,,,,,0.0000,0.848757,0.000000
20,988,0,,,,,,0.0000,0.801690,0.000000
20,989,0,,,,,,0.0000,0.839528,0.000000
20,990,0,,,,,,0.0000,0.865148,0.000000
20,991,0,,,,,,0.0000,0.824910,0.000000
20,992,0,,,,,,0.0000,0.807594,0.000000
20,993,0,,,,,,0.0000,0.811068,0.000000
20,994,0,,,,,,0.0000,0.858917,0.000000
20,995,0,,,,,,0.0000,0.869945,0.000000
20,996,0,,,,,,0.0000,0.826485,0.000000
20,997,0,,,,,,0.0000,0.833724,0.000000
20,998,0,,,,,,0.0000,0.815164,0.000000
20,999,0,,,,,,0.0000,0.803801,0.000000
20,1000,0,,,,,,0.0000,0.853998,0.000000
21,1,5,0.221173,0.085184,0.301190,0.106415,0.621805,16.0000,1.005279,0.631954
21,2,7,0.110313,0.083087,0.312831,0.182083,0.614449,6.0000,1.231330,0.669875
21,3,7,0.110313,0.083087,0.312831,0.182083,0.614449,3.0000,1.229642,0.669875
21,4,8,0.110313,0.089264,0.322729,0.130846,0.501928,1.0000,1.123144,0.691895
21,5,8,0.110313,0.089264,0.322729,0.130846,0.501928,1.0000,1.137006,0.691895
21,6,7,0.084725,0.063347,0.351521,0.163053,0.597298,9.0000,1.173025,0.754903
21,7,9,0.073053,0.056898,0.363993,0.131399,0.592491,6.0000,1.192262,0.779177
21,8,11,0.071765,0.061343,0.365571,0.070499,0.667245,7.0000,1.171156,0.782572
21,9,13,0.055436,0.049770,0.388415,0.051597,0.575672,11.0000,1.117146,0.827396
21,10,1,0.697517,0.174010,0.031640,0.000000,1.000000,1.0000,1.456320,0.074220
21,11,2,0.325734,0.098166,0.145285,0.000000,0.321515,4.0000,1.365385,0.355281
21,12,3,0.227404,0.036004,0.235516,0.434996,0.405576,6.0000,1.150331,0.571868
21,13,5,0.079564,0.038808,0.313035,0.197355,0.352548,3.0000,1.108357,0.729506
21,14,6,0.079564,0.052586,0.319265,0.194371,0.440043,7.0000,1.188909,0.742174
21,15,7,0.071372,0.049526,0.332308,0.144038,0.432232,6.0000,1.300218,0.768699
21,16,7,0.071372,0.049526,0.332308,0.144038,0.432232,1.0000,1.326877,0.768699
21,17,7,0.070060,0.034508,0.337882,0.168526,0.552723,4.0000,1.283612,0.780034
21,18,8,0.070060,0.048293,0.339157,0.092793,0.466641,3.0000,1.227957,0.782626
21,19,11,0.065439,0.048722,0.354527,0.083254,0.535422,9.0000,1.239823,0.814275
21,20,1,0.642945,0.292352,0.017912,0.000000,1.000000,1.0000,1.458097,0.067242
21,21,3,0.421580,0.188811,0.147406,0.054098,0.567375,2.0000,1.382786,0.355465
21,22,6,0.118475,0.074642,0.291417,0.101164,0.499161,7.0000,1.137118,0.724916
21,23,8,0.107294,0.072913,0.308871,0.065770,0.591086,6.0000,1.127544,0.759975
21,24,9,0.094697,0.061668,0.319735,0.054282,0.595371,3.0000,1.250622,0.782731
21,25,10,0.064817,0.049405,0.338457,0.017739,0.511421,3.0000,1.312978,0.821559
21,26,11,0.060992,0.047411,0.343046,0.032154,0.562717,3.0000,1.291960,0.830778
21,27,11,0.060992,0.047411,0.343046,0.032154,0.562717,1.0000,1.278098,0.830778
21,28,11,0.056507,0.033899,0.348776,0.064734,0.652196,4.0000,1.197577,0.842286
21,29,12,0.056507,0.037372,0.348872,0.060975,0.699912,6.0000,1.223208,0.842480
21,30,1,0.707071,0.082152,0.089924,0.000000,1.000000,1.0000,1.535671,0.239971
21,31,1,0.707071,0.082152,0.089924,0.000000,1.000000,0.0000,1.382030,0.239971
21,32,5,0.248704,0.148052,0.147219,0.233297,0.841943,7.0000,1.073852,0.447153
21,33,6,0.239644,0.158265,0.156711,0.148635,0.874218,3.0000,1.141084,0.466537
21,34,6,0.208056,0.125465,0.175603,0.042674,0.737072,4.0000,1.221227,0.527513
21,35,8,0.168522,0.119124,0.200703,0.043366,0.719265,2.0000,1.263599,0.578771
21,36,8,0.168522,0.119124,0.200703,0.043366,0.719265,2.0000,1.258676,0.578771
21,37,8,0.171459,0.074307,0.254285,0.043716,0.937996,3.0000,1.192676,0.688192
21,38,9,0.123976,0.072767,0.279137,0.071626,0.775726,4.0000,1.284418,0.738943
21,39,10,0.065152,0.067074,0.301401,0.041958,0.573467,6.0000,1.291313,0.785414
21,40,0,,,,,,0.0000,1.477528,0.000000
21,41,0,,,,,,0.0000,1.473926,0.000000
21,42,0,,,,,,0.0000,1.393051,0.000000
21,43,0,,,,,,0.0000,1.377396,0.000000
21,44,0,,,,,,0.0000,1.417069,0.000000
21,45,0,,,,,,0.0000,1.453719,0.000000
21,46,0,,,,,,0.0000,1.391322,0.000000
21,47,0,,,,,,0.0000,1.382436,0.000000
21,48,0,,,,,,0.0000,1.384748,0.000000
21,49,0,,,,,,0.0000,1.404273,0.000000
21,50,0,,,,,,0.0000,1.396162,0.000000
21,51,0,,,,,,0.0000,1.394834,0.000000
21,52,0,,,,,,0.0000,1.405809,0.000000
21,53,0,,,,,,0.0000,1.403109,0.000000
21,54,0,,,,,,0.0000,1.415925,0.000000
21,55,0,,,,,,0.0000,1.417426,0.000000
21,56,0,,,,,,0.0000,1.413173,0.000000
21,57,0,,,,,,0.0000,1.406827,0.000000
21,58,0,,,,,,0.0000,1.382496,0.000000
21,59,0,,,,,,0.0000,1.357235,0.000000
21,60,0,,,,,,0.0000,1.418848,0.000000
21,61,0,,,,,,0.0000,1.444295,0.000000
21,62,0,,,,,,0.0000,1.395811,0.000000
21,63,0,,,,,,0.0000,1.326253,0.000000
21,64,0,,,,,,0.0000,1.356553,0.000000
21,65,0,,,,,,0.0000,1.432600,0.000000
21,66,0,,,,,,0.0000,1.430933,0.000000
21,67,0,,,,,,0.0000,1.393519,0.000000
21,68,0,,,,,,0.0000,1.348727,0.000000
21,69,0,,,,,,0.0000,1.394354,0.000000
21,70,0,,,,,,0.0000,1.440961,0.000000
21,71,0,,,,,,0.0000,1.386230,0.000000
21,72,0,,,,,,0.0000,1.391551,0.000000
21,73,0,,,,,,0.0000,1.395938,0.000000
21,74,0,,,,,,0.0000,1.404086,0.000000
21,75,0,,,,,,0.0000,1.401227,0.000000
21,76,0,,,,,,0.0000,1.367945,0.000000
21,77,0,,,,,,0.0000,1.403960,0.000000
21,78,0,,,,,,0.0000,1.447757,0.000000
21,79,0,,,,,,0.0000,1.416080,0.000000
21,80,0,,,,,,0.0000,1.394111,0.000000
21,81,0,,,,,,0.0000,1.342844,0.000000
21,82,0,,,,,,0.0000,1.367192,0.000000
21,83,0,,,,,,0.0000,1.422613,0.000000
21,84,0,,,,,,0.0000,1.419348,0.000000
21,85,0,,,,,,0.0000,1.374705,0.000000
21,86,0,,,,,,0.0000,1.354864,0.000000
21,87,0,,,,,,0.0000,1.382412,0.000000
21,88,0,,,,,,0.0000,1.417113,0.000000
21,89,0,,,,,,0.0000,1.381852,0.000000
21,90,0,,,,,,0.0000,1.382089,0.000000
21,91,0,,,,,,0.0000,1.405563,0.000000
21,92,0,,,,,,0.0000,1.412650,0.000000
21,93,0,,,,,,0.0000,1.398978,0.000000
21,94,0,,,,,,0.0000,1.378101,0.000000
21,95,0,,,,,,0.0000,1.394550,0.000000
21,96,0,,,,,,0.0000,1.380706,0.000000
21,97,0,,,,,,0.0000,1.392607,0.000000
21,98,0,,,,,,0.0000,1.373033,0.000000
21,99,0,,,,,,0.0000,1.382464,0.000000
21,100,0,,,,,,0.0000,1.388439,0.000000
21,101,0,,,,,,0.0000,1.370310,0.000000
21,102,0,,,,,,0.0000,1.365144,0.000000
21,103,0,,,,,,0.0000,1.376722,0.000000
21,104,0,,,,,,0.0000,1.373755,0.000000
21,105,0,,,,,,0.0000,1.397009,0.000000
21,106,0,,,,,,0.0000,1.366924,0.000000
21,107,0,,,,,,0.0000,1.404803,0.000000
21,108,0,,,,,,0.0000,1.398600,0.000000
21,109,0,,,,,,0.0000,1.386756,0.000000
21,110,0,,,,,,0.0000,1.398460,0.000000
21,111,0,,,,,,0.0000,1.419001,0.000000
21,112,0,,,,,,0.0000,1.411331,0.000000
21,113,0,,,,,,0.0000,1.373379,0.000000
21,114,0,,,,,,0.0000,1.384006,0.000000
21,115,0,,,,,,0.0000,1.396510,0.000000
21,116,0,,,,,,0.0000,1.416169,0.000000
21,117,0,,,,,,0.0000,1.399058,0.000000
21,118,0,,,,,,0.0000,1.366272,0.000000
21,119,0,,,,,,0.0000,1.355377,0.000000
21,120,0,,,,,,0.0000,1.419448,0.000000
21,121,0,,,,,,0.0000,1.405022,0.000000
21,122,0,,,,,,0.0000,1.381091,0.000000
21,123,0,,,,,,0.0000,1.360265,0.000000
21,124,0,,,,,,0.0000,1.349989,0.000000
21,125,0,,,,,,0.0000,1.427258,0.000000
21,126,0,,,,,,0.0000,1.428317,0.000000
21,127,0,,,,,,0.0000,1.379422,0.000000
21,128,0,,,,,,0.0000,1.357737,0.000000
21,129,0,,,,,,0.0000,1.404762,0.000000
21,130,0,,,,,,0.0000,1.399499,0.000000
21,131,0,,,,,,0.0000,1.389717,0.000000
21,132,0,,,,,,0.0000,1.354005,0.000000
21,133,0,,,,,,0.0000,1.390551,0.000000
21,134,0,,,,,,0.0000,1.431575,0.000000
21,135,0,,,,,,0.0000,1.425401,0.000000
21,136,0,,,,,,0.0000,1.372156,0.000000
21,137,0,,,,,,0.0000,1.380032,0.000000
21,138,0,,,,,,0.0000,1.394670,0.000000
21,139,0,,,,,,0.0000,1.398952,0.000000
21,140,0,,,,,,0.0000,1.411088,0.000000
21,141,0,,,,,,0.0000,1.410017,0.000000
21,142,0,,,,,,0.0000,1.369301,0.000000
21,143,0,,,,,,0.0000,1.401295,0.000000
21,144,0,,,,,,0.0000,1.379968,0.000000
21,145,0,,,,,,0.0000,1.407718,0.000000
21,146,0,,,,,,0.0000,1.428315,0.000000
21,147,0,,,,,,0.0000,1.417747,0.000000
21,148,0,,,,,,0.0000,1.394418,0.000000
21,149,0,,,,,,0.0000,1.390578,0.000000
21,150,0,,,,,,0.0000,1.378278,0.000000
21,151,0,,,,,,0.0000,1.378949,0.000000
21,152,0,,,,,,0.0000,1.396063,0.000000
21,153,0,,,,,,0.0000,1.373120,0.000000
21,154,0,,,,,,0.0000,1.404251,0.000000
21,155,0,,,,,,0.0000,1.382894,0.000000
21,156,0,,,,,,0.0000,1.361802,0.000000
21,157,0,,,,,,0.0000,1.364134,0.000000
21,158,0,,,,,,0.0000,1.411766,0.000000
21,159,0,,,,,,0.0000,1.405893,0.000000
21,160,0,,,,,,0.0000,1.400468,0.000000
21,161,0,,,,,,0.0000,1.409873,0.000000
21,162,0,,,,,,0.0000,1.398655,0.000000
21,163,0,,,,,,0.0000,1.387614,0.000000
21,164,0,,,,,,0.0000,1.403805,0.000000
21,165,0,,,,,,0.0000,1.393678,0.000000
21,166,0,,,,,,0.0000,1.404025,0.000000
21,167,0,,,,,,0.0000,1.391983,0.000000
21,168,0,,,,,,0.0000,1.389115,0.000000
21,169,0,,,,,,0.0000,1.401705,0.000000
21,170,0,,,,,,0.0000,1.437727,0.000000
21,171,0,,,,,,0.0000,1.376481,0.000000
21,172,0,,,,,,0.0000,1.370369,0.000000
21,173,0,,,,,,0.0000,1.353782,0.000000
21,174,0,,,,,,0.0000,1.401282,0.000000
21,175,0,,,,,,0.0000,1.422708,0.000000
21,176,0,,,,,,0.0000,1.405178,0.000000
21,177,0,,,,,,0.0000,1.395420,0.000000
21,178,0,,,,,,0.0000,1.370769,0.000000
21,179,0,,,,,,0.0000,1.410856,0.000000
21,180,0,,,,,,0.0000,1.438512,0.000000
21,181,0,,,,,,0.0000,1.434495,0.000000
21,182,0,,,,,,0.0000,1.387857,0.000000
21,183,0,,,,,,0.0000,1.378202,0.000000
21,184,0,,,,,,0.0000,1.405413,0.000000
21,185,0,,,,,,0.0000,1.388951,0.000000
21,186,0,,,,,,0.0000,1.374418,0.000000
21,187,0,,,,,,0.0000,1.400811,0.000000
21,188,0,,,,,,0.0000,1.448038,0.000000
21,189,0,,,,,,0.0000,1.412538,0.000000
21,190,0,,,,,,0.0000,1.351909,0.000000
21,191,0,,,,,,0.0000,1.397451,0.000000
21,192,0,,,,,,0.0000,1.394063,0.000000
21,193,0,,,,,,0.0000,1.392438,0.000000
21,194,0,,,,,,0.0000,1.391284,0.000000
21,195,0,,,,,,0.0000,1.420798,0.000000
21,196,0,,,,,,0.0000,1.405469,0.000000
21,197,0,,,,,,0.0000,1.370684,0.000000
21,198,0,,,,,,0.0000,1.401304,0.000000
21,199,0,,,,,,0.0000,1.393733,0.000000
21,200,0,,,,,,0.0000,1.386536,0.000000
21,201,0,,,,,,0.0000,1.393255,0.000000
21,202,0,,,,,,0.0000,1.403889,0.000000
21,203,0,,,,,,0.0000,1.375671,0.000000
21,204,0,,,,,,0.0000,1.392205,0.000000
21,205,0,,,,,,0.0000,1.447776,0.000000
21,206,0,,,,,,0.0000,1.436971,0.000000
21,207,0,,,,,,0.0000,1.377706,0.000000
21,208,0,,,,,,0.0000,1.383535,0.000000
21,209,0,,,,,,0.0000,1.417203,0.000000
21,210,0,,,,,,0.0000,1.421902,0.000000
21,211,0,,,,,,0.0000,1.430217,0.000000
21,212,0,,,,,,0.0000,1.392266,0.000000
21,213,0,,,,,,0.0000,1.361974,0.000000
21,214,0,,,,,,0.0000,1.414499,0.000000
21,215,0,,,,,,0.0000,1.446571,0.000000
21,216,0,,,,,,0.0000,1.390087,0.000000
21,217,0,,,,,,0.0000,1.394075,0.000000
21,218,0,,,,,,0.0000,1.438710,0.000000
21,219,0,,,,,,0.0000,1.452560,0.000000
21,220,0,,,,,,0.0000,1.376143,0.000000
21,221,0,,,,,,0.0000,1.379022,0.000000
21,222,0,,,,,,0.0000,1.422786,0.000000
21,223,0,,,,,,0.0000,1.412944,0.000000
21,224,0,,,,,,0.0000,1.406149,0.000000
21,225,0,,,,,,0.0000,1.385829,0.000000
21,226,0,,,,,,0.0000,1.371960,0.000000
21,227,0,,,,,,0.0000,1.400657,0.000000
21,228,0,,,,,,0.0000,1.381749,0.000000
21,229,0,,,,,,0.0000,1.397777,0.000000
21,230,0,,,,,,0.0000,1.395256,0.000000
21,231,0,,,,,,0.0000,1.377478,0.000000
21,232,0,,,,,,0.0000,1.398590,0.000000
21,233,0,,,,,,0.0000,1.388611,0.000000
21,234,0,,,,,,0.0000,1.383052,0.000000
21,235,0,,,,,,0.0000,1.395097,0.000000
21,236,0,,,,,,0.0000,1.424492,0.000000
21,237,0,,,,,,0.0000,1.409396,0.000000
21,238,0,,,,,,0.0000,1.395612,0.000000
21,239,0,,,,,,0.0000,1.409053,0.000000
21,240,0,,,,,,0.0000,1.377071,0.000000
21,241,0,,,,,,0.0000,1.397373,0.000000
21,242,0,,,,,,0.0000,1.387586,0.000000
21,243,0,,,,,,0.0000,1.404334,0.000000
21,244,1,0.855142,0.001055,0.160655,0.000000,1.000000,1.0000,1.406913,0.213663
21,245,3,0.277192,0.072200,0.307210,0.787662,0.704003,5.0000,1.180243,0.482276
21,246,5,0.223677,0.126593,0.314841,0.144407,0.639949,12.0000,1.055232,0.496426
21,247,6,0.144376,0.048609,0.418033,0.048461,0.542315,7.0000,1.214560,0.695422
21,248,7,0.077044,0.045062,0.473979,0.054954,0.346182,5.0000,1.359038,0.804093
21,249,7,0.077767,0.042675,0.494522,0.088460,0.385440,8.0000,1.287045,0.843997
21,250,0,,,,,,0.0000,1.388881,0.000000
21,251,0,,,,,,0.0000,1.471327,0.000000
21,252,1,0.845439,0.000779,0.139287,0.000000,1.000000,2.0000,1.441686,0.212614
21,253,3,0.264773,0.126607,0.247505,0.183559,0.366278,5.0000,1.130153,0.366641
21,254,9,0.183267,0.161411,0.320432,0.095325,0.442122,8.0000,1.069338,0.508111
21,255,8,0.091497,0.063909,0.475772,0.092008,0.509233,10.0000,1.240036,0.774346
21,256,8,0.091497,0.063909,0.475772,0.092008,0.509233,3.0000,1.363633,0.774346
21,257,8,0.091497,0.063909,0.475772,0.092008,0.509233,6.0000,1.251283,0.774346
21,258,8,0.066811,0.030457,0.511459,0.073843,0.358327,5.0000,1.197224,0.837601
21,259,9,0.063230,0.031856,0.511868,0.071727,0.451719,9.0000,1.277437,0.838413
21,260,2,0.331744,0.020621,0.328252,0.000000,0.100210,3.0000,1.472226,0.438421
21,261,4,0.187017,0.060025,0.398355,0.369890,0.519863,5.0000,1.307633,0.567001
21,262,7,0.112822,0.090851,0.453501,0.205228,0.626774,16.0000,1.076048,0.679279
21,263,8,0.102074,0.092775,0.471510,0.090225,0.481682,12.0000,1.131145,0.715946
21,264,8,0.088705,0.064650,0.481192,0.087551,0.339305,7.0000,1.341361,0.735659
21,265,8,0.088660,0.064562,0.482868,0.090907,0.340357,8.0000,1.324345,0.739071
21,266,9,0.087839,0.070898,0.483333,0.101825,0.445987,8.0000,1.231611,0.740017
21,267,10,0.082818,0.071440,0.487358,0.092810,0.545480,7.0000,1.235749,0.748213
21,268,10,0.082677,0.071415,0.487912,0.092571,0.544567,7.0000,1.255661,0.749341
21,269,11,0.082677,0.077176,0.493796,0.089378,0.555652,7.0000,1.214718,0.761321
21,270,2,0.306974,0.196961,0.235385,0.000000,0.491781,2.0000,1.442742,0.320919
21,271,7,0.134260,0.070774,0.413974,0.212847,0.623561,7.0000,1.300842,0.612789
21,272,11,0.088377,0.079411,0.485457,0.077764,0.444126,11.0000,1.171946,0.728594
21,273,11,0.088377,0.080197,0.490124,0.077361,0.465510,8.0000,1.139002,0.738155
21,274,13,0.084100,0.072104,0.498900,0.070568,0.557648,9.0000,1.288639,0.756138
21,275,11,0.071463,0.044499,0.511191,0.102693,0.540512,3.0000,1.379709,0.781322
21,276,11,0.071627,0.040722,0.523927,0.111151,0.544548,5.0000,1.220399,0.797742
21,277,11,0.069059,0.040029,0.529398,0.105092,0.534841,5.0000,1.194111,0.808952
21,278,11,0.069059,0.040029,0.529398,0.105092,0.534841,2.0000,1.328413,0.808952
21,279,11,0.069059,0.040029,0.529398,0.105092,0.534841,7.0000,1.247280,0.808952
21,280,0,,,,,,0.0000,1.447693,0.000000
21,281,0,,,,,,0.0000,1.522093,0.000000
21,282,1,0.829770,0.003295,0.163336,0.000000,1.000000,2.0000,1.477058,0.201344
21,283,4,0.138026,0.067381,0.459434,0.197058,0.334379,8.0000,1.115831,0.670652
21,284,5,0.123545,0.060297,0.505446,0.132366,0.395157,8.0000,1.102474,0.765897
21,285,6,0.123537,0.087183,0.507336,0.046247,0.406224,5.0000,1.278279,0.765897
21,286,7,0.115357,0.059838,0.530222,0.093410,0.495501,6.0000,1.327703,0.788678
21,287,7,0.115357,0.059838,0.530222,0.093410,0.495501,3.0000,1.269453,0.788678
21,288,9,0.114792,0.064468,0.530601,0.077242,0.619909,9.0000,1.215029,0.789463
21,289,9,0.114721,0.064329,0.530865,0.077369,0.619498,5.0000,1.238502,0.790008
21,290,0,,,,,,0.0000,1.482628,0.000000
21,291,0,,,,,,0.0000,1.571494,0.000000
21,292,1,0.832800,0.017518,0.154304,0.000000,1.000000,1.0000,1.430597,0.170804
21,293,4,0.176184,0.122777,0.325583,0.199666,0.425105,6.0000,1.075488,0.367223
21,294,7,0.148159,0.053497,0.492289,0.126627,0.786088,11.0000,1.038642,0.700108
21,295,10,0.081519,0.061000,0.516673,0.118709,0.640300,12.0000,1.364450,0.743336
21,296,13,0.066204,0.058616,0.541323,0.068497,0.681945,9.0000,1.379020,0.795254
21,297,13,0.066204,0.058616,0.541323,0.068497,0.681945,9.0000,1.193964,0.795254
21,298,15,0.054913,0.045169,0.559493,0.076588,0.678658,9.0000,1.186899,0.833525
21,299,15,0.054913,0.045169,0.559493,0.076588,0.678658,5.0000,1.265820,0.833525
21,300,2,0.343054,0.201112,0.119945,0.000000,0.236293,2.0000,1.521160,0.028841
21,301,3,0.156597,0.041352,0.422731,0.034105,0.162603,9.0000,1.292570,0.573475
21,302,4,0.152909,0.033912,0.463983,0.366624,0.447610,10.0000,1.130245,0.628787
21,303,6,0.103128,0.064339,0.492087,0.213690,0.433849,7.0000,1.192411,0.687648
21,304,6,0.102770,0.064045,0.494539,0.216908,0.433742,11.0000,1.295674,0.692782
21,305,7,0.097765,0.051658,0.512782,0.231611,0.558595,5.0000,1.316289,0.730989
21,306,8,0.084683,0.055329,0.544010,0.095085,0.416187,7.0000,1.267689,0.796393
21,307,9,0.083580,0.061195,0.550499,0.085839,0.445270,9.0000,1.235652,0.809983
21,308,10,0.082523,0.062589,0.555246,0.097684,0.512615,10.0000,1.268181,0.819924
21,309,10,0.075694,0.053057,0.563185,0.088470,0.513438,7.0000,1.297769,0.836551
21,310,3,0.304441,0.045210,0.338034,0.908660,0.784038,4.0000,1.472220,0.367076
21,311,5,0.246973,0.065304,0.380810,0.122164,0.993881,6.0000,1.249519,0.457174
21,312,6,0.150504,0.061940,0.445889,0.231782,0.719619,5.0000,1.162655,0.594245
21,313,6,0.119171,0.063161,0.468954,0.047449,0.539915,8.0000,1.234517,0.642827
21,314,7,0.101379,0.064934,0.507345,0.067333,0.502960,4.0000,1.306343,0.723687
21,315,8,0.100665,0.065077,0.528242,0.068736,0.459778,11.0000,1.222144,0.767703
21,316,8,0.099908,0.064393,0.530326,0.063884,0.459806,11.0000,1.186785,0.772092
21,317,9,0.091266,0.073208,0.532790,0.065916,0.447148,8.0000,1.226091,0.777282
21,318,9,0.091202,0.073146,0.533452,0.066230,0.446614,8.0000,1.307324,0.778675
21,319,9,0.091202,0.073146,0.533452,0.066230,0.446614,1.0000,1.310316,0.778675
21,320,1,0.831912,0.007482,0.192922,0.000000,1.000000,2.0000,1.432768,0.192219
21,321,3,0.320699,0.181346,0.283388,0.011598,0.351592,4.0000,1.295601,0.345433
21,322,5,0.124754,0.088748,0.468538,0.133532,0.386921,7.0000,1.160357,0.675297
21,323,5,0.124754,0.088748,0.468538,0.133532,0.386921,9.0000,1.244337,0.675297
21,324,7,0.081926,0.064150,0.501421,0.149401,0.603497,10.0000,1.267886,0.743365
21,325,9,0.071547,0.066891,0.523260,0.102765,0.594322,7.0000,1.268370,0.774267
21,326,8,0.068886,0.040730,0.543404,0.101752,0.476782,4.0000,1.294992,0.815964
21,327,10,0.061575,0.043664,0.553825,0.100398,0.491792,4.0000,1.233250,0.837537
21,328,10,0.058849,0.040466,0.557503,0.100421,0.459371,8.0000,1.220648,0.845150
21,329,11,0.058748,0.041625,0.558563,0.103271,0.531198,9.0000,1.222642,0.847345
21,330,0,,,,,,0.0000,1.488111,0.000000
21,331,1,0.838238,0.006035,0.153042,0.000000,1.000000,1.0000,1.501701,0.196027
21,332,2,0.314054,0.129585,0.242351,0.000000,0.165220,2.0000,1.239454,0.259327
21,333,5,0.212768,0.097211,0.369486,0.227971,0.785477,12.0000,1.136055,0.488926
21,334,6,0.155544,0.097022,0.404670,0.107681,0.703008,3.0000,1.302616,0.561018
21,335,9,0.123589,0.082442,0.433855,0.074181,0.805483,7.0000,1.388527,0.620817
21,336,11,0.113454,0.085619,0.457349,0.092141,0.719875,6.0000,1.294818,0.668957
21,337,10,0.097005,0.068010,0.497824,0.144543,0.793175,7.0000,1.222913,0.751891
21,338,12,0.078252,0.069437,0.514492,0.096942,0.737023,10.0000,1.199479,0.786043
21,339,13,0.078252,0.070942,0.514547,0.101792,0.791330,10.0000,1.296287,0.786064
21,340,2,0.299739,0.099917,0.281564,0.000000,0.209679,2.0000,1.537062,0.370704
21,341,3,0.288481,0.082611,0.322797,0.739753,0.614395,3.0000,1.292866,0.413164
21,342,5,0.116525,0.039870,0.465079,0.159876,0.293208,7.0000,1.135951,0.702853
21,343,6,0.116466,0.058384,0.513108,0.074723,0.345432,9.0000,1.208319,0.800641
21,344,7,0.110521,0.055584,0.516800,0.046638,0.444698,4.0000,1.323408,0.808158
21,345,7,0.110521,0.055584,0.516800,0.046638,0.444698,9.0000,1.320872,0.808158
21,346,9,0.107523,0.055681,0.520757,0.043115,0.578718,8.0000,1.236139,0.816214
21,347,9,0.062007,0.042877,0.535834,0.063456,0.524346,4.0000,1.157528,0.846911
21,348,10,0.061985,0.042434,0.540149,0.068508,0.521038,5.0000,1.242458,0.855697
21,349,10,0.061929,0.041864,0.540973,0.070241,0.522783,11.0000,1.249662,0.857374
21,350,3,0.341155,0.058281,0.308345,0.014282,0.524919,4.0000,1.473646,0.463859
21,351,4,0.173522,0.063809,0.444095,0.133331,0.456596,6.0000,1.292982,0.716761
21,352,6,0.158575,0.084804,0.453116,0.118538,0.659851,8.0000,1.072516,0.730860
21,353,8,0.100508,0.057017,0.497891,0.145600,0.482219,11.0000,1.159095,0.811012
21,354,9,0.097861,0.055916,0.499087,0.132248,0.568265,7.0000,1.308386,0.813391
21,355,11,0.097346,0.053289,0.500458,0.135917,0.709421,6.0000,1.363668,0.816117
21,356,13,0.094562,0.058882,0.502468,0.089889,0.813114,7.0000,1.217089,0.820113
21,357,14,0.081972,0.057722,0.506435,0.092315,0.715838,7.0000,1.193469,0.827998
21,358,14,0.082045,0.057231,0.508389,0.091505,0.717110,8.0000,1.187920,0.831883
21,359,14,0.082045,0.057231,0.508389,0.091505,0.717110,9.0000,1.250611,0.831883
21,360,2,0.299727,0.125936,0.204184,0.000000,0.256700,2.0000,1.475176,0.292045
21,361,2,0.299727,0.125936,0.204184,0.000000,0.256700,0.0000,1.383391,0.292045
21,362,4,0.187799,0.106814,0.278389,0.316481,0.365625,6.0000,1.153823,0.431226
21,363,6,0.180550,0.074832,0.400415,0.092543,0.745573,7.0000,1.197947,0.668254
21,364,7,0.128746,0.101464,0.405193,0.165298,0.589426,6.0000,1.358342,0.677534
21,365,7,0.099782,0.073056,0.430549,0.156647,0.557318,5.0000,1.333121,0.726786
21,366,7,0.086459,0.033605,0.449492,0.152923,0.701869,4.0000,1.219480,0.763582
21,367,7,0.086459,0.033605,0.449492,0.152923,0.701869,3.0000,1.218121,0.763582
21,368,7,0.085782,0.028154,0.460762,0.148899,0.646393,6.0000,1.300179,0.779385
21,369,7,0.085782,0.028154,0.460762,0.148899,0.646393,6.0000,1.302406,0.779385
21,370,0,,,,,,0.0000,1.448355,0.000000
21,371,1,0.835276,0.108370,0.026794,0.000000,1.000000,1.0000,1.497327,0.056061
21,372,5,0.167199,0.103924,0.364581,0.318427,0.649280,10.0000,1.149176,0.648821
21,373,8,0.160090,0.096032,0.381671,0.069923,0.750645,8.0000,1.082827,0.677104
21,374,10,0.098680,0.092962,0.418329,0.119793,0.564485,8.0000,1.207933,0.746501
21,375,9,0.074470,0.067463,0.456679,0.128430,0.684203,7.0000,1.357736,0.820396
21,376,9,0.074086,0.067194,0.457688,0.127178,0.688569,8.0000,1.211696,0.822340
21,377,10,0.078542,0.061477,0.461001,0.131453,0.793213,7.0000,1.151517,0.828724
21,378,11,0.066855,0.059005,0.466187,0.101358,0.762724,11.0000,1.239672,0.838717
21,379,11,0.065903,0.057171,0.468780,0.101456,0.747189,8.0000,1.271762,0.843713
21,380,1,0.826450,0.064356,0.087105,0.000000,1.000000,1.0000,1.485703,0.131132
21,381,2,0.310715,0.056956,0.241714,0.000000,0.198664,3.0000,1.323942,0.454209
21,382,3,0.242272,0.121568,0.245650,0.266376,0.321108,3.0000,1.167924,0.461786
21,383,4,0.132430,0.044752,0.360889,0.051734,0.261947,5.0000,1.204618,0.683247
21,384,6,0.123902,0.065291,0.366067,0.192274,0.534568,4.0000,1.320496,0.695737
21,385,7,0.123902,0.080211,0.366689,0.146181,0.543280,5.0000,1.288080,0.696933
21,386,9,0.116832,0.070935,0.392303,0.080202,0.499420,10.0000,1.184368,0.746243
21,387,9,0.078603,0.060958,0.417720,0.128961,0.512135,5.0000,1.214777,0.795168
21,388,9,0.076346,0.055828,0.418032,0.127809,0.495189,6.0000,1.275150,0.795769
21,389,9,0.055855,0.032355,0.435717,0.128093,0.558419,3.0000,1.266009,0.830801
21,390,2,0.576135,0.222173,0.056571,0.000000,0.719927,2.0000,1.448039,0.147875
21,391,5,0.213138,0.175497,0.187633,0.145738,0.544241,3.0000,1.307312,0.385847
21,392,5,0.164216,0.159635,0.307506,0.156199,0.391014,7.0000,1.164345,0.616510
21,393,6,0.114225,0.108324,0.366111,0.171362,0.499943,7.0000,1.222158,0.736474
21,394,6,0.143424,0.080381,0.384500,0.189346,0.578698,2.0000,1.263582,0.772707
21,395,7,0.142652,0.075196,0.390444,0.143242,0.701151,7.0000,1.292852,0.784418
21,396,7,0.142652,0.075196,0.390444,0.143242,0.701151,6.0000,1.271199,0.784418
21,397,9,0.141434,0.073207,0.395519,0.136729,0.800188,6.0000,1.242821,0.794417
21,398,11,0.140228,0.070971,0.402737,0.136023,0.882122,7.0000,1.238574,0.807366
21,399,11,0.140228,0.070971,0.402737,0.136023,0.882122,3.0000,1.270574,0.807366
21,400,1,0.712040,0.023759,0.171006,0.000000,1.000000,2.0000,1.478473,0.346582
21,401,1,0.712040,0.023759,0.171006,0.000000,1.000000,0.0000,1.379851,0.346582
21,402,5,0.245229,0.111277,0.256587,0.223026,0.834904,6.0000,1.191906,0.548718
21,403,7,0.182341,0.100985,0.276169,0.158150,0.749745,7.0000,1.173744,0.608793
21,404,8,0.170746,0.061570,0.308388,0.030375,0.906075,6.0000,1.191968,0.671934
21,405,9,0.096542,0.059718,0.333830,0.105444,0.749731,4.0000,1.249941,0.721858
21,406,9,0.096542,0.059718,0.333830,0.105444,0.749731,3.0000,1.249036,0.721858
21,407,9,0.094347,0.058603,0.345845,0.113907,0.745649,3.0000,1.272333,0.745433
21,408,9,0.094347,0.058603,0.345845,0.113907,0.745649,3.0000,1.230150,0.745433
21,409,10,0.093574,0.064700,0.351118,0.109209,0.753856,4.0000,1.261987,0.755780
21,410,0,,,,,,0.0000,1.473374,0.000000
21,411,0,,,,,,0.0000,1.525977,0.000000
21,412,0,,,,,,0.0000,1.459579,0.000000
21,413,0,,,,,,0.0000,1.341801,0.000000
21,414,0,,,,,,0.0000,1.381391,0.000000
21,415,0,,,,,,0.0000,1.455757,0.000000
21,416,0,,,,,,0.0000,1.442100,0.000000
21,417,0,,,,,,0.0000,1.404892,0.000000
21,418,0,,,,,,0.0000,1.370300,0.000000
21,419,0,,,,,,0.0000,1.392240,0.000000
21,420,0,,,,,,0.0000,1.418824,0.000000
21,421,0,,,,,,0.0000,1.400946,0.000000
21,422,0,,,,,,0.0000,1.371075,0.000000
21,423,0,,,,,,0.0000,1.390089,0.000000
21,424,0,,,,,,0.0000,1.435326,0.000000
21,425,0,,,,,,0.0000,1.399590,0.000000
21,426,0,,,,,,0.0000,1.379905,0.000000
21,427,0,,,,,,0.0000,1.373575,0.000000
21,428,0,,,,,,0.0000,1.403713,0.000000
21,429,0,,,,,,0.0000,1.422701,0.000000
21,430,0,,,,,,0.0000,1.404326,0.000000
21,431,0,,,,,,0.0000,1.342370,0.000000
21,432,0,,,,,,0.0000,1.347320,0.000000
21,433,0,,,,,,0.0000,1.409255,0.000000
21,434,0,,,,,,0.0000,1.439873,0.000000
21,435,0,,,,,,0.0000,1.368204,0.000000
21,436,0,,,,,,0.0000,1.354598,0.000000
21,437,0,,,,,,0.0000,1.427953,0.000000
21,438,0,,,,,,0.0000,1.448296,0.000000
21,439,0,,,,,,0.0000,1.377071,0.000000
21,440,0,,,,,,0.0000,1.367386,0.000000
21,441,0,,,,,,0.0000,1.395731,0.000000
21,442,0,,,,,,0.0000,1.424898,0.000000
21,443,0,,,,,,0.0000,1.386275,0.000000
21,444,0,,,,,,0.0000,1.369139,0.000000
21,445,0,,,,,,0.0000,1.389992,0.000000
21,446,0,,,,,,0.0000,1.411414,0.000000
21,447,0,,,,,,0.0000,1.386514,0.000000
21,448,0,,,,,,0.0000,1.399699,0.000000
21,449,0,,,,,,0.0000,1.367950,0.000000
21,450,0,,,,,,0.0000,1.402527,0.000000
21,451,0,,,,,,0.0000,1.416904,0.000000
21,452,0,,,,,,0.0000,1.403407,0.000000
21,453,0,,,,,,0.0000,1.394506,0.000000
21,454,0,,,,,,0.0000,1.408812,0.000000
21,455,0,,,,,,0.0000,1.403293,0.000000
21,456,0,,,,,,0.0000,1.406684,0.000000
21,457,0,,,,,,0.0000,1.414256,0.000000
21,458,0,,,,,,0.0000,1.435518,0.000000
21,459,0,,,,,,0.0000,1.367831,0.000000
21,460,0,,,,,,0.0000,1.375089,0.000000
21,461,0,,,,,,0.0000,1.405157,0.000000
21,462,0,,,,,,0.0000,1.412554,0.000000
21,463,0,,,,,,0.0000,1.394143,0.000000
21,464,0,,,,,,0.0000,1.397578,0.000000
21,465,0,,,,,,0.0000,1.412550,0.000000
21,466,0,,,,,,0.0000,1.361924,0.000000
21,467,0,,,,,,0.0000,1.425578,0.000000
21,468,0,,,,,,0.0000,1.419008,0.000000
21,469,0,,,,,,0.0000,1.430858,0.000000
21,470,0,,,,,,0.0000,1.405941,0.000000
21,471,0,,,,,,0.0000,1.405428,0.000000
21,472,0,,,,,,0.0000,1.424139,0.000000
21,473,0,,,,,,0.0000,1.429296,0.000000
21,474,0,,,,,,0.0000,1.387459,0.000000
21,475,0,,,,,,0.0000,1.390457,0.000000
21,476,0,,,,,,0.0000,1.421243,0.000000
21,477,0,,,,,,0.0000,1.427982,0.000000
21,478,0,,,,,,0.0000,1.415612,0.000000
21,479,0,,,,,,0.0000,1.390862,0.000000
21,480,0,,,,,,0.0000,1.423287,0.000000
21,481,0,,,,,,0.0000,1.450833,0.000000
21,482,0,,,,,,0.0000,1.415354,0.000000
21,483,0,,,,,,0.0000,1.375829,0.000000
21,484,0,,,,,,0.0000,1.373646,0.000000
21,485,0,,,,,,0.0000,1.442798,0.000000
21,486,0,,,,,,0.0000,1.402228,0.000000
21,487,0,,,,,,0.0000,1.368942,0.000000
21,488,0,,,,,,0.0000,1.416450,0.000000
21,489,0,,,,,,0.0000,1.411253,0.000000
21,490,0,,,,,,0.0000,1.388729,0.000000
21,491,0,,,,,,0.0000,1.398568,0.000000
21,492,0,,,,,,0.0000,1.439722,0.000000
21,493,0,,,,,,0.0000,1.422438,0.000000
21,494,0,,,,,,0.0000,1.397009,0.000000
21,495,0,,,,,,0.0000,1.343983,0.000000
21,496,0,,,,,,0.0000,1.396573,0.000000
21,497,0,,,,,,0.0000,1.415176,0.000000
21,498,0,,,,,,0.0000,1.407850,0.000000
21,499,0,,,,,,0.0000,1.394881,0.000000
21,500,0,,,,,,0.0000,1.384515,0.000000
21,501,0,,,,,,0.0000,1.404066,0.000000
21,502,0,,,,,,0.0000,1.423300,0.000000
21,503,0,,,,,,0.0000,1.443323,0.000000
21,504,0,,,,,,0.0000,1.388941,0.000000
21,505,0,,,,,,0.0000,1.367013,0.000000
21,506,0,,,,,,0.0000,1.389403,0.000000
21,507,0,,,,,,0.0000,1.413211,0.000000
21,508,0,,,,,,0.0000,1.372112,0.000000
21,509,0,,,,,,0.0000,1.377767,0.000000
21,510,0,,,,,,0.0000,1.380339,0.000000
21,511,0,,,,,,0.0000,1.406950,0.000000
21,512,0,,,,,,0.0000,1.397239,0.000000
21,513,0,,,,,,0.0000,1.373092,0.000000
21,514,0,,,,,,0.0000,1.402317,0.000000
21,515,0,,,,,,0.0000,1.396858,0.000000
21,516,0,,,,,,0.0000,1.366505,0.000000
21,517,0,,,,,,0.0000,1.375363,0.000000
21,518,0,,,,,,0.0000,1.445073,0.000000
21,519,0,,,,,,0.0000,1.436431,0.000000
21,520,0,,,,,,0.0000,1.395388,0.000000
21,521,0,,,,,,0.0000,1.351777,0.000000
21,522,0,,,,,,0.0000,1.393350,0.000000
21,523,0,,,,,,0.0000,1.404890,0.000000
21,524,0,,,,,,0.0000,1.422559,0.000000
21,525,0,,,,,,0.0000,1.408571,0.000000
21,526,0,,,,,,0.0000,1.374851,0.000000
21,527,0,,,,,,0.0000,1.400014,0.000000
21,528,0,,,,,,0.0000,1.409605,0.000000
21,529,0,,,,,,0.0000,1.356360,0.000000
21,530,0,,,,,,0.0000,1.365660,0.000000
21,531,0,,,,,,0.0000,1.388425,0.000000
21,532,0,,,,,,0.0000,1.414798,0.000000
21,533,0,,,,,,0.0000,1.403660,0.000000
21,534,0,,,,,,0.0000,1.371607,0.000000
21,535,0,,,,,,0.0000,1.402198,0.000000
21,536,0,,,,,,0.0000,1.373802,0.000000
21,537,0,,,,,,0.0000,1.373392,0.000000
21,538,0,,,,,,0.0000,1.398794,0.000000
21,539,0,,,,,,0.0000,1.386176,0.000000
21,540,0,,,,,,0.0000,1.372942,0.000000
21,541,0,,,,,,0.0000,1.381235,0.000000
21,542,0,,,,,,0.0000,1.388112,0.000000
21,543,0,,,,,,0.0000,1.386605,0.000000
21,544,0,,,,,,0.0000,1.376815,0.000000
21,545,0,,,,,,0.0000,1.361649,0.000000
21,546,0,,,,,,0.0000,1.391490,0.000000
21,547,0,,,,,,0.0000,1.424196,0.000000
21,548,0,,,,,,0.0000,1.402290,0.000000
21,549,0,,,,,,0.0000,1.377201,0.000000
21,550,0,,,,,,0.0000,1.384849,0.000000
21,551,0,,,,,,0.0000,1.401881,0.000000
21,552,0,,,,,,0.0000,1.412340,0.000000
21,553,0,,,,,,0.0000,1.405046,0.000000
21,554,0,,,,,,0.0000,1.360835,0.000000
21,555,0,,,,,,0.0000,1.380553,0.000000
21,556,0,,,,,,0.0000,1.434046,0.000000
21,557,0,,,,,,0.0000,1.454468,0.000000
21,558,0,,,,,,0.0000,1.369095,0.000000
21,559,0,,,,,,0.0000,1.434876,0.000000
21,560,0,,,,,,0.0000,1.409437,0.000000
21,561,0,,,,,,0.0000,1.397683,0.000000
21,562,0,,,,,,0.0000,1.387043,0.000000
21,563,0,,,,,,0.0000,1.427429,0.000000
21,564,0,,,,,,0.0000,1.374192,0.000000
21,565,0,,,,,,0.0000,1.387117,0.000000
21,566,0,,,,,,0.0000,1.382526,0.000000
21,567,0,,,,,,0.0000,1.407536,0.000000
21,568,0,,,,,,0.0000,1.399663,0.000000
21,569,0,,,,,,0.0000,1.391099,0.000000
21,570,0,,,,,,0.0000,1.385168,0.000000
21,571,0,,,,,,0.0000,1.397664,0.000000
21,572,0,,,,,,0.0000,1.408588,0.000000
21,573,0,,,,,,0.0000,1.432443,0.000000
21,574,0,,,,,,0.0000,1.415712,0.000000
21,575,0,,,,,,0.0000,1.409590,0.000000
21,576,0,,,,,,0.0000,1.382938,0.000000
21,577,0,,,,,,0.0000,1.383943,0.000000
21,578,0,,,,,,0.0000,1.369932,0.000000
21,579,0,,,,,,0.0000,1.409191,0.000000
21,580,0,,,,,,0.0000,1.387789,0.000000
21,581,0,,,,,,0.0000,1.371666,0.000000
21,582,0,,,,,,0.0000,1.382383,0.000000
21,583,0,,,,,,0.0000,1.438397,0.000000
21,584,0,,,,,,0.0000,1.421857,0.000000
21,585,0,,,,,,0.0000,1.360876,0.000000
21,586,0,,,,,,0.0000,1.370871,0.000000
21,587,0,,,,,,0.0000,1.419052,0.000000
21,588,0,,,,,,0.0000,1.429367,0.000000
21,589,0,,,,,,0.0000,1.398580,0.000000
21,590,0,,,,,,0.0000,1.414780,0.000000
21,591,0,,,,,,0.0000,1.398626,0.000000
21,592,0,,,,,,0.0000,1.391672,0.000000
21,593,0,,,,,,0.0000,1.396419,0.000000
21,594,0,,,,,,0.0000,1.405196,0.000000
21,595,0,,,,,,0.0000,1.379006,0.000000
21,596,0,,,,,,0.0000,1.394731,0.000000
21,597,0,,,,,,0.0000,1.424078,0.000000
21,598,0,,,,,,0.0000,1.389013,0.000000
21,599,0,,,,,,0.0000,1.374563,0.000000
21,600,0,,,,,,0.0000,1.408933,0.000000
21,601,0,,,,,,0.0000,1.420875,0.000000
21,602,0,,,,,,0.0000,1.411074,0.000000
21,603,0,,,,,,0.0000,1.361028,0.000000
21,604,0,,,,,,0.0000,1.359523,0.000000
21,605,0,,,,,,0.0000,1.406316,0.000000
21,606,0,,,,,,0.0000,1.428301,0.000000
21,607,0,,,,,,0.0000,1.408246,0.000000
21,608,0,,,,,,0.0000,1.363445,0.000000
21,609,0,,,,,,0.0000,1.401980,0.000000
21,610,0,,,,,,0.0000,1.421783,0.000000
21,611,0,,,,,,0.0000,1.422362,0.000000
21,612,0,,,,,,0.0000,1.410249,0.000000
21,613,0,,,,,,0.0000,1.431238,0.000000
21,614,0,,,,,,0.0000,1.418731,0.000000
21,615,0,,,,,,0.0000,1.416449,0.000000
21,616,0,,,,,,0.0000,1.441206,0.000000
21,617,0,,,,,,0.0000,1.402603,0.000000
21,618,0,,,,,,0.0000,1.369919,0.000000
21,619,0,,,,,,0.0000,1.419189,0.000000
21,620,0,,,,,,0.0000,1.438359,0.000000
21,621,0,,,,,,0.0000,1.382512,0.000000
21,622,0,,,,,,0.0000,1.361356,0.000000
21,623,0,,,,,,0.0000,1.405598,0.000000
21,624,0,,,,,,0.0000,1.435154,0.000000
21,625,0,,,,,,0.0000,1.381391,0.000000
21,626,0,,,,,,0.0000,1.372141,0.000000
21,627,0,,,,,,0.0000,1.366574,0.000000
21,628,0,,,,,,0.0000,1.389386,0.000000
21,629,0,,,,,,0.0000,1.438491,0.000000
21,630,0,,,,,,0.0000,1.412315,0.000000
21,631,0,,,,,,0.0000,1.349064,0.000000
21,632,0,,,,,,0.0000,1.364648,0.000000
21,633,0,,,,,,0.0000,1.419789,0.000000
21,634,0,,,,,,0.0000,1.428335,0.000000
21,635,0,,,,,,0.0000,1.367393,0.000000
21,636,0,,,,,,0.0000,1.328799,0.000000
21,637,0,,,,,,0.0000,1.420053,0.000000
21,638,0,,,,,,0.0000,1.452964,0.000000
21,639,0,,,,,,0.0000,1.398130,0.000000
21,640,0,,,,,,0.0000,1.344290,0.000000
21,641,0,,,,,,0.0000,1.355219,0.000000
21,642,0,,,,,,0.0000,1.409276,0.000000
21,643,0,,,,,,0.0000,1.432502,0.000000
21,644,0,,,,,,0.0000,1.394316,0.000000
21,645,0,,,,,,0.0000,1.351667,0.000000
21,646,0,,,,,,0.0000,1.344685,0.000000
21,647,1,0.854503,0.002337,0.162069,0.000000,1.000000,1.0000,1.405178,0.216388
21,648,2,0.315366,0.038763,0.309209,0.000000,0.142959,5.0000,1.136664,0.487472
21,649,5,0.142859,0.104907,0.380127,0.276832,0.493735,15.0000,1.073236,0.625040
21,650,2,0.343097,0.151151,0.175233,0.000000,0.194981,3.0000,1.411221,0.221432
21,651,5,0.123510,0.053800,0.404013,0.334963,0.668047,10.0000,1.303937,0.630495
21,652,5,0.117308,0.053847,0.419428,0.314202,0.612468,8.0000,1.190772,0.661139
21,653,7,0.108959,0.068383,0.438637,0.133961,0.569212,10.0000,1.179842,0.696708
21,654,8,0.104634,0.064749,0.447233,0.099692,0.604906,6.0000,1.231409,0.713798
21,655,9,0.087897,0.064087,0.450869,0.049970,0.508460,7.0000,1.258489,0.721025
21,656,10,0.086707,0.060864,0.452145,0.061278,0.567589,3.0000,1.232132,0.723562
21,657,11,0.082800,0.060316,0.452386,0.061269,0.559960,7.0000,1.176480,0.724041
21,658,12,0.077562,0.058454,0.487432,0.058618,0.522816,8.0000,1.195410,0.793713
21,659,13,0.055917,0.046896,0.515963,0.061183,0.462924,11.0000,1.234597,0.850434
21,660,2,0.398863,0.265312,0.090558,0.000000,0.534661,2.0000,1.508922,0.069339
21,661,7,0.109549,0.078475,0.413620,0.176118,0.626865,10.0000,1.287801,0.607651
21,662,9,0.096423,0.076675,0.451157,0.130391,0.573582,6.0000,1.116136,0.684077
21,663,11,0.084474,0.067876,0.494902,0.092627,0.508360,10.0000,1.179478,0.763573
21,664,11,0.081309,0.056682,0.505493,0.098707,0.531615,6.0000,1.270255,0.785137
21,665,12,0.074931,0.048037,0.517018,0.075425,0.515913,7.0000,1.313460,0.808601
21,666,12,0.074931,0.048037,0.517018,0.075425,0.515913,5.0000,1.321672,0.808601
21,667,13,0.072677,0.046653,0.518153,0.063974,0.556011,6.0000,1.241330,0.810912
21,668,14,0.068114,0.055245,0.532264,0.052313,0.538722,11.0000,1.200221,0.839642
21,669,14,0.050713,0.044761,0.550367,0.050907,0.482090,15.0000,1.245593,0.876500
21,670,1,0.669845,0.075041,0.227050,0.000000,1.000000,1.0000,1.505865,0.304538
21,671,4,0.189374,0.085670,0.387483,0.041918,0.708853,3.0000,1.326327,0.536070
21,672,8,0.100302,0.077239,0.488916,0.112249,0.424451,11.0000,1.098313,0.734758
21,673,8,0.100302,0.077239,0.488916,0.112249,0.424451,7.0000,1.169031,0.734758
21,674,8,0.100302,0.077239,0.488916,0.112249,0.424451,3.0000,1.380586,0.734758
21,675,8,0.099928,0.077023,0.489759,0.111223,0.422203,7.0000,1.355367,0.736487
21,676,9,0.098254,0.078273,0.491696,0.099030,0.478343,8.0000,1.186537,0.740454
21,677,9,0.096603,0.077638,0.496029,0.091407,0.468815,5.0000,1.194409,0.749333
21,678,9,0.096017,0.077228,0.496709,0.090185,0.468975,2.0000,1.276343,0.750727
21,679,9,0.096017,0.077228,0.496709,0.090185,0.468975,6.0000,1.309559,0.750727
21,680,3,0.236447,0.035824,0.438693,0.654305,0.701102,4.0000,1.474902,0.615104
21,681,3,0.235973,0.030674,0.442156,0.666402,0.711953,6.0000,1.187749,0.622273
21,682,6,0.094159,0.046290,0.532980,0.082528,0.320674,6.0000,1.120154,0.794387
21,683,6,0.094159,0.046290,0.532980,0.082528,0.320674,6.0000,1.223035,0.794387
21,684,6,0.094159,0.046290,0.532980,0.082528,0.320674,4.0000,1.308728,0.794387
21,685,6,0.092924,0.045069,0.538794,0.092678,0.323377,8.0000,1.221089,0.806422
21,686,6,0.092924,0.045069,0.538794,0.092678,0.323377,9.0000,1.206654,0.806422
21,687,8,0.090119,0.044300,0.546805,0.094334,0.542002,7.0000,1.205892,0.823006
21,688,9,0.088621,0.070114,0.547643,0.072847,0.571780,4.0000,1.318864,0.824739
21,689,9,0.088621,0.070114,0.547643,0.072847,0.571780,6.0000,1.319911,0.824739
21,690,2,0.820476,0.033713,0.164109,0.000000,0.972845,3.0000,1.438717,0.189684
21,691,6,0.139814,0.072656,0.450793,0.118859,0.551689,7.0000,1.184263,0.604574
21,692,7,0.126879,0.069031,0.494892,0.122150,0.458239,9.0000,1.098034,0.697460
21,693,9,0.123663,0.076892,0.506069,0.095501,0.479474,5.0000,1.272716,0.721000
21,694,10,0.100146,0.085690,0.534285,0.117147,0.628938,9.0000,1.329442,0.780431
21,695,11,0.098548,0.084155,0.535417,0.101916,0.661515,3.0000,1.214917,0.782814
21,696,12,0.097713,0.082087,0.535821,0.104012,0.732305,3.0000,1.156176,0.783665
21,697,12,0.097713,0.082087,0.535821,0.104012,0.732305,13.0000,1.256187,0.783665
21,698,12,0.097713,0.082087,0.535821,0.104012,0.732305,8.0000,1.313130,0.783665
21,699,9,0.084511,0.044120,0.563605,0.120643,0.566967,7.0000,1.270085,0.842184
21,700,0,,,,,,0.0000,1.426817,0.000000
21,701,1,0.832119,0.017289,0.189048,0.000000,1.000000,2.0000,1.501811,0.170343
21,702,4,0.186442,0.155065,0.408278,0.132995,0.370007,7.0000,1.194104,0.540667
21,703,5,0.167409,0.122242,0.449735,0.296562,0.450155,7.0000,1.124633,0.600300
21,704,7,0.101171,0.036500,0.495167,0.101862,0.743301,9.0000,1.188472,0.695450
21,705,9,0.093362,0.044410,0.498006,0.114451,0.736987,8.0000,1.300950,0.701072
21,706,11,0.086236,0.045451,0.519305,0.042826,0.866880,9.0000,1.327383,0.745680
21,707,13,0.081324,0.066938,0.522654,0.060363,0.688316,10.0000,1.205632,0.752695
21,708,14,0.081324,0.064924,0.523702,0.063676,0.737629,3.0000,1.245251,0.753860
21,709,14,0.080203,0.064351,0.526750,0.063906,0.730172,5.0000,1.281990,0.760243
21,710,3,0.293053,0.031249,0.365649,0.867480,0.789865,4.0000,1.484324,0.430022
21,711,6,0.117201,0.046926,0.488096,0.144957,0.504216,5.0000,1.318449,0.683145
21,712,6,0.117201,0.046926,0.488096,0.144957,0.504216,6.0000,1.139541,0.683145
21,713,8,0.097286,0.058570,0.507770,0.088203,0.458428,10.0000,1.122650,0.724582
21,714,10,0.095349,0.071502,0.519652,0.067620,0.348871,14.0000,1.223172,0.749610
21,715,10,0.095278,0.071433,0.519893,0.067499,0.348550,10.0000,1.262629,0.750117
21,716,13,0.069888,0.065245,0.534765,0.062425,0.347563,9.0000,1.244137,0.781442
21,717,13,0.067712,0.067408,0.539590,0.059181,0.343525,9.0000,1.248786,0.791604
21,718,15,0.063923,0.058083,0.551564,0.063085,0.451191,8.0000,1.274598,0.816824
21,719,15,0.063923,0.058083,0.551564,0.063085,0.451191,15.0000,1.236518,0.816824
21,720,2,0.524034,0.283769,0.210081,0.000000,0.444872,5.0000,1.380479,0.214327
21,721,3,0.206759,0.122527,0.315536,0.186859,0.216459,6.0000,1.291202,0.362919
21,722,6,0.119880,0.081865,0.462968,0.203878,0.402303,11.0000,1.179099,0.649460
21,723,6,0.095278,0.043899,0.515306,0.205163,0.386277,8.0000,1.278368,0.757801
21,724,6,0.095278,0.043899,0.515306,0.205163,0.386277,5.0000,1.289511,0.757801
21,725,6,0.095278,0.043899,0.515306,0.205163,0.386277,7.0000,1.221395,0.757801
21,726,7,0.084330,0.049236,0.517655,0.191586,0.413490,4.0000,1.207072,0.762664
21,727,7,0.084330,0.049236,0.517655,0.191586,0.413490,4.0000,1.265653,0.762664
21,728,7,0.090757,0.027145,0.550607,0.240453,0.615098,5.0000,1.288704,0.830876
21,729,7,0.089943,0.024632,0.561622,0.240917,0.611527,5.0000,1.299094,0.853677
21,730,1,0.836205,0.002041,0.191979,0.000000,1.000000,1.0000,1.414931,0.204699
21,731,3,0.170114,0.020904,0.402821,0.096191,0.076679,6.0000,1.262215,0.549597
21,732,4,0.165031,0.060665,0.416089,0.311207,0.394447,11.0000,1.175834,0.576782
21,733,6,0.114254,0.065308,0.461310,0.240788,0.487209,11.0000,1.247607,0.669440
21,734,8,0.113695,0.078517,0.493325,0.072119,0.449630,7.0000,1.299840,0.735040
21,735,8,0.113695,0.078517,0.493325,0.072119,0.449630,4.0000,1.336495,0.735040
21,736,9,0.109031,0.065134,0.527594,0.095681,0.502192,6.0000,1.224909,0.805256
21,737,12,0.093257,0.064126,0.531854,0.073631,0.551258,11.0000,1.218171,0.813984
21,738,12,0.093257,0.064126,0.531854,0.073631,0.551258,11.0000,1.217571,0.813984
21,739,12,0.093209,0.064110,0.532582,0.073361,0.550881,9.0000,1.291038,0.815476
21,740,2,0.377686,0.019868,0.281719,0.000000,0.025394,2.0000,1.501940,0.329527
21,741,2,0.377686,0.019868,0.281719,0.000000,0.025394,1.0000,1.306958,0.329527
21,742,7,0.128943,0.062273,0.451038,0.183375,0.603087,11.0000,1.130390,0.674264
21,743,11,0.081926,0.052432,0.539548,0.111364,0.692599,11.0000,1.194043,0.854472
21,744,13,0.078858,0.059960,0.542143,0.094208,0.781040,6.0000,1.302860,0.859757
21,745,15,0.067606,0.061027,0.543766,0.069386,0.637872,8.0000,1.312480,0.863061
21,746,14,0.068227,0.062704,0.544275,0.074400,0.569163,6.0000,1.250543,0.864097
21,747,16,0.068066,0.058946,0.546339,0.073847,0.716013,9.0000,1.151301,0.868299
21,748,17,0.068066,0.064259,0.546454,0.071603,0.736362,8.0000,1.236115,0.868534
21,749,16,0.060371,0.038753,0.556280,0.075844,0.702758,11.0000,1.280131,0.888539
21,750,1,0.848360,0.005040,0.167825,0.000000,1.000000,1.0000,1.470313,0.200117
21,751,3,0.305366,0.027035,0.349309,0.815560,0.703362,4.0000,1.304952,0.515243
21,752,5,0.187788,0.051208,0.382149,0.207887,0.671738,4.0000,1.176426,0.580531
21,753,6,0.173373,0.053205,0.405078,0.193524,0.737488,6.0000,1.254495,0.626113
21,754,7,0.173107,0.049280,0.406523,0.200863,0.867170,5.0000,1.361729,0.628987
21,755,8,0.148907,0.039227,0.438169,0.176554,0.935459,5.0000,1.299815,0.691899
21,756,8,0.161988,0.030146,0.460593,0.140004,0.919829,4.0000,1.181050,0.736479
21,757,9,0.084308,0.031455,0.500309,0.181380,0.750455,6.0000,1.179628,0.815435
21,758,10,0.083448,0.043936,0.504996,0.151773,0.717482,9.0000,1.282681,0.824752
21,759,10,0.083448,0.043936,0.504996,0.151773,0.717482,5.0000,1.333511,0.824752
21,760,2,0.404401,0.147802,0.189617,0.000000,0.444957,2.0000,1.457395,0.267891
21,761,5,0.156757,0.140689,0.280352,0.230024,0.419486,4.0000,1.283025,0.434016
21,762,7,0.146497,0.126046,0.358823,0.088955,0.407448,8.0000,1.131894,0.583861
21,763,9,0.124536,0.075480,0.379213,0.135924,0.702485,7.0000,1.228300,0.622235
21,764,11,0.075125,0.064803,0.445513,0.094795,0.516161,8.0000,1.253430,0.751018
21,765,11,0.075125,0.064803,0.445513,0.094795,0.516161,7.0000,1.278890,0.751018
21,766,12,0.070496,0.059572,0.458889,0.098079,0.516497,7.0000,1.234561,0.775247
21,767,12,0.066467,0.050072,0.471001,0.107058,0.567749,2.0000,1.197718,0.798773
21,768,13,0.068365,0.050348,0.482623,0.098707,0.619873,8.0000,1.129754,0.821350
21,769,14,0.064921,0.048872,0.487041,0.076926,0.653734,9.0000,1.206816,0.829930
21,770,1,0.609040,0.191385,0.094402,0.000000,1.000000,1.0000,1.468021,0.152393
21,771,4,0.219454,0.168742,0.236843,0.088324,0.433814,6.0000,1.312212,0.423763
21,772,6,0.169241,0.145767,0.316767,0.126563,0.503806,5.0000,1.148637,0.567770
21,773,7,0.128443,0.108400,0.393845,0.092117,0.480990,8.0000,1.173557,0.712400
21,774,7,0.128443,0.108400,0.393845,0.092117,0.480990,2.0000,1.320391,0.712400
21,775,7,0.127935,0.106863,0.399708,0.087073,0.477632,3.0000,1.310127,0.723697
21,776,7,0.106722,0.095971,0.416812,0.085774,0.481703,3.0000,1.250718,0.754262
21,777,8,0.078003,0.059338,0.457407,0.103151,0.525418,4.0000,1.180186,0.821629
21,778,8,0.078003,0.059338,0.457407,0.103151,0.525418,5.0000,1.258274,0.821629
21,779,11,0.062316,0.054248,0.463305,0.051035,0.438292,4.0000,1.319487,0.830942
21,780,0,,,,,,0.0000,1.507629,0.000000
21,781,0,,,,,,0.0000,1.493617,0.000000
21,782,0,,,,,,0.0000,1.382194,0.000000
21,783,0,,,,,,0.0000,1.329711,0.000000
21,784,0,,,,,,0.0000,1.453303,0.000000
21,785,0,,,,,,0.0000,1.505817,0.000000
21,786,0,,,,,,0.0000,1.396099,0.000000
21,787,0,,,,,,0.0000,1.337845,0.000000
21,788,0,,,,,,0.0000,1.397869,0.000000
21,789,0,,,,,,0.0000,1.466034,0.000000
21,790,0,,,,,,0.0000,1.442858,0.000000
21,791,0,,,,,,0.0000,1.366529,0.000000
21,792,0,,,,,,0.0000,1.390938,0.000000
21,793,0,,,,,,0.0000,1.422744,0.000000
21,794,0,,,,,,0.0000,1.415803,0.000000
21,795,0,,,,,,0.0000,1.394950,0.000000
21,796,0,,,,,,0.0000,1.393531,0.000000
21,797,0,,,,,,0.0000,1.401759,0.000000
21,798,0,,,,,,0.0000,1.374782,0.000000
21,799,0,,,,,,0.0000,1.378176,0.000000
21,800,0,,,,,,0.0000,1.398855,0.000000
21,801,0,,,,,,0.0000,1.396110,0.000000
21,802,0,,,,,,0.0000,1.380145,0.000000
21,803,0,,,,,,0.0000,1.390659,0.000000
21,804,0,,,,,,0.0000,1.416256,0.000000
21,805,0,,,,,,0.0000,1.423571,0.000000
21,806,0,,,,,,0.0000,1.374427,0.000000
21,807,0,,,,,,0.0000,1.381411,0.000000
21,808,0,,,,,,0.0000,1.398501,0.000000
21,809,0,,,,,,0.0000,1.402326,0.000000
21,810,0,,,,,,0.0000,1.410132,0.000000
21,811,0,,,,,,0.0000,1.438237,0.000000
21,812,0,,,,,,0.0000,1.407740,0.000000
21,813,0,,,,,,0.0000,1.393322,0.000000
21,814,0,,,,,,0.0000,1.370319,0.000000
21,815,0,,,,,,0.0000,1.412190,0.000000
21,816,0,,,,,,0.0000,1.425727,0.000000
21,817,0,,,,,,0.0000,1.400709,0.000000
21,818,0,,,,,,0.0000,1.383490,0.000000
21,819,0,,,,,,0.0000,1.386957,0.000000
21,820,0,,,,,,0.0000,1.422398,0.000000
21,821,0,,,,,,0.0000,1.412579,0.000000
21,822,0,,,,,,0.0000,1.364211,0.000000
21,823,0,,,,,,0.0000,1.382661,0.000000
21,824,0,,,,,,0.0000,1.397265,0.000000
21,825,0,,,,,,0.0000,1.397603,0.000000
21,826,0,,,,,,0.0000,1.390472,0.000000
21,827,0,,,,,,0.0000,1.388313,0.000000
21,828,0,,,,,,0.0000,1.366061,0.000000
21,829,0,,,,,,0.0000,1.402503,0.000000
21,830,0,,,,,,0.0000,1.429137,0.000000
21,831,0,,,,,,0.0000,1.413705,0.000000
21,832,0,,,,,,0.0000,1.360649,0.000000
21,833,0,,,,,,0.0000,1.371390,0.000000
21,834,0,,,,,,0.0000,1.386972,0.000000
21,835,0,,,,,,0.0000,1.416281,0.000000
21,836,0,,,,,,0.0000,1.403499,0.000000
21,837,0,,,,,,0.0000,1.360598,0.000000
21,838,0,,,,,,0.0000,1.352256,0.000000
21,839,0,,,,,,0.0000,1.410257,0.000000
21,840,0,,,,,,0.0000,1.414636,0.000000
21,841,0,,,,,,0.0000,1.401261,0.000000
21,842,0,,,,,,0.0000,1.370974,0.000000
21,843,0,,,,,,0.0000,1.359057,0.000000
21,844,0,,,,,,0.0000,1.401943,0.000000
21,845,0,,,,,,0.0000,1.420414,0.000000
21,846,0,,,,,,0.0000,1.411930,0.000000
21,847,0,,,,,,0.0000,1.375369,0.000000
21,848,0,,,,,,0.0000,1.392627,0.000000
21,849,0,,,,,,0.0000,1.409504,0.000000
21,850,0,,,,,,0.0000,1.389032,0.000000
21,851,0,,,,,,0.0000,1.375027,0.000000
21,852,0,,,,,,0.0000,1.416989,0.000000
21,853,0,,,,,,0.0000,1.446274,0.000000
21,854,0,,,,,,0.0000,1.387230,0.000000
21,855,0,,,,,,0.0000,1.356337,0.000000
21,856,0,,,,,,0.0000,1.406047,0.000000
21,857,0,,,,,,0.0000,1.426933,0.000000
21,858,0,,,,,,0.0000,1.406588,0.000000
21,859,0,,,,,,0.0000,1.382033,0.000000
21,860,0,,,,,,0.0000,1.443788,0.000000
21,861,0,,,,,,0.0000,1.421820,0.000000
21,862,0,,,,,,0.0000,1.377605,0.000000
21,863,0,,,,,,0.0000,1.389040,0.000000
21,864,0,,,,,,0.0000,1.367714,0.000000
21,865,0,,,,,,0.0000,1.412028,0.000000
21,866,0,,,,,,0.0000,1.407538,0.000000
21,867,0,,,,,,0.0000,1.394069,0.000000
21,868,0,,,,,,0.0000,1.401727,0.000000
21,869,0,,,,,,0.0000,1.411042,0.000000
21,870,0,,,,,,0.0000,1.416041,0.000000
21,871,0,,,,,,0.0000,1.384393,0.000000
21,872,0,,,,,,0.0000,1.411684,0.000000
21,873,0,,,,,,0.0000,1.412281,0.000000
21,874,0,,,,,,0.0000,1.378056,0.000000
21,875,0,,,,,,0.0000,1.402030,0.000000
21,876,0,,,,,,0.0000,1.439301,0.000000
21,877,0,,,,,,0.0000,1.408941,0.000000
21,878,0,,,,,,0.0000,1.371675,0.000000
21,879,0,,,,,,0.0000,1.325439,0.000000
21,880,0,,,,,,0.0000,1.375968,0.000000
21,881,0,,,,,,0.0000,1.458510,0.000000
21,882,0,,,,,,0.0000,1.450959,0.000000
21,883,0,,,,,,0.0000,1.361966,0.000000
21,884,0,,,,,,0.0000,1.362033,0.000000
21,885,0,,,,,,0.0000,1.388505,0.000000
21,886,0,,,,,,0.0000,1.447929,0.000000
21,887,0,,,,,,0.0000,1.424227,0.000000
21,888,0,,,,,,0.0000,1.354531,0.000000
21,889,0,,,,,,0.0000,1.365175,0.000000
21,890,0,,,,,,0.0000,1.417041,0.000000
21,891,0,,,,,,0.0000,1.438221,0.000000
21,892,0,,,,,,0.0000,1.394403,0.000000
21,893,0,,,,,,0.0000,1.369103,0.000000
21,894,0,,,,,,0.0000,1.389159,0.000000
21,895,0,,,,,,0.0000,1.414996,0.000000
21,896,0,,,,,,0.0000,1.416788,0.000000
21,897,0,,,,,,0.0000,1.382271,0.000000
21,898,0,,,,,,0.0000,1.362991,0.000000
21,899,0,,,,,,0.0000,1.421765,0.000000
21,900,0,,,,,,0.0000,1.441621,0.000000
21,901,0,,,,,,0.0000,1.395728,0.000000
21,902,0,,,,,,0.0000,1.377397,0.000000
21,903,0,,,,,,0.0000,1.408740,0.000000
21,904,0,,,,,,0.0000,1.402071,0.000000
21,905,0,,,,,,0.0000,1.404436,0.000000
21,906,0,,,,,,0.0000,1.405795,0.000000
21,907,0,,,,,,0.0000,1.384622,0.000000
21,908,0,,,,,,0.0000,1.375768,0.000000
21,909,0,,,,,,0.0000,1.379804,0.000000
21,910,0,,,,,,0.0000,1.399678,0.000000
21,911,0,,,,,,0.0000,1.402594,0.000000
21,912,0,,,,,,0.0000,1.368634,0.000000
21,913,0,,,,,,0.0000,1.398867,0.000000
21,914,0,,,,,,0.0000,1.406064,0.000000
21,915,0,,,,,,0.0000,1.409306,0.000000
21,916,0,,,,,,0.0000,1.390560,0.000000
21,917,0,,,,,,0.0000,1.372984,0.000000
21,918,0,,,,,,0.0000,1.401095,0.000000
21,919,0,,,,,,0.0000,1.383169,0.000000
21,920,0,,,,,,0.0000,1.387817,0.000000
21,921,0,,,,,,0.0000,1.383085,0.000000
21,922,0,,,,,,0.0000,1.398320,0.000000
21,923,0,,,,,,0.0000,1.397925,0.000000
21,924,0,,,,,,0.0000,1.406716,0.000000
21,925,0,,,,,,0.0000,1.374746,0.000000
21,926,0,,,,,,0.0000,1.373360,0.000000
21,927,0,,,,,,0.0000,1.383504,0.000000
21,928,0,,,,,,0.0000,1.383512,0.000000
21,929,0,,,,,,0.0000,1.384537,0.000000
21,930,0,,,,,,0.0000,1.370441,0.000000
21,931,0,,,,,,0.0000,1.370763,0.000000
21,932,0,,,,,,0.0000,1.405545,0.000000
21,933,0,,,,,,0.0000,1.376037,0.000000
21,934,0,,,,,,0.0000,1.381803,0.000000
21,935,0,,,,,,0.0000,1.395354,0.000000
21,936,0,,,,,,0.0000,1.396887,0.000000
21,937,0,,,,,,0.0000,1.394558,0.000000
21,938,0,,,,,,0.0000,1.404054,0.000000
21,939,0,,,,,,0.0000,1.398363,0.000000
21,940,0,,,,,,0.0000,1.416170,0.000000
21,941,0,,,,,,0.0000,1.403268,0.000000
21,942,0,,,,,,0.0000,1.404595,0.000000
21,943,0,,,,,,0.0000,1.375976,0.000000
21,944,0,,,,,,0.0000,1.395174,0.000000
21,945,0,,,,,,0.0000,1.403191,0.000000
21,946,0,,,,,,0.0000,1.441689,0.000000
21,947,0,,,,,,0.0000,1.409908,0.000000
21,948,0,,,,,,0.0000,1.392138,0.000000
21,949,0,,,,,,0.0000,1.396942,0.000000
21,950,0,,,,,,0.0000,1.386218,0.000000
21,951,0,,,,,,0.0000,1.421635,0.000000
21,952,0,,,,,,0.0000,1.409810,0.000000
21,953,0,,,,,,0.0000,1.399819,0.000000
21,954,0,,,,,,0.0000,1.441403,0.000000
21,955,0,,,,,,0.0000,1.338795,0.000000
21,956,0,,,,,,0.0000,1.347596,0.000000
21,957,0,,,,,,0.0000,1.462913,0.000000
21,958,0,,,,,,0.0000,1.418149,0.000000
21,959,0,,,,,,0.0000,1.382223,0.000000
21,960,0,,,,,,0.0000,1.397421,0.000000
21,961,0,,,,,,0.0000,1.432125,0.000000
21,962,0,,,,,,0.0000,1.439676,0.000000
21,963,0,,,,,,0.0000,1.415908,0.000000
21,964,0,,,,,,0.0000,1.367996,0.000000
21,965,0,,,,,,0.0000,1.388213,0.000000
21,966,0,,,,,,0.0000,1.454513,0.000000
21,967,0,,,,,,0.0000,1.426745,0.000000
21,968,0,,,,,,0.0000,1.358741,0.000000
21,969,0,,,,,,0.0000,1.374279,0.000000
21,970,0,,,,,,0.0000,1.483434,0.000000
21,971,0,,,,,,0.0000,1.410890,0.000000
21,972,0,,,,,,0.0000,1.345115,0.000000
21,973,0,,,,,,0.0000,1.392484,0.000000
21,974,0,,,,,,0.0000,1.422260,0.000000
21,975,0,,,,,,0.0000,1.408066,0.000000
21,976,0,,,,,,0.0000,1.401496,0.000000
21,977,0,,,,,,0.0000,1.396151,0.000000
21,978,0,,,,,,0.0000,1.396938,0.000000
21,979,0,,,,,,0.0000,1.387816,0.000000
21,980,0,,,,,,0.0000,1.376350,0.000000
21,981,0,,,,,,0.0000,1.374046,0.000000
21,982,0,,,,,,0.0000,1.394307,0.000000
21,983,0,,,,,,0.0000,1.413338,0.000000
21,984,0,,,,,,0.0000,1.403742,0.000000
21,985,0,,,,,,0.0000,1.405643,0.000000
21,986,0,,,,,,0.0000,1.385302,0.000000
21,987,0,,,,,,0.0000,1.396242,0.000000
21,988,0,,,,,,0.0000,1.407861,0.000000
21,989,0,,,,,,0.0000,1.395936,0.000000
21,990,0,,,,,,0.0000,1.396836,0.000000
21,991,0,,,,,,0.0000,1.387460,0.000000
21,992,0,,,,,,0.0000,1.375948,0.000000
21,993,0,,,,,,0.0000,1.417377,0.000000
21,994,0,,,,,,0.0000,1.400045,0.000000
21,995,0,,,,,,0.0000,1.381569,0.000000
21,996,0,,,,,,0.0000,1.390985,0.000000
21,997,0,,,,,,0.0000,1.398032,0.000000
21,998,0,,,,,,0.0000,1.401138,0.000000
21,999,0,,,,,,0.0000,1.414468,0.000000
21,1000,0,,,,,,0.0000,1.370891,0.000000
22,1,4,0.155749,0.092897,0.548190,0.133534,0.398863,7.0000,1.001047,0.651086
22,2,5,0.094686,0.041106,0.611892,0.302921,0.460820,6.0000,0.999109,0.716208
22,3,5,0.094686,0.041106,0.611892,0.302921,0.460820,2.0000,0.995705,0.716208
22,4,5,0.094686,0.041106,0.611892,0.302921,0.460820,2.0000,0.974487,0.716208
22,5,7,0.090819,0.059980,0.615105,0.212637,0.633399,4.0000,0.967566,0.722513
22,6,9,0.085300,0.070991,0.640453,0.045154,0.572795,8.0000,0.947578,0.772252
22,7,9,0.080689,0.063376,0.647021,0.027083,0.652118,3.0000,0.924218,0.785140
22,8,11,0.080242,0.061930,0.647471,0.043957,0.658329,7.0000,0.898787,0.786023
22,9,12,0.080242,0.064304,0.647793,0.042329,0.704233,5.0000,0.928938,0.786654
22,10,3,0.347555,0.068711,0.447987,0.894599,0.839964,4.0000,1.064473,0.443607
22,11,5,0.203815,0.085511,0.494288,0.259064,0.812285,5.0000,0.865039,0.533441
22,12,7,0.188292,0.126754,0.494839,0.232466,0.821538,5.0000,0.751943,0.534562
22,13,8,0.150744,0.068423,0.573756,0.240744,0.911369,7.0000,0.865693,0.670777
22,14,9,0.148484,0.083094,0.574176,0.227282,0.905605,9.0000,0.967610,0.671631
22,15,11,0.091445,0.073801,0.629450,0.096094,0.921350,6.0000,0.918424,0.784034
22,16,13,0.087975,0.070966,0.638444,0.063663,0.761450,3.0000,0.834221,0.802322
22,17,14,0.088502,0.073055,0.642392,0.058527,0.720995,8.0000,0.841766,0.810351
22,18,14,0.086406,0.069620,0.658422,0.034928,0.789101,12.0000,0.885064,0.842949
22,19,17,0.085764,0.059178,0.673257,0.032202,0.927387,10.0000,0.875668,0.873116
22,20,0,,,,,,0.0000,1.096947,0.000000
22,21,0,,,,,,0.0000,1.108077,0.000000
22,22,0,,,,,,0.0000,1.053233,0.000000
22,23,0,,,,,,0.0000,0.955816,0.000000
22,24,0,,,,,,0.0000,0.979882,0.000000
22,25,0,,,,,,0.0000,1.034012,0.000000
22,26,0,,,,,,0.0000,1.071479,0.000000
22,27,0,,,,,,0.0000,1.015673,0.000000
22,28,0,,,,,,0.0000,0.954248,0.000000
22,29,0,,,,,,0.0000,0.984363,0.000000
22,30,0,,,,,,0.0000,1.038760,0.000000
22,31,0,,,,,,0.0000,0.990651,0.000000
22,32,0,,,,,,0.0000,0.987866,0.000000
22,33,0,,,,,,0.0000,0.999302,0.000000
22,34,0,,,,,,0.0000,1.001157,0.000000
22,35,0,,,,,,0.0000,1.004237,0.000000
22,36,0,,,,,,0.0000,0.979991,0.000000
22,37,0,,,,,,0.0000,0.981906,0.000000
22,38,0,,,,,,0.0000,0.994041,0.000000
22,39,0,,,,,,0.0000,1.030016,0.000000
22,40,0,,,,,,0.0000,0.974677,0.000000
22,41,0,,,,,,0.0000,0.964100,0.000000
22,42,0,,,,,,0.0000,1.027753,0.000000
22,43,0,,,,,,0.0000,0.994861,0.000000
22,44,0,,,,,,0.0000,0.976426,0.000000
22,45,0,,,,,,0.0000,0.962266,0.000000
22,46,0,,,,,,0.0000,0.956115,0.000000
22,47,0,,,,,,0.0000,1.022178,0.000000
22,48,0,,,,,,0.0000,1.030850,0.000000
22,49,0,,,,,,0.0000,0.997942,0.000000
22,50,0,,,,,,0.0000,0.935456,0.000000
22,51,0,,,,,,0.0000,0.955269,0.000000
22,52,0,,,,,,0.0000,1.012541,0.000000
22,53,0,,,,,,0.0000,1.015454,0.000000
22,54,0,,,,,,0.0000,0.955856,0.000000
22,55,0,,,,,,0.0000,0.963783,0.000000
22,56,0,,,,,,0.0000,1.027723,0.000000
22,57,0,,,,,,0.0000,0.996500,0.000000
22,58,0,,,,,,0.0000,0.968147,0.000000
22,59,0,,,,,,0.0000,0.994523,0.000000
22,60,0,,,,,,0.0000,1.029855,0.000000
22,61,0,,,,,,0.0000,0.985184,0.000000
22,62,0,,,,,,0.0000,0.970547,0.000000
22,63,0,,,,,,0.0000,0.983046,0.000000
22,64,0,,,,,,0.0000,0.998922,0.000000
22,65,0,,,,,,0.0000,0.994741,0.000000
22,66,0,,,,,,0.0000,0.967949,0.000000
22,67,0,,,,,,0.0000,0.970499,0.000000
22,68,0,,,,,,0.0000,1.006934,0.000000
22,69,0,,,,,,0.0000,0.949804,0.000000
22,70,0,,,,,,0.0000,0.955097,0.000000
22,71,0,,,,,,0.0000,1.006047,0.000000
22,72,0,,,,,,0.0000,1.023649,0.000000
22,73,0,,,,,,0.0000,1.009969,0.000000
22,74,0,,,,,,0.0000,0.967476,0.000000
22,75,0,,,,,,0.0000,1.004472,0.000000
22,76,0,,,,,,0.0000,0.970307,0.000000
22,77,0,,,,,,0.0000,1.025659,0.000000
22,78,0,,,,,,0.0000,1.015376,0.000000
22,79,0,,,,,,0.0000,0.995316,0.000000
22,80,0,,,,,,0.0000,0.965692,0.000000
22,81,0,,,,,,0.0000,1.015690,0.000000
22,82,0,,,,,,0.0000,0.981792,0.000000
22,83,0,,,,,,0.0000,0.980376,0.000000
22,84,0,,,,,,0.0000,1.004519,0.000000
22,85,0,,,,,,0.0000,0.974293,0.000000
22,86,0,,,,,,0.0000,0.971753,0.000000
22,87,0,,,,,,0.0000,1.002387,0.000000
22,88,0,,,,,,0.0000,1.020577,0.000000
22,89,0,,,,,,0.0000,0.977423,0.000000
22,90,0,,,,,,0.0000,0.934829,0.000000
22,91,0,,,,,,0.0000,0.955095,0.000000
22,92,0,,,,,,0.0000,0.993520,0.000000
22,93,0,,,,,,0.0000,1.008674,0.000000
22,94,0,,,,,,0.0000,0.984221,0.000000
22,95,0,,,,,,0.0000,0.971661,0.000000
22,96,0,,,,,,0.0000,0.997021,0.000000
22,97,0,,,,,,0.0000,1.012811,0.000000
22,98,0,,,,,,0.0000,1.022266,0.000000
22,99,0,,,,,,0.0000,0.991423,0.000000
22,100,0,,,,,,0.0000,0.990584,0.000000
22,101,0,,,,,,0.0000,0.980917,0.000000
22,102,0,,,,,,0.0000,1.012139,0.000000
22,103,0,,,,,,0.0000,0.985608,0.000000
22,104,0,,,,,,0.0000,0.965131,0.000000
22,105,0,,,,,,0.0000,0.971974,0.000000
22,106,0,,,,,,0.0000,0.989265,0.000000
22,107,0,,,,,,0.0000,1.015480,0.000000
22,108,0,,,,,,0.0000,1.003254,0.000000
22,109,0,,,,,,0.0000,0.966378,0.000000
22,110,0,,,,,,0.0000,0.966132,0.000000
22,111,0,,,,,,0.0000,1.027539,0.000000
22,112,0,,,,,,0.0000,1.033712,0.000000
22,113,0,,,,,,0.0000,0.956378,0.000000
22,114,0,,,,,,0.0000,0.948901,0.000000
22,115,0,,,,,,0.0000,1.002642,0.000000
22,116,0,,,,,,0.0000,1.024743,0.000000
22,117,0,,,,,,0.0000,0.940226,0.000000
22,118,0,,,,,,0.0000,0.971161,0.000000
22,119,0,,,,,,0.0000,1.010858,0.000000
22,120,0,,,,,,0.0000,1.031095,0.000000
22,121,0,,,,,,0.0000,0.993578,0.000000
22,122,0,,,,,,0.0000,0.973820,0.000000
22,123,0,,,,,,0.0000,0.943047,0.000000
22,124,0,,,,,,0.0000,1.011903,0.000000
22,125,0,,,,,,0.0000,1.004197,0.000000
22,126,0,,,,,,0.0000,0.984122,0.000000
22,127,0,,,,,,0.0000,0.971698,0.000000
22,128,0,,,,,,0.0000,1.008957,0.000000
22,129,0,,,,,,0.0000,1.023020,0.000000
22,130,0,,,,,,0.0000,0.990391,0.000000
22,131,0,,,,,,0.0000,0.969250,0.000000
22,132,0,,,,,,0.0000,1.009667,0.000000
22,133,0,,,,,,0.0000,0.997358,0.000000
22,134,0,,,,,,0.0000,0.963461,0.000000
22,135,0,,,,,,0.0000,0.985265,0.000000
22,136,0,,,,,,0.0000,0.984168,0.000000
22,137,0,,,,,,0.0000,1.001031,0.000000
22,138,0,,,,,,0.0000,0.999227,0.000000
22,139,0,,,,,,0.0000,0.958678,0.000000
22,140,0,,,,,,0.0000,0.975961,0.000000
22,141,0,,,,,,0.0000,1.018533,0.000000
22,142,0,,,,,,0.0000,0.994532,0.000000
22,143,0,,,,,,0.0000,0.967535,0.000000
22,144,0,,,,,,0.0000,0.963273,0.000000
22,145,0,,,,,,0.0000,0.993103,0.000000
22,146,0,,,,,,0.0000,1.036892,0.000000
22,147,0,,,,,,0.0000,1.006351,0.000000
22,148,0,,,,,,0.0000,0.972892,0.000000
22,149,0,,,,,,0.0000,0.986341,0.000000
22,150,0,,,,,,0.0000,0.984961,0.000000
22,151,0,,,,,,0.0000,1.018119,0.000000
22,152,0,,,,,,0.0000,1.006166,0.000000
22,153,0,,,,,,0.0000,0.976529,0.000000
22,154,0,,,,,,0.0000,0.940241,0.000000
22,155,0,,,,,,0.0000,1.012007,0.000000
22,156,0,,,,,,0.0000,1.026955,0.000000
22,157,0,,,,,,0.0000,0.961970,0.000000
22,158,0,,,,,,0.0000,0.935138,0.000000
22,159,0,,,,,,0.0000,0.975614,0.000000
22,160,0,,,,,,0.0000,1.020769,0.000000
22,161,0,,,,,,0.0000,0.963675,0.000000
22,162,0,,,,,,0.0000,0.943887,0.000000
22,163,0,,,,,,0.0000,0.986108,0.000000
22,164,0,,,,,,0.0000,1.007946,0.000000
22,165,0,,,,,,0.0000,1.000344,0.000000
22,166,0,,,,,,0.0000,0.955314,0.000000
22,167,0,,,,,,0.0000,0.993818,0.000000
22,168,0,,,,,,0.0000,1.014749,0.000000
22,169,0,,,,,,0.0000,1.003151,0.000000
22,170,0,,,,,,0.0000,0.937980,0.000000
22,171,0,,,,,,0.0000,0.951839,0.000000
22,172,0,,,,,,0.0000,1.036150,0.000000
22,173,0,,,,,,0.0000,1.021098,0.000000
22,174,0,,,,,,0.0000,0.950915,0.000000
22,175,0,,,,,,0.0000,0.946321,0.000000
22,176,0,,,,,,0.0000,0.996693,0.000000
22,177,0,,,,,,0.0000,1.030211,0.000000
22,178,0,,,,,,0.0000,0.980384,0.000000
22,179,0,,,,,,0.0000,0.949574,0.000000
22,180,0,,,,,,0.0000,0.963749,0.000000
22,181,0,,,,,,0.0000,1.032811,0.000000
22,182,0,,,,,,0.0000,1.018074,0.000000
22,183,0,,,,,,0.0000,0.911908,0.000000
22,184,0,,,,,,0.0000,0.912018,0.000000
22,185,0,,,,,,0.0000,1.043736,0.000000
22,186,0,,,,,,0.0000,1.034038,0.000000
22,187,0,,,,,,0.0000,0.933449,0.000000
22,188,0,,,,,,0.0000,0.963825,0.000000
22,189,0,,,,,,0.0000,1.022250,0.000000
22,190,0,,,,,,0.0000,1.010981,0.000000
22,191,0,,,,,,0.0000,0.948761,0.000000
22,192,0,,,,,,0.0000,0.981553,0.000000
22,193,0,,,,,,0.0000,1.011561,0.000000
22,194,0,,,,,,0.0000,1.001417,0.000000
22,195,0,,,,,,0.0000,0.965376,0.000000
22,196,0,,,,,,0.0000,0.995552,0.000000
22,197,0,,,,,,0.0000,0.962825,0.000000
22,198,0,,,,,,0.0000,0.966610,0.000000
22,199,0,,,,,,0.0000,1.026868,0.000000
22,200,0,,,,,,0.0000,0.991519,0.000000
22,201,0,,,,,,0.0000,0.995431,0.000000
22,202,0,,,,,,0.0000,1.017725,0.000000
22,203,0,,,,,,0.0000,0.989682,0.000000
22,204,0,,,,,,0.0000,0.925304,0.000000
22,205,0,,,,,,0.0000,0.959635,0.000000
22,206,0,,,,,,0.0000,1.002214,0.000000
22,207,0,,,,,,0.0000,0.970117,0.000000
22,208,0,,,,,,0.0000,0.977940,0.000000
22,209,0,,,,,,0.0000,1.017423,0.000000
22,210,0,,,,,,0.0000,0.983190,0.000000
22,211,0,,,,,,0.0000,0.970299,0.000000
22,212,0,,,,,,0.0000,0.990278,0.000000
22,213,0,,,,,,0.0000,0.977941,0.000000
22,214,0,,,,,,0.0000,1.029712,0.000000
22,215,0,,,,,,0.0000,1.008424,0.000000
22,216,0,,,,,,0.0000,0.940066,0.000000
22,217,0,,,,,,0.0000,0.961977,0.000000
22,218,0,,,,,,0.0000,1.002134,0.000000
22,219,0,,,,,,0.0000,1.005424,0.000000
22,220,0,,,,,,0.0000,0.990454,0.000000
22,221,0,,,,,,0.0000,0.950740,0.000000
22,222,0,,,,,,0.0000,0.997234,0.000000
22,223,0,,,,,,0.0000,1.023128,0.000000
22,224,0,,,,,,0.0000,0.967362,0.000000
22,225,0,,,,,,0.0000,0.959227,0.000000
22,226,0,,,,,,0.0000,1.006809,0.000000
22,227,0,,,,,,0.0000,1.015182,0.000000
22,228,0,,,,,,0.0000,1.022137,0.000000
22,229,0,,,,,,0.0000,0.976158,0.000000
22,230,0,,,,,,0.0000,0.991737,0.000000
22,231,0,,,,,,0.0000,1.019414,0.000000
22,232,0,,,,,,0.0000,0.984448,0.000000
22,233,0,,,,,,0.0000,0.974693,0.000000
22,234,0,,,,,,0.0000,0.946310,0.000000
22,235,0,,,,,,0.0000,0.995818,0.000000
22,236,0,,,,,,0.0000,1.020315,0.000000
22,237,0,,,,,,0.0000,1.009249,0.000000
22,238,0,,,,,,0.0000,0.941245,0.000000
22,239,0,,,,,,0.0000,0.973420,0.000000
22,240,1,0.855990,0.000644,0.333363,0.000000,1.000000,1.0000,1.014676,0.210053
22,241,8,0.141016,0.077216,0.706459,0.091913,0.658732,19.0000,0.719001,0.678901
22,242,11,0.073612,0.064152,0.761941,0.063750,0.521568,17.0000,0.706705,0.786670
22,243,13,0.054305,0.064811,0.785406,0.054724,0.417757,14.0000,0.836215,0.832249
22,244,14,0.053893,0.064418,0.792974,0.053487,0.434251,9.0000,0.954343,0.836081
22,245,15,0.053283,0.062711,0.794432,0.059670,0.498436,11.0000,0.861184,0.838913
22,246,14,0.051596,0.061498,0.807458,0.055691,0.404329,8.0000,0.850033,0.852656
22,247,14,0.049086,0.046267,0.816040,0.061031,0.523803,5.0000,0.903091,0.869327
22,248,14,0.038084,0.029769,0.829101,0.049791,0.616454,7.0000,0.837804,0.894696
22,249,15,0.037020,0.026532,0.830386,0.049701,0.680241,8.0000,0.869781,0.897192
22,250,1,0.649733,0.147001,0.316090,0.000000,1.000000,1.0000,1.081921,0.238172
22,251,7,0.182721,0.075338,0.665954,0.240896,0.894578,12.0000,0.870173,0.558981
22,252,9,0.105522,0.066405,0.764755,0.098121,0.678540,16.0000,0.742515,0.726303
22,253,12,0.056480,0.053023,0.821561,0.063873,0.515926,16.0000,0.765323,0.838980
22,254,12,0.050734,0.042991,0.827655,0.066037,0.484090,15.0000,0.851842,0.851095
22,255,12,0.048634,0.042697,0.831994,0.058108,0.502711,12.0000,0.885956,0.859720
22,256,13,0.048634,0.044773,0.832339,0.064805,0.545011,11.0000,0.797938,0.860406
22,257,14,0.041714,0.038328,0.844020,0.053148,0.574714,10.0000,0.818344,0.883629
22,258,14,0.041714,0.038328,0.844020,0.053148,0.574714,14.0000,0.821615,0.883629
22,259,16,0.041714,0.042435,0.844097,0.048453,0.597379,11.0000,0.891458,0.883782
22,260,2,0.775762,0.023092,0.358970,0.000000,0.936763,3.0000,1.083244,0.240623
22,261,6,0.148840,0.041832,0.784362,0.179352,0.690250,4.0000,0.894145,0.742607
22,262,9,0.084360,0.053726,0.825242,0.070496,0.437172,12.0000,0.788982,0.810019
22,263,10,0.078985,0.052127,0.829092,0.050100,0.490908,9.0000,0.794800,0.817858
22,264,12,0.041791,0.024829,0.867283,0.055582,0.543514,15.0000,0.926939,0.893156
22,265,15,0.038817,0.030670,0.872429,0.064492,0.636165,12.0000,0.878081,0.903633
22,266,17,0.038129,0.032166,0.873310,0.063825,0.698659,6.0000,0.873792,0.905428
22,267,17,0.038129,0.032166,0.873310,0.063825,0.698659,10.0000,0.834767,0.905428
22,268,17,0.038129,0.032166,0.873310,0.063825,0.698659,9.0000,0.852048,0.905428
22,269,17,0.038129,0.031372,0.874384,0.065246,0.705749,11.0000,0.850258,0.906243
22,270,3,0.253637,0.079710,0.626433,0.561494,0.400328,4.0000,1.070098,0.373799
22,271,6,0.123172,0.065645,0.750937,0.172877,0.294828,9.0000,0.909386,0.628908
22,272,10,0.097675,0.057755,0.804562,0.150690,0.698547,12.0000,0.828772,0.738784
22,273,13,0.091231,0.070657,0.814103,0.129501,0.780987,12.0000,0.858840,0.758335
22,274,12,0.050911,0.033898,0.871323,0.094372,0.757794,11.0000,0.903633,0.875577
22,275,14,0.046520,0.030358,0.890985,0.065393,0.688415,17.0000,0.819010,0.915866
22,276,16,0.044213,0.032861,0.895800,0.060909,0.712159,13.0000,0.810735,0.925731
22,277,16,0.043085,0.030085,0.901721,0.058955,0.689324,8.0000,0.789109,0.937864
22,278,16,0.043043,0.030013,0.902178,0.059037,0.688955,15.0000,0.878869,0.938800
22,279,17,0.042313,0.029260,0.902266,0.055744,0.713851,12.0000,0.871497,0.938981
22,280,1,0.827482,0.001212,0.358248,0.000000,1.000000,2.0000,1.079549,0.211164
22,281,3,0.225003,0.097136,0.640355,0.129739,0.140154,6.0000,0.843210,0.395700
22,282,6,0.179781,0.085851,0.738099,0.434706,0.813757,9.0000,0.716732,0.598033
22,283,8,0.140794,0.083039,0.784247,0.120969,0.681226,9.0000,0.887086,0.674033
22,284,12,0.131537,0.077549,0.792154,0.082776,0.934275,15.0000,0.988153,0.690401
22,285,12,0.131537,0.077549,0.792154,0.082776,0.934275,8.0000,0.909525,0.690401
22,286,14,0.086081,0.079349,0.819617,0.076000,0.767710,12.0000,0.788756,0.747250
22,287,15,0.077731,0.076740,0.821920,0.073324,0.730078,15.0000,0.780073,0.752017
22,288,17,0.074301,0.074657,0.826011,0.068909,0.667987,19.0000,0.853978,0.760484
22,289,17,0.068684,0.059244,0.836137,0.071232,0.856999,11.0000,0.947322,0.781446
22,290,3,0.185691,0.038689,0.730583,0.224382,0.212827,6.0000,1.081025,0.542190
22,291,5,0.147849,0.032745,0.757221,0.417390,0.779362,8.0000,0.925086,0.598297
22,292,9,0.128977,0.028778,0.808777,0.040624,0.984603,10.0000,0.769508,0.706887
22,293,10,0.082653,0.043669,0.833808,0.067830,0.826598,16.0000,0.763231,0.759608
22,294,14,0.051797,0.040509,0.865242,0.049146,0.663225,15.0000,0.882981,0.825816
22,295,16,0.045308,0.030096,0.906427,0.055220,0.721605,19.0000,0.881861,0.912562
22,296,16,0.044754,0.027388,0.916363,0.055776,0.732168,16.0000,0.876227,0.933490
22,297,17,0.044674,0.028388,0.916673,0.057978,0.765993,9.0000,0.822352,0.934142
22,298,18,0.038405,0.032659,0.916810,0.037640,0.715082,13.0000,0.920730,0.934432
22,299,19,0.038388,0.032667,0.917188,0.038689,0.745234,15.0000,0.935974,0.935226
22,300,2,0.686697,0.029595,0.453894,0.000000,0.863085,3.0000,1.084486,0.356534
22,301,5,0.158017,0.025130,0.810095,0.237639,0.690084,14.0000,0.843253,0.705656
22,302,6,0.156403,0.023063,0.811974,0.229235,0.883520,8.0000,0.760713,0.709593
22,303,8,0.080448,0.023527,0.855599,0.136860,0.757173,9.0000,0.887714,0.800958
22,304,10,0.043951,0.019750,0.892067,0.080582,0.499381,14.0000,0.914271,0.877336
22,305,10,0.043951,0.019750,0.892067,0.080582,0.499381,6.0000,0.827617,0.877336
22,306,11,0.039051,0.020288,0.893093,0.066403,0.561594,11.0000,0.737352,0.879484
22,307,12,0.039071,0.018853,0.898923,0.058230,0.602718,9.0000,0.867070,0.891694
22,308,12,0.039071,0.018853,0.898923,0.058230,0.602718,12.0000,0.919580,0.891694
22,309,12,0.038130,0.016484,0.908495,0.060733,0.589444,11.0000,0.825324,0.911742
22,310,3,0.283305,0.183489,0.446512,0.095536,0.495242,4.0000,1.018705,0.235706
22,311,7,0.123071,0.093149,0.799572,0.167390,0.422703,14.0000,0.871342,0.692223
22,312,7,0.077071,0.049263,0.853862,0.081787,0.309320,12.0000,0.817640,0.806570
22,313,7,0.075471,0.038604,0.866301,0.073505,0.295254,12.0000,0.814949,0.832770
22,314,8,0.067722,0.023372,0.887941,0.116539,0.417623,10.0000,0.844374,0.873625
22,315,10,0.050914,0.029451,0.889050,0.076443,0.410060,17.0000,0.843530,0.875961
22,316,11,0.050596,0.028400,0.890546,0.083891,0.526331,10.0000,0.836932,0.879113
22,317,11,0.050446,0.028377,0.891072,0.083497,0.525125,9.0000,0.885824,0.880221
22,318,12,0.046577,0.018590,0.903026,0.093683,0.640731,17.0000,0.846147,0.905398
22,319,13,0.044564,0.017873,0.903988,0.086735,0.728540,15.0000,0.819737,0.907424
22,320,4,0.484938,0.092653,0.481003,0.150837,0.812138,6.0000,1.110476,0.409228
22,321,5,0.195418,0.083064,0.723571,0.458948,0.688385,6.0000,0.928636,0.563847
22,322,6,0.174317,0.078584,0.744198,0.122287,0.743851,6.0000,0.755347,0.606547
22,323,9,0.112846,0.059951,0.799116,0.119249,0.761477,6.0000,0.787586,0.704812
22,324,12,0.104903,0.071468,0.803000,0.100759,0.777639,11.0000,0.916730,0.712851
22,325,12,0.091280,0.028977,0.853679,0.129984,0.877931,10.0000,0.951940,0.817758
22,326,15,0.090364,0.028789,0.868185,0.125806,0.958602,14.0000,0.839421,0.847785
22,327,14,0.090422,0.029504,0.868480,0.129529,0.921969,14.0000,0.812332,0.848397
22,328,14,0.069239,0.032239,0.883896,0.142906,0.901474,14.0000,0.810172,0.880308
22,329,14,0.069239,0.032239,0.883896,0.142906,0.901474,10.0000,0.909329,0.880308
22,330,4,0.188386,0.066057,0.675663,0.402628,0.540285,8.0000,1.091906,0.474670
22,331,8,0.111975,0.080450,0.785021,0.052720,0.496455,11.0000,0.863037,0.698745
22,332,8,0.101373,0.064711,0.839167,0.076566,0.512439,11.0000,0.748528,0.809691
22,333,9,0.100591,0.077502,0.840578,0.102010,0.576150,13.0000,0.779513,0.812581
22,334,9,0.100591,0.077502,0.840578,0.102010,0.576150,7.0000,0.929377,0.812581
22,335,8,0.079018,0.051883,0.851683,0.077276,0.375097,10.0000,0.878050,0.835336
22,336,10,0.077745,0.061960,0.852979,0.080421,0.492244,15.0000,0.830021,0.837991
22,337,12,0.067180,0.061262,0.853414,0.082186,0.467802,13.0000,0.867623,0.838882
22,338,12,0.066891,0.061247,0.854476,0.081800,0.466717,14.0000,0.892331,0.841059
22,339,10,0.058864,0.043739,0.861632,0.061664,0.340943,11.0000,0.903116,0.855721
22,340,3,0.285649,0.039836,0.699407,0.724393,0.636164,3.0000,1.069425,0.549988
22,341,8,0.082142,0.041609,0.792762,0.138572,0.408521,13.0000,0.871273,0.740060
22,342,12,0.064780,0.043506,0.811404,0.072448,0.652146,18.0000,0.721304,0.778015
22,343,14,0.058208,0.041787,0.840756,0.074641,0.612908,13.0000,0.871379,0.837776
22,344,15,0.046634,0.031993,0.860181,0.061037,0.627588,13.0000,0.917183,0.877327
22,345,16,0.046036,0.031913,0.860845,0.055575,0.655251,10.0000,0.762744,0.878679
22,346,16,0.049515,0.032240,0.871323,0.041978,0.636938,10.0000,0.785514,0.900011
22,347,17,0.048288,0.031395,0.873026,0.039003,0.671447,14.0000,0.857281,0.903479
22,348,17,0.047592,0.029889,0.880952,0.044212,0.673978,10.0000,0.887974,0.919616
22,349,17,0.047570,0.029747,0.881103,0.044635,0.674117,11.0000,0.875477,0.919923
22,350,2,0.356520,0.059500,0.536649,0.000000,0.080523,3.0000,1.047593,0.311545
22,351,5,0.174527,0.062977,0.674451,0.333864,0.836302,5.0000,0.956655,0.585499
22,352,8,0.102653,0.076727,0.736413,0.114535,0.649401,11.0000,0.736721,0.708681
22,353,8,0.102653,0.076727,0.736413,0.114535,0.649401,11.0000,0.781468,0.708681
22,354,10,0.086035,0.074462,0.769304,0.035686,0.564122,8.0000,0.957280,0.759585
22,355,11,0.082173,0.070537,0.790893,0.042657,0.518555,12.0000,0.927927,0.778010
22,356,10,0.073867,0.054021,0.818079,0.104054,0.607807,13.0000,0.846846,0.832056
22,357,14,0.061907,0.051114,0.825933,0.051074,0.642936,12.0000,0.825768,0.847671
22,358,14,0.059911,0.049754,0.827337,0.050868,0.637653,10.0000,0.901923,0.850462
22,359,14,0.059886,0.048858,0.841476,0.055285,0.591779,9.0000,0.830520,0.878570
22,360,2,0.514978,0.238924,0.244936,0.000000,0.711751,2.0000,1.054739,0.121703
22,361,7,0.149384,0.111565,0.662159,0.169193,0.713279,9.0000,0.879527,0.644413
22,362,9,0.088282,0.060463,0.763989,0.097058,0.453457,21.0000,0.733975,0.792956
22,363,8,0.081690,0.040970,0.795585,0.077625,0.501761,11.0000,0.766367,0.835475
22,364,8,0.075483,0.020788,0.810729,0.137828,0.627815,10.0000,0.876193,0.864889
22,365,9,0.074931,0.022483,0.817053,0.106131,0.634708,3.0000,0.884807,0.877173
22,366,9,0.074931,0.022483,0.817053,0.106131,0.634708,10.0000,0.814022,0.877173
22,367,10,0.074937,0.020978,0.826615,0.111126,0.690207,10.0000,0.788548,0.888060
22,368,11,0.065837,0.022986,0.838177,0.061629,0.696093,16.0000,0.853654,0.910518
22,369,11,0.065837,0.022986,0.838177,0.061629,0.696093,4.0000,0.938043,0.910518
22,370,1,0.771979,0.068997,0.270767,0.000000,1.000000,1.0000,1.083939,0.203210
22,371,3,0.247037,0.069227,0.512762,0.086113,0.468434,2.0000,0.839935,0.522039
22,372,6,0.103923,0.074641,0.634414,0.154060,0.537265,8.0000,0.752633,0.667989
22,373,7,0.091524,0.062913,0.670546,0.164075,0.619359,19.0000,0.827347,0.715844
22,374,11,0.089748,0.064806,0.683259,0.105445,0.629775,14.0000,0.900384,0.739678
22,375,14,0.076022,0.066899,0.708480,0.059679,0.683609,9.0000,0.885219,0.769092
22,376,14,0.068230,0.065898,0.726202,0.078464,0.673842,10.0000,0.874018,0.800235
22,377,14,0.062089,0.060168,0.742610,0.043815,0.610570,7.0000,0.779293,0.817018
22,378,16,0.052145,0.053875,0.760577,0.036293,0.639539,13.0000,0.820361,0.851637
22,379,16,0.052145,0.053875,0.760577,0.036293,0.639539,10.0000,0.880453,0.851637
22,380,1,0.736770,0.166993,0.195427,0.000000,1.000000,2.0000,1.060412,0.122785
22,381,3,0.277227,0.129303,0.480864,0.598850,0.827202,5.0000,0.908348,0.473178
22,382,6,0.195675,0.094484,0.605531,0.164392,0.946072,10.0000,0.785435,0.612764
22,383,6,0.150990,0.027324,0.691977,0.186279,0.897923,13.0000,0.935479,0.776962
22,384,7,0.159511,0.019772,0.699531,0.062686,0.947563,14.0000,0.899671,0.791504
22,385,8,0.131702,0.045640,0.702486,0.104053,0.814529,7.0000,0.866810,0.797194
22,386,11,0.132861,0.040231,0.707630,0.095778,0.987928,6.0000,0.852424,0.805922
22,387,12,0.128092,0.039338,0.712788,0.058304,0.872654,8.0000,0.843671,0.815851
22,388,13,0.127303,0.037845,0.718042,0.056908,0.901953,12.0000,0.853754,0.821074
22,389,14,0.127261,0.036683,0.718290,0.059325,0.944902,14.0000,0.841427,0.821289
22,390,4,0.246949,0.163895,0.401468,0.067654,0.790204,5.0000,1.057075,0.307842
22,391,6,0.176736,0.113690,0.501401,0.121498,0.692954,5.0000,0.916510,0.485838
22,392,9,0.092734,0.071781,0.643829,0.072497,0.512502,10.0000,0.773928,0.724137
22,393,11,0.086135,0.071364,0.650543,0.064280,0.432496,11.0000,0.834815,0.737366
22,394,11,0.070607,0.064175,0.669943,0.052774,0.404904,7.0000,0.937193,0.775590
22,395,13,0.063131,0.054006,0.703123,0.046444,0.595382,14.0000,0.874396,0.840966
22,396,14,0.057344,0.047394,0.720376,0.054230,0.628742,6.0000,0.852737,0.856654
22,397,15,0.055981,0.045803,0.726355,0.059616,0.722005,4.0000,0.795697,0.868434
22,398,14,0.060855,0.044457,0.736034,0.106162,0.819031,9.0000,0.852377,0.887505
22,399,16,0.059430,0.046068,0.737754,0.100116,0.914909,14.0000,0.836647,0.890895
22,400,1,0.805469,0.178758,0.109870,0.000000,1.000000,1.0000,1.069781,0.006844
22,401,6,0.116864,0.064503,0.617297,0.253595,0.578532,7.0000,0.889060,0.727810
22,402,7,0.098547,0.067042,0.620314,0.235626,0.597820,9.0000,0.759470,0.733729
22,403,11,0.086031,0.073314,0.636022,0.096808,0.608198,10.0000,0.757232,0.764551
22,404,10,0.083973,0.067431,0.643343,0.085260,0.551306,9.0000,0.881440,0.772040
22,405,10,0.077401,0.060964,0.652265,0.086850,0.553508,4.0000,0.972215,0.789547
22,406,11,0.063836,0.052245,0.670422,0.077037,0.548048,10.0000,0.814537,0.825175
22,407,12,0.063836,0.053779,0.670843,0.069524,0.579842,6.0000,0.757155,0.826001
22,408,15,0.054419,0.041628,0.692902,0.065210,0.684997,10.0000,0.875466,0.869284
22,409,16,0.053170,0.040625,0.694116,0.050330,0.701807,5.0000,0.919802,0.871668
22,410,0,,,,,,0.0000,1.107217,0.000000
22,411,0,,,,,,0.0000,1.080698,0.000000
22,412,0,,,,,,0.0000,0.997408,0.000000
22,413,0,,,,,,0.0000,0.939256,0.000000
22,414,0,,,,,,0.0000,1.034238,0.000000
22,415,0,,,,,,0.0000,1.077789,0.000000
22,416,0,,,,,,0.0000,0.992123,0.000000
22,417,0,,,,,,0.0000,0.960008,0.000000
22,418,0,,,,,,0.0000,0.990816,0.000000
22,419,0,,,,,,0.0000,1.031050,0.000000
22,420,0,,,,,,0.0000,1.064234,0.000000
22,421,0,,,,,,0.0000,0.998844,0.000000
22,422,0,,,,,,0.0000,0.949368,0.000000
22,423,0,,,,,,0.0000,0.987845,0.000000
22,424,0,,,,,,0.0000,1.021071,0.000000
22,425,0,,,,,,0.0000,1.033472,0.000000
22,426,0,,,,,,0.0000,0.964527,0.000000
22,427,0,,,,,,0.0000,0.970935,0.000000
22,428,0,,,,,,0.0000,0.977650,0.000000
22,429,0,,,,,,0.0000,0.991262,0.000000
22,430,0,,,,,,0.0000,1.013005,0.000000
22,431,0,,,,,,0.0000,0.976049,0.000000
22,432,0,,,,,,0.0000,0.998278,0.000000
22,433,0,,,,,,0.0000,1.018617,0.000000
22,434,0,,,,,,0.0000,1.009880,0.000000
22,435,0,,,,,,0.0000,0.972402,0.000000
22,436,0,,,,,,0.0000,1.016930,0.000000
22,437,0,,,,,,0.0000,1.039601,0.000000
22,438,0,,,,,,0.0000,0.999116,0.000000
22,439,0,,,,,,0.0000,0.978234,0.000000
22,440,0,,,,,,0.0000,1.001239,0.000000
22,441,0,,,,,,0.0000,1.024073,0.000000
22,442,0,,,,,,0.0000,1.009486,0.000000
22,443,0,,,,,,0.0000,0.961240,0.000000
22,444,0,,,,,,0.0000,0.974481,0.000000
22,445,0,,,,,,0.0000,1.005487,0.000000
22,446,0,,,,,,0.0000,0.993945,0.000000
22,447,0,,,,,,0.0000,0.988526,0.000000
22,448,0,,,,,,0.0000,0.989565,0.000000
22,449,0,,,,,,0.0000,0.976742,0.000000
22,450,0,,,,,,0.0000,0.962221,0.000000
22,451,0,,,,,,0.0000,1.003422,0.000000
22,452,0,,,,,,0.0000,1.007546,0.000000
22,453,0,,,,,,0.0000,0.968203,0.000000
22,454,0,,,,,,0.0000,1.017762,0.000000
22,455,0,,,,,,0.0000,1.030591,0.000000
22,456,0,,,,,,0.0000,1.007122,0.000000
22,457,0,,,,,,0.0000,0.957241,0.000000
22,458,0,,,,,,0.0000,0.995750,0.000000
22,459,0,,,,,,0.0000,0.984581,0.000000
22,460,0,,,,,,0.0000,0.999384,0.000000
22,461,0,,,,,,0.0000,0.966690,0.000000
22,462,0,,,,,,0.0000,0.985722,0.000000
22,463,0,,,,,,0.0000,1.011512,0.000000
22,464,0,,,,,,0.0000,1.006689,0.000000
22,465,0,,,,,,0.0000,0.964924,0.000000
22,466,0,,,,,,0.0000,0.994535,0.000000
22,467,0,,,,,,0.0000,1.028175,0.000000
22,468,0,,,,,,0.0000,0.988591,0.000000
22,469,0,,,,,,0.0000,0.985758,0.000000
22,470,0,,,,,,0.0000,1.004313,0.000000
22,471,0,,,,,,0.0000,0.997022,0.000000
22,472,0,,,,,,0.0000,0.984689,0.000000
22,473,0,,,,,,0.0000,0.982214,0.000000
22,474,0,,,,,,0.0000,0.991841,0.000000
22,475,0,,,,,,0.0000,0.988196,0.000000
22,476,0,,,,,,0.0000,0.974311,0.000000
22,477,0,,,,,,0.0000,0.991294,0.000000
22,478,0,,,,,,0.0000,1.016329,0.000000
22,479,0,,,,,,0.0000,0.995045,0.000000
22,480,0,,,,,,0.0000,0.962379,0.000000
22,481,0,,,,,,0.0000,0.974106,0.000000
22,482,0,,,,,,0.0000,1.002833,0.000000
22,483,0,,,,,,0.0000,1.026331,0.000000
22,484,0,,,,,,0.0000,0.977192,0.000000
22,485,0,,,,,,0.0000,0.971893,0.000000
22,486,0,,,,,,0.0000,0.980492,0.000000
22,487,0,,,,,,0.0000,0.958705,0.000000
22,488,0,,,,,,0.0000,0.975649,0.000000
22,489,0,,,,,,0.0000,1.021790,0.000000
22,490,0,,,,,,0.0000,1.041671,0.000000
22,491,0,,,,,,0.0000,0.955552,0.000000
22,492,0,,,,,,0.0000,0.962743,0.000000
22,493,0,,,,,,0.0000,0.996849,0.000000
22,494,0,,,,,,0.0000,1.000281,0.000000
22,495,0,,,,,,0.0000,0.986618,0.000000
22,496,0,,,,,,0.0000,0.987934,0.000000
22,497,0,,,,,,0.0000,0.996166,0.000000
22,498,0,,,,,,0.0000,0.978514,0.000000
22,499,0,,,,,,0.0000,0.990779,0.000000
22,500,0,,,,,,0.0000,0.988200,0.000000
22,501,0,,,,,,0.0000,0.994083,0.000000
22,502,0,,,,,,0.0000,0.987731,0.000000
22,503,0,,,,,,0.0000,0.961908,0.000000
22,504,0,,,,,,0.0000,0.961349,0.000000
22,505,0,,,,,,0.0000,1.031177,0.000000
22,506,0,,,,,,0.0000,0.982009,0.000000
22,507,0,,,,,,0.0000,0.976646,0.000000
22,508,0,,,,,,0.0000,0.989543,0.000000
22,509,0,,,,,,0.0000,0.976547,0.000000
22,510,0,,,,,,0.0000,1.006365,0.000000
22,511,0,,,,,,0.0000,0.986847,0.000000
22,512,0,,,,,,0.0000,0.972005,0.000000
22,513,0,,,,,,0.0000,1.013016,0.000000
22,514,0,,,,,,0.0000,1.028807,0.000000
22,515,0,,,,,,0.0000,0.934552,0.000000
22,516,0,,,,,,0.0000,0.927044,0.000000
22,517,0,,,,,,0.0000,1.038826,0.000000
22,518,0,,,,,,0.0000,1.052892,0.000000
22,519,0,,,,,,0.0000,0.968477,0.000000
22,520,0,,,,,,0.0000,0.942479,0.000000
22,521,0,,,,,,0.0000,0.965282,0.000000
22,522,0,,,,,,0.0000,1.048372,0.000000
22,523,0,,,,,,0.0000,1.005253,0.000000
22,524,0,,,,,,0.0000,0.989679,0.000000
22,525,0,,,,,,0.0000,0.957574,0.000000
22,526,0,,,,,,0.0000,1.007886,0.000000
22,527,0,,,,,,0.0000,1.025191,0.000000
22,528,0,,,,,,0.0000,1.004495,0.000000
22,529,0,,,,,,0.0000,1.001412,0.000000
22,530,0,,,,,,0.0000,0.973671,0.000000
22,531,0,,,,,,0.0000,0.992693,0.000000
22,532,0,,,,,,0.0000,0.997236,0.000000
22,533,0,,,,,,0.0000,0.962851,0.000000
22,534,0,,,,,,0.0000,0.995617,0.000000
22,535,0,,,,,,0.0000,0.983208,0.000000
22,536,0,,,,,,0.0000,0.995811,0.000000
22,537,0,,,,,,0.0000,0.989753,0.000000
22,538,0,,,,,,0.0000,0.968277,0.000000
22,539,0,,,,,,0.0000,0.968781,0.000000
22,540,0,,,,,,0.0000,1.012302,0.000000
22,541,0,,,,,,0.0000,0.969328,0.000000
22,542,0,,,,,,0.0000,0.975833,0.000000
22,543,0,,,,,,0.0000,0.992228,0.000000
22,544,0,,,,,,0.0000,0.995707,0.000000
22,545,0,,,,,,0.0000,0.968858,0.000000
22,546,0,,,,,,0.0000,0.992289,0.000000
22,547,0,,,,,,0.0000,0.984407,0.000000
22,548,0,,,,,,0.0000,0.993641,0.000000
22,549,0,,,,,,0.0000,0.959723,0.000000
22,550,0,,,,,,0.0000,0.936579,0.000000
22,551,0,,,,,,0.0000,0.985599,0.000000
22,552,0,,,,,,0.0000,1.039115,0.000000
22,553,0,,,,,,0.0000,0.973100,0.000000
22,554,0,,,,,,0.0000,0.952636,0.000000
22,555,0,,,,,,0.0000,0.982842,0.000000
22,556,0,,,,,,0.0000,1.011896,0.000000
22,557,0,,,,,,0.0000,1.012557,0.000000
22,558,0,,,,,,0.0000,1.003090,0.000000
22,559,0,,,,,,0.0000,0.937520,0.000000
22,560,0,,,,,,0.0000,0.981815,0.000000
22,561,0,,,,,,0.0000,1.027214,0.000000
22,562,0,,,,,,0.0000,0.970153,0.000000
22,563,0,,,,,,0.0000,1.000498,0.000000
22,564,0,,,,,,0.0000,0.983838,0.000000
22,565,0,,,,,,0.0000,0.970339,0.000000
22,566,0,,,,,,0.0000,0.977654,0.000000
22,567,0,,,,,,0.0000,1.047301,0.000000
22,568,0,,,,,,0.0000,1.010192,0.000000
22,569,0,,,,,,0.0000,0.924871,0.000000
22,570,0,,,,,,0.0000,0.946865,0.000000
22,571,0,,,,,,0.0000,0.971291,0.000000
22,572,0,,,,,,0.0000,1.022922,0.000000
22,573,0,,,,,,0.0000,0.985789,0.000000
22,574,0,,,,,,0.0000,0.968880,0.000000
22,575,0,,,,,,0.0000,0.993502,0.000000
22,576,0,,,,,,0.0000,0.987804,0.000000
22,577,0,,,,,,0.0000,0.983492,0.000000
22,578,0,,,,,,0.0000,1.022695,0.000000
22,579,0,,,,,,0.0000,1.006801,0.000000
22,580,0,,,,,,0.0000,0.952338,0.000000
22,581,0,,,,,,0.0000,0.946561,0.000000
22,582,0,,,,,,0.0000,0.976617,0.000000
22,583,0,,,,,,0.0000,1.013663,0.000000
22,584,0,,,,,,0.0000,1.018450,0.000000
22,585,0,,,,,,0.0000,0.985700,0.000000
22,586,0,,,,,,0.0000,0.961624,0.000000
22,587,0,,,,,,0.0000,0.999479,0.000000
22,588,0,,,,,,0.0000,1.047517,0.000000
22,589,0,,,,,,0.0000,1.020709,0.000000
22,590,0,,,,,,0.0000,0.959167,0.000000
22,591,0,,,,,,0.0000,0.937762,0.000000
22,592,0,,,,,,0.0000,0.990525,0.000000
22,593,0,,,,,,0.0000,1.027187,0.000000
22,594,0,,,,,,0.0000,0.956585,0.000000
22,595,0,,,,,,0.0000,0.982692,0.000000
22,596,0,,,,,,0.0000,1.008483,0.000000
22,597,0,,,,,,0.0000,0.996951,0.000000
22,598,0,,,,,,0.0000,0.975485,0.000000
22,599,0,,,,,,0.0000,0.970935,0.000000
22,600,0,,,,,,0.0000,1.018879,0.000000
22,601,0,,,,,,0.0000,1.015888,0.000000
22,602,0,,,,,,0.0000,0.999453,0.000000
22,603,0,,,,,,0.0000,0.968064,0.000000
22,604,0,,,,,,0.0000,0.991653,0.000000
22,605,0,,,,,,0.0000,0.981320,0.000000
22,606,0,,,,,,0.0000,1.000982,0.000000
22,607,0,,,,,,0.0000,0.992237,0.000000
22,608,0,,,,,,0.0000,0.969433,0.000000
22,609,0,,,,,,0.0000,0.950290,0.000000
22,610,0,,,,,,0.0000,0.982240,0.000000
22,611,0,,,,,,0.0000,1.020262,0.000000
22,612,0,,,,,,0.0000,0.998031,0.000000
22,613,0,,,,,,0.0000,0.978532,0.000000
22,614,0,,,,,,0.0000,0.960537,0.000000
22,615,0,,,,,,0.0000,0.985186,0.000000
22,616,0,,,,,,0.0000,0.953050,0.000000
22,617,0,,,,,,0.0000,1.003600,0.000000
22,618,0,,,,,,0.0000,1.007117,0.000000
22,619,0,,,,,,0.0000,1.010788,0.000000
22,620,0,,,,,,0.0000,1.032045,0.000000
22,621,0,,,,,,0.0000,0.955628,0.000000
22,622,0,,,,,,0.0000,0.988286,0.000000
22,623,0,,,,,,0.0000,0.994028,0.000000
22,624,0,,,,,,0.0000,0.980898,0.000000
22,625,0,,,,,,0.0000,0.972107,0.000000
22,626,0,,,,,,0.0000,0.984357,0.000000
22,627,0,,,,,,0.0000,0.997779,0.000000
22,628,0,,,,,,0.0000,0.990708,0.000000
22,629,0,,,,,,0.0000,0.981333,0.000000
22,630,0,,,,,,0.0000,1.004165,0.000000
22,631,0,,,,,,0.0000,0.961573,0.000000
22,632,0,,,,,,0.0000,1.005975,0.000000
22,633,0,,,,,,0.0000,0.988741,0.000000
22,634,0,,,,,,0.0000,0.950623,0.000000
22,635,0,,,,,,0.0000,0.993995,0.000000
22,636,0,,,,,,0.0000,0.973839,0.000000
22,637,0,,,,,,0.0000,1.011263,0.000000
22,638,0,,,,,,0.0000,1.016005,0.000000
22,639,0,,,,,,0.0000,0.976456,0.000000
22,640,1,0.854951,0.001438,0.335943,0.000000,1.000000,1.0000,0.943860,0.214477
22,641,5,0.147773,0.099748,0.648056,0.166210,0.343636,15.0000,0.707332,0.581453
22,642,10,0.138563,0.099222,0.718876,0.093629,0.668582,17.0000,0.736336,0.703863
22,643,15,0.071245,0.078127,0.775107,0.043239,0.620928,16.0000,0.837989,0.813088
22,644,15,0.070065,0.077379,0.785827,0.042396,0.648741,9.0000,0.893976,0.833911
22,645,16,0.066076,0.074177,0.789580,0.035085,0.664413,11.0000,0.792092,0.841200
22,646,17,0.051090,0.064114,0.798139,0.033419,0.694359,12.0000,0.736580,0.857826
22,647,17,0.051090,0.064114,0.798139,0.033419,0.694359,12.0000,0.876019,0.857826
22,648,14,0.041914,0.038029,0.810297,0.036484,0.719707,13.0000,0.940493,0.877082
22,649,14,0.041914,0.038029,0.810297,0.036484,0.719707,15.0000,0.815244,0.877082
22,650,5,0.229587,0.067171,0.687645,0.137635,0.851967,7.0000,0.976795,0.585202
22,651,6,0.229587,0.061563,0.688394,0.162563,0.953555,10.0000,0.912303,0.585721
22,652,7,0.105542,0.069421,0.768616,0.124526,0.496942,10.0000,0.777376,0.745204
22,653,9,0.100039,0.076203,0.779778,0.064750,0.560710,11.0000,0.778135,0.767394
22,654,10,0.076707,0.060755,0.812765,0.064893,0.517893,12.0000,0.856906,0.832973
22,655,12,0.063434,0.055898,0.825216,0.087914,0.512969,13.0000,0.895743,0.846246
22,656,15,0.054573,0.050535,0.831590,0.079653,0.597336,14.0000,0.909593,0.858918
22,657,15,0.054573,0.050535,0.831590,0.079653,0.597336,14.0000,0.796454,0.858918
22,658,14,0.048078,0.027912,0.843867,0.082408,0.632202,12.0000,0.804417,0.883325
22,659,14,0.054983,0.032633,0.846346,0.084691,0.641159,10.0000,0.857078,0.888253
22,660,3,0.199269,0.082997,0.653982,0.261581,0.329907,6.0000,1.121574,0.503333
22,661,6,0.110148,0.083787,0.736639,0.128060,0.422639,10.0000,0.894879,0.671623
22,662,10,0.087887,0.065086,0.804891,0.090589,0.423397,11.0000,0.699486,0.764754
22,663,11,0.086357,0.063830,0.808978,0.097451,0.517607,13.0000,0.752455,0.773075
22,664,14,0.066419,0.063686,0.818714,0.066315,0.376169,15.0000,0.859398,0.792897
22,665,14,0.058937,0.046857,0.837708,0.075449,0.565760,14.0000,0.875993,0.831571
22,666,14,0.057450,0.044028,0.844965,0.071959,0.557441,13.0000,0.834281,0.846346
22,667,15,0.054077,0.043880,0.850908,0.063369,0.631274,11.0000,0.829411,0.858446
22,668,17,0.054029,0.044688,0.852543,0.057822,0.688693,11.0000,0.826549,0.861775
22,669,18,0.051941,0.044594,0.853171,0.048374,0.666465,11.0000,0.872110,0.863053
22,670,4,0.301170,0.161442,0.519137,0.152359,1.021052,6.0000,1.010988,0.263464
22,671,5,0.257938,0.030543,0.727549,0.116000,1.071310,13.0000,0.895283,0.599978
22,672,8,0.134377,0.034200,0.823590,0.167609,0.894221,15.0000,0.742722,0.777773
22,673,10,0.093562,0.056377,0.835272,0.053188,0.681354,16.0000,0.785443,0.801711
22,674,13,0.069795,0.050838,0.850463,0.072941,0.635857,15.0000,0.932051,0.832835
22,675,13,0.060577,0.046978,0.863208,0.066986,0.576801,9.0000,0.962002,0.858951
22,676,14,0.060050,0.042298,0.877703,0.060850,0.604627,11.0000,0.867186,0.888650
22,677,16,0.068056,0.039635,0.883378,0.040546,0.752790,15.0000,0.814224,0.900279
22,678,16,0.068056,0.039635,0.883378,0.040546,0.752790,9.0000,0.812334,0.900279
22,679,17,0.065948,0.035626,0.889154,0.038007,0.787176,11.0000,0.821672,0.912113
22,680,4,0.220491,0.030128,0.799068,0.008310,0.716550,7.0000,1.082652,0.704713
22,681,5,0.218259,0.024779,0.806621,0.094609,0.890110,17.0000,0.953336,0.720347
22,682,8,0.107831,0.044967,0.857469,0.057870,0.671581,14.0000,0.740852,0.825604
22,683,8,0.107831,0.044967,0.857469,0.057870,0.671581,9.0000,0.846310,0.825604
22,684,10,0.102606,0.059699,0.861857,0.052863,0.631068,10.0000,0.958730,0.834687
22,685,11,0.102525,0.057336,0.862285,0.071974,0.676773,12.0000,0.903154,0.835572
22,686,13,0.099978,0.053738,0.864002,0.047752,0.703611,9.0000,0.877112,0.839127
22,687,16,0.043496,0.038402,0.880992,0.063897,0.743903,13.0000,0.840843,0.874297
22,688,16,0.043496,0.038402,0.880992,0.063897,0.743903,8.0000,0.925929,0.874297
22,689,16,0.043496,0.038402,0.880992,0.063897,0.743903,12.0000,0.848966,0.874297
22,690,2,0.321399,0.032958,0.625403,0.000000,0.099296,2.0000,1.037846,0.362935
22,691,6,0.148523,0.025932,0.779717,0.253858,0.873552,7.0000,0.924101,0.645680
22,692,8,0.129666,0.079216,0.789414,0.132197,0.788138,16.0000,0.776274,0.666103
22,693,11,0.087673,0.042254,0.854026,0.083972,0.783317,13.0000,0.766609,0.802193
22,694,12,0.084287,0.038143,0.867215,0.037165,0.794139,11.0000,0.905679,0.829971
22,695,14,0.082021,0.036754,0.875425,0.024322,0.853470,13.0000,0.893436,0.847263
22,696,15,0.082021,0.043332,0.875974,0.027051,0.750879,3.0000,0.845569,0.848421
22,697,17,0.060909,0.050976,0.880552,0.029667,0.733405,16.0000,0.816362,0.858063
22,698,17,0.060909,0.049395,0.881843,0.028856,0.734065,11.0000,0.842101,0.860782
22,699,16,0.056809,0.037433,0.897651,0.025762,0.796699,10.0000,0.883897,0.894078
22,700,4,0.235148,0.092977,0.620488,0.108412,0.812410,5.0000,1.088115,0.342962
22,701,4,0.265256,0.036466,0.689397,0.039152,0.986199,9.0000,0.963463,0.452871
22,702,6,0.092148,0.045204,0.792048,0.179842,0.472943,13.0000,0.762360,0.667861
22,703,7,0.091747,0.060513,0.811094,0.105657,0.425391,11.0000,0.787749,0.707749
22,704,7,0.092130,0.051755,0.827030,0.101687,0.477084,8.0000,0.932161,0.741126
22,705,9,0.068962,0.045061,0.844797,0.102332,0.678684,7.0000,0.898878,0.778335
22,706,11,0.068672,0.054143,0.845735,0.103936,0.677158,12.0000,0.789428,0.780300
22,707,11,0.068672,0.054143,0.845735,0.103936,0.677158,8.0000,0.772579,0.780300
22,708,13,0.066242,0.046447,0.862947,0.070733,0.655570,14.0000,0.874739,0.816348
22,709,16,0.053959,0.048993,0.874025,0.052834,0.503751,13.0000,0.902168,0.839548
22,710,1,0.824495,0.001335,0.362988,0.000000,1.000000,1.0000,1.086445,0.206449
22,711,5,0.229516,0.172951,0.598680,0.405778,0.820716,8.0000,0.821875,0.392515
22,712,5,0.159698,0.049788,0.769434,0.429491,0.698224,14.0000,0.713505,0.655587
22,713,7,0.127157,0.079759,0.799678,0.105714,0.533486,11.0000,0.797014,0.687722
22,714,7,0.126886,0.067402,0.804007,0.128120,0.590567,13.0000,0.904896,0.696839
22,715,7,0.126886,0.067402,0.804007,0.128120,0.590567,7.0000,0.941227,0.696839
22,716,7,0.118688,0.074053,0.815365,0.096298,0.308643,11.0000,0.873960,0.720763
22,717,8,0.118179,0.103399,0.821574,0.102216,0.371090,12.0000,0.750238,0.733841
22,718,8,0.110834,0.089100,0.836154,0.072773,0.558117,10.0000,0.857988,0.764549
22,719,11,0.059391,0.041700,0.890306,0.088760,0.605582,11.0000,0.881740,0.878606
22,720,3,0.274636,0.179636,0.546844,0.415926,0.391677,3.0000,1.119567,0.240867
22,721,6,0.100492,0.051079,0.773795,0.226172,0.612373,10.0000,0.873505,0.652396
22,722,8,0.089111,0.063183,0.799172,0.044800,0.626073,11.0000,0.695685,0.704927
22,723,8,0.080228,0.033738,0.839434,0.074161,0.597154,14.0000,0.785697,0.788271
22,724,10,0.079350,0.050645,0.840682,0.027520,0.654902,9.0000,0.951891,0.790853
22,725,11,0.079244,0.048683,0.841149,0.040019,0.721026,6.0000,0.956656,0.791820
22,726,13,0.066192,0.039290,0.855678,0.041252,0.734373,11.0000,0.825029,0.821897
22,727,15,0.048773,0.039344,0.860486,0.056580,0.700238,17.0000,0.792529,0.831849
22,728,15,0.048773,0.047645,0.862402,0.061803,0.633111,16.0000,0.823259,0.835814
22,729,16,0.047908,0.046735,0.863023,0.058787,0.688783,10.0000,0.917468,0.837100
22,730,3,0.397140,0.136911,0.431180,0.184684,0.715547,4.0000,1.105007,0.312277
22,731,6,0.143896,0.078130,0.730981,0.191367,0.616541,11.0000,0.915609,0.607189
22,732,9,0.100955,0.067214,0.821009,0.091148,0.590408,22.0000,0.702600,0.789280
22,733,12,0.049474,0.028160,0.886864,0.073515,0.587317,26.0000,0.745139,0.913263
22,734,13,0.049474,0.030884,0.886868,0.080488,0.657560,13.0000,0.844940,0.913270
22,735,13,0.049474,0.030884,0.886868,0.080488,0.657560,6.0000,0.931013,0.913270
22,736,14,0.041720,0.027625,0.895126,0.081373,0.580117,12.0000,0.844001,0.924350
22,737,15,0.034582,0.026019,0.898750,0.067561,0.569234,13.0000,0.817231,0.931776
22,738,15,0.034582,0.026019,0.898750,0.067561,0.569234,12.0000,0.835986,0.931776
22,739,19,0.033239,0.025387,0.899726,0.069486,0.727988,16.0000,0.842697,0.933775
22,740,2,0.504337,0.129883,0.395586,0.000000,0.611337,2.0000,1.082578,0.284264
22,741,6,0.138092,0.090009,0.721805,0.270608,0.524818,8.0000,0.900856,0.595591
22,742,7,0.138913,0.050294,0.798982,0.182875,0.762827,13.0000,0.761026,0.752725
22,743,10,0.073422,0.056876,0.831295,0.075186,0.561609,16.0000,0.771714,0.818514
22,744,11,0.072215,0.064665,0.831308,0.071478,0.482684,19.0000,0.860951,0.818540
22,745,12,0.069552,0.064252,0.847601,0.057638,0.465741,12.0000,0.975393,0.851713
22,746,15,0.061429,0.055735,0.865928,0.041979,0.541999,12.0000,0.841168,0.889027
22,747,14,0.060195,0.035520,0.869591,0.042410,0.604612,13.0000,0.776356,0.896485
22,748,14,0.060195,0.035520,0.869591,0.042410,0.604612,10.0000,0.818663,0.896485
22,749,15,0.059680,0.034336,0.870409,0.039881,0.648159,6.0000,0.865230,0.898150
22,750,3,0.349499,0.021361,0.600166,1.026764,0.870749,5.0000,1.153513,0.398842
22,751,4,0.285794,0.082545,0.617772,0.756529,0.933119,4.0000,0.922206,0.433843
22,752,7,0.104391,0.073678,0.757278,0.169792,0.548901,13.0000,0.715254,0.711184
22,753,10,0.093964,0.081303,0.781261,0.132043,0.670947,14.0000,0.772575,0.758862
22,754,12,0.068433,0.060132,0.819307,0.080180,0.738064,12.0000,0.869482,0.834498
22,755,12,0.045376,0.026121,0.836938,0.101020,0.782475,14.0000,0.917191,0.869549
22,756,13,0.045309,0.025394,0.837406,0.101491,0.844623,9.0000,0.879666,0.870480
22,757,15,0.044329,0.034634,0.841004,0.095829,0.809775,11.0000,0.857417,0.877632
22,758,15,0.045068,0.030495,0.843516,0.097949,0.891005,4.0000,0.805692,0.882626
22,759,15,0.045068,0.030495,0.843516,0.097949,0.891005,9.0000,0.870823,0.882626
22,760,5,0.223633,0.142822,0.583083,0.177059,0.746304,5.0000,1.146879,0.498869
22,761,4,0.207362,0.107271,0.613420,0.212875,0.508449,9.0000,0.912005,0.535518
22,762,5,0.158423,0.108559,0.654126,0.155449,0.467745,8.0000,0.716163,0.614585
22,763,7,0.106086,0.083149,0.719073,0.185512,0.620147,11.0000,0.776794,0.718842
22,764,11,0.095125,0.083220,0.741784,0.069224,0.564848,9.0000,0.971512,0.762956
22,765,13,0.077544,0.063194,0.778849,0.059079,0.677379,10.0000,0.980987,0.834341
22,766,13,0.077544,0.063194,0.778849,0.059079,0.677379,10.0000,0.840912,0.834341
22,767,13,0.060702,0.037441,0.805543,0.076801,0.744862,10.0000,0.806142,0.863530
22,768,15,0.053836,0.036209,0.812750,0.054881,0.763158,11.0000,0.776414,0.877529
22,769,16,0.053587,0.035257,0.813236,0.053069,0.743339,8.0000,0.857189,0.878473
22,770,2,0.269989,0.116748,0.478312,0.000000,0.300657,3.0000,1.093622,0.394538
22,771,3,0.258742,0.073726,0.579573,0.757258,0.804043,4.0000,0.885623,0.533855
22,772,6,0.161267,0.070888,0.663570,0.393615,0.924995,11.0000,0.740092,0.683543
22,773,6,0.159248,0.062990,0.675718,0.398350,0.939351,6.0000,0.812097,0.706950
22,774,6,0.159248,0.062990,0.675718,0.398350,0.939351,6.0000,1.006280,0.706950
22,775,9,0.153052,0.061527,0.717969,0.152524,1.034989,10.0000,0.969326,0.773748
22,776,10,0.069878,0.041281,0.764313,0.133226,0.784165,12.0000,0.842057,0.851413
22,777,10,0.069878,0.041281,0.764313,0.133226,0.784165,6.0000,0.839121,0.851413
22,778,12,0.066741,0.039217,0.770265,0.034992,0.812733,9.0000,0.850502,0.861441
22,779,12,0.066259,0.037386,0.770590,0.035129,0.819697,10.0000,0.851594,0.862068
22,780,2,0.451463,0.322325,0.123128,0.000000,0.540469,2.0000,1.072176,0.013278
22,781,5,0.114691,0.072479,0.642514,0.231453,0.401400,9.0000,0.942624,0.681983
22,782,7,0.101801,0.070583,0.675820,0.101199,0.536263,8.0000,0.783712,0.746100
22,783,9,0.081241,0.057127,0.703326,0.107915,0.697348,12.0000,0.804117,0.797582
22,784,11,0.080689,0.066434,0.714255,0.101310,0.761711,10.0000,0.865178,0.818622
22,785,10,0.054679,0.046619,0.737649,0.067148,0.546377,7.0000,0.920413,0.855329
22,786,9,0.046870,0.019591,0.750030,0.068646,0.574879,4.0000,0.845488,0.879163
22,787,9,0.053411,0.024119,0.757529,0.055719,0.605011,9.0000,0.841277,0.893601
22,788,10,0.053047,0.023042,0.758112,0.068853,0.682572,11.0000,0.834156,0.894723
22,789,10,0.053047,0.023042,0.758112,0.068853,0.682572,4.0000,0.866681,0.894723
22,790,1,0.768745,0.030410,0.305786,0.000000,1.000000,2.0000,1.139584,0.267505
22,791,2,0.297476,0.022959,0.555909,0.000000,0.210755,6.0000,0.868295,0.584035
22,792,8,0.097925,0.058697,0.655145,0.119977,0.589984,14.0000,0.675369,0.747863
22,793,9,0.097418,0.059216,0.656602,0.096223,0.646408,11.0000,0.815495,0.750733
22,794,13,0.048549,0.034562,0.707736,0.067376,0.605279,9.0000,0.949290,0.851487
22,795,14,0.047177,0.039831,0.713027,0.051096,0.586623,11.0000,0.878410,0.861911
22,796,15,0.042574,0.038487,0.728007,0.049368,0.580102,8.0000,0.821913,0.875695
22,797,15,0.042574,0.038487,0.728007,0.049368,0.580102,7.0000,0.801093,0.875695
22,798,15,0.042574,0.038487,0.728007,0.049368,0.580102,13.0000,0.834883,0.875695
22,799,18,0.040268,0.040424,0.735144,0.040299,0.531106,17.0000,0.852489,0.888652
22,800,1,0.594044,0.191285,0.139196,0.000000,1.000000,1.0000,1.075166,0.132679
22,801,5,0.288068,0.161107,0.462392,0.110594,0.857822,8.0000,0.854068,0.540375
22,802,7,0.158354,0.133386,0.538255,0.119755,0.531531,10.0000,0.764939,0.634878
22,803,7,0.084786,0.053163,0.649668,0.133377,0.560400,6.0000,0.798530,0.820554
22,804,7,0.077780,0.043824,0.654807,0.128944,0.539871,5.0000,0.889544,0.830638
22,805,9,0.071220,0.054591,0.667632,0.125228,0.617911,5.0000,0.921596,0.844260
22,806,12,0.065914,0.056904,0.676420,0.074230,0.702222,11.0000,0.837245,0.854299
22,807,12,0.065914,0.056904,0.676420,0.074230,0.702222,10.0000,0.799944,0.854299
22,808,9,0.061355,0.041641,0.683020,0.063305,0.535002,5.0000,0.870252,0.864957
22,809,9,0.061355,0.041641,0.683020,0.063305,0.535002,5.0000,0.879313,0.864957
22,810,1,0.782812,0.166878,0.140575,0.000000,1.000000,1.0000,1.096085,0.032602
22,811,3,0.311377,0.182559,0.327800,0.828673,0.844521,3.0000,0.898324,0.253224
22,812,6,0.168759,0.125506,0.527024,0.106940,0.570447,11.0000,0.734678,0.620598
22,813,7,0.124893,0.094596,0.548847,0.131824,0.475448,10.0000,0.845630,0.659562
22,814,7,0.135090,0.093549,0.555721,0.184860,0.734898,3.0000,0.924145,0.673540
22,815,8,0.100172,0.068744,0.593142,0.104326,0.623253,3.0000,0.940489,0.749637
22,816,8,0.085528,0.063346,0.613247,0.068416,0.462812,6.0000,0.843305,0.790513
22,817,9,0.083164,0.062106,0.615793,0.084280,0.556918,5.0000,0.807219,0.795691
22,818,9,0.095740,0.053525,0.629383,0.097450,0.700750,6.0000,0.858936,0.823326
22,819,9,0.095740,0.053525,0.629383,0.097450,0.700750,9.0000,0.890780,0.823326
22,820,1,0.490449,0.050481,0.256872,0.000000,1.000000,1.0000,1.076795,0.341177
22,821,6,0.168504,0.112138,0.498163,0.276782,0.795001,10.0000,0.920374,0.655620
22,822,6,0.150452,0.067036,0.522249,0.194881,0.786311,12.0000,0.761120,0.690301
22,823,7,0.106218,0.071134,0.577627,0.128922,0.634668,11.0000,0.815592,0.764985
22,824,8,0.082620,0.064632,0.589718,0.124705,0.509535,9.0000,0.922027,0.782292
22,825,11,0.066415,0.059966,0.604994,0.065786,0.517069,7.0000,0.916386,0.812975
22,826,12,0.061868,0.057972,0.605442,0.062675,0.490983,6.0000,0.836434,0.813875
22,827,14,0.061868,0.068609,0.606464,0.052543,0.583069,5.0000,0.786640,0.815929
22,828,15,0.061868,0.072215,0.606770,0.055622,0.642287,5.0000,0.841511,0.816542
22,829,11,0.056179,0.039883,0.632388,0.058680,0.476290,7.0000,0.907772,0.868000
22,830,0,,,,,,0.0000,1.152757,0.000000
22,831,0,,,,,,0.0000,1.128253,0.000000
22,832,0,,,,,,0.0000,0.932466,0.000000
22,833,0,,,,,,0.0000,0.920563,0.000000
22,834,0,,,,,,0.0000,1.032122,0.000000
22,835,0,,,,,,0.0000,1.064377,0.000000
22,836,0,,,,,,0.0000,1.004858,0.000000
22,837,0,,,,,,0.0000,0.948110,0.000000
22,838,0,,,,,,0.0000,0.977544,0.000000
22,839,0,,,,,,0.0000,1.049620,0.000000
22,840,0,,,,,,0.0000,1.044990,0.000000
22,841,0,,,,,,0.0000,0.972388,0.000000
22,842,0,,,,,,0.0000,0.989097,0.000000
22,843,0,,,,,,0.0000,0.994318,0.000000
22,844,0,,,,,,0.0000,0.996315,0.000000
22,845,0,,,,,,0.0000,0.979225,0.000000
22,846,0,,,,,,0.0000,0.963706,0.000000
22,847,0,,,,,,0.0000,0.992630,0.000000
22,848,0,,,,,,0.0000,0.998100,0.000000
22,849,0,,,,,,0.0000,1.031979,0.000000
22,850,0,,,,,,0.0000,0.990980,0.000000
22,851,0,,,,,,0.0000,0.979134,0.000000
22,852,0,,,,,,0.0000,0.970357,0.000000
22,853,0,,,,,,0.0000,0.985001,0.000000
22,854,0,,,,,,0.0000,1.026825,0.000000
22,855,0,,,,,,0.0000,1.021579,0.000000
22,856,0,,,,,,0.0000,1.010592,0.000000
22,857,0,,,,,,0.0000,1.002511,0.000000
22,858,0,,,,,,0.0000,0.957581,0.000000
22,859,0,,,,,,0.0000,0.960543,0.000000
22,860,0,,,,,,0.0000,1.013881,0.000000
22,861,0,,,,,,0.0000,1.066939,0.000000
22,862,0,,,,,,0.0000,1.024532,0.000000
22,863,0,,,,,,0.0000,0.961537,0.000000
22,864,0,,,,,,0.0000,0.937574,0.000000
22,865,0,,,,,,0.0000,1.000917,0.000000
22,866,0,,,,,,0.0000,1.048737,0.000000
22,867,0,,,,,,0.0000,0.982615,0.000000
22,868,0,,,,,,0.0000,0.927734,0.000000
22,869,0,,,,,,0.0000,0.976827,0.000000
22,870,0,,,,,,0.0000,1.038759,0.000000
22,871,0,,,,,,0.0000,0.963653,0.000000
22,872,0,,,,,,0.0000,0.940878,0.000000
22,873,0,,,,,,0.0000,0.986046,0.000000
22,874,0,,,,,,0.0000,1.012424,0.000000
22,875,0,,,,,,0.0000,1.013310,0.000000
22,876,0,,,,,,0.0000,0.988955,0.000000
22,877,0,,,,,,0.0000,0.960321,0.000000
22,878,0,,,,,,0.0000,0.989493,0.000000
22,879,0,,,,,,0.0000,1.000472,0.000000
22,880,0,,,,,,0.0000,1.023245,0.000000
22,881,0,,,,,,0.0000,0.995307,0.000000
22,882,0,,,,,,0.0000,0.970484,0.000000
22,883,0,,,,,,0.0000,0.962957,0.000000
22,884,0,,,,,,0.0000,1.005635,0.000000
22,885,0,,,,,,0.0000,0.991337,0.000000
22,886,0,,,,,,0.0000,0.985539,0.000000
22,887,0,,,,,,0.0000,0.934840,0.000000
22,888,0,,,,,,0.0000,0.944012,0.000000
22,889,0,,,,,,0.0000,1.028157,0.000000
22,890,0,,,,,,0.0000,1.016730,0.000000
22,891,0,,,,,,0.0000,0.963951,0.000000
22,892,0,,,,,,0.0000,0.932135,0.000000
22,893,0,,,,,,0.0000,1.004105,0.000000
22,894,0,,,,,,0.0000,1.021756,0.000000
22,895,0,,,,,,0.0000,0.996286,0.000000
22,896,0,,,,,,0.0000,0.943566,0.000000
22,897,0,,,,,,0.0000,0.977491,0.000000
22,898,0,,,,,,0.0000,1.047063,0.000000
22,899,0,,,,,,0.0000,1.027716,0.000000
22,900,0,,,,,,0.0000,1.005528,0.000000
22,901,0,,,,,,0.0000,0.956067,0.000000
22,902,0,,,,,,0.0000,0.954005,0.000000
22,903,0,,,,,,0.0000,1.042045,0.000000
22,904,0,,,,,,0.0000,1.002632,0.000000
22,905,0,,,,,,0.0000,0.980985,0.000000
22,906,0,,,,,,0.0000,0.961133,0.000000
22,907,0,,,,,,0.0000,0.971736,0.000000
22,908,0,,,,,,0.0000,1.037567,0.000000
22,909,0,,,,,,0.0000,1.021682,0.000000
22,910,0,,,,,,0.0000,0.953444,0.000000
22,911,0,,,,,,0.0000,0.994765,0.000000
22,912,0,,,,,,0.0000,0.976848,0.000000
22,913,0,,,,,,0.0000,0.994179,0.000000
22,914,0,,,,,,0.0000,0.989078,0.000000
22,915,0,,,,,,0.0000,0.993986,0.000000
22,916,0,,,,,,0.0000,1.001381,0.000000
22,917,0,,,,,,0.0000,0.984232,0.000000
22,918,0,,,,,,0.0000,0.979380,0.000000
22,919,0,,,,,,0.0000,0.994586,0.000000
22,920,0,,,,,,0.0000,1.017034,0.000000
22,921,0,,,,,,0.0000,0.991902,0.000000
22,922,0,,,,,,0.0000,0.944026,0.000000
22,923,0,,,,,,0.0000,0.972016,0.000000
22,924,0,,,,,,0.0000,1.038640,0.000000
22,925,0,,,,,,0.0000,0.991786,0.000000
22,926,0,,,,,,0.0000,0.958786,0.000000
22,927,0,,,,,,0.0000,0.971839,0.000000
22,928,0,,,,,,0.0000,1.022325,0.000000
22,929,0,,,,,,0.0000,0.952052,0.000000
22,930,0,,,,,,0.0000,0.941577,0.000000
22,931,0,,,,,,0.0000,0.979649,0.000000
22,932,0,,,,,,0.0000,1.041199,0.000000
22,933,0,,,,,,0.0000,1.010819,0.000000
22,934,0,,,,,,0.0000,0.955598,0.000000
22,935,0,,,,,,0.0000,0.989851,0.000000
22,936,0,,,,,,0.0000,1.017119,0.000000
22,937,0,,,,,,0.0000,1.006407,0.000000
22,938,0,,,,,,0.0000,0.977463,0.000000
22,939,0,,,,,,0.0000,0.942052,0.000000
22,940,0,,,,,,0.0000,0.969024,0.000000
22,941,0,,,,,,0.0000,1.019577,0.000000
22,942,0,,,,,,0.0000,1.025091,0.000000
22,943,0,,,,,,0.0000,0.982441,0.000000
22,944,0,,,,,,0.0000,0.936912,0.000000
22,945,0,,,,,,0.0000,0.998130,0.000000
22,946,0,,,,,,0.0000,1.035996,0.000000
22,947,0,,,,,,0.0000,1.016313,0.000000
22,948,0,,,,,,0.0000,0.957660,0.000000
22,949,0,,,,,,0.0000,0.928053,0.000000
22,950,0,,,,,,0.0000,1.010918,0.000000
22,951,0,,,,,,0.0000,1.060578,0.000000
22,952,0,,,,,,0.0000,1.003634,0.000000
22,953,0,,,,,,0.0000,0.911306,0.000000
22,954,0,,,,,,0.0000,0.962787,0.000000
22,955,0,,,,,,0.0000,1.029765,0.000000
22,956,0,,,,,,0.0000,1.009547,0.000000
22,957,0,,,,,,0.0000,0.954187,0.000000
22,958,0,,,,,,0.0000,0.962563,0.000000
22,959,0,,,,,,0.0000,1.027583,0.000000
22,960,0,,,,,,0.0000,1.012291,0.000000
22,961,0,,,,,,0.0000,0.983583,0.000000
22,962,0,,,,,,0.0000,0.957610,0.000000
22,963,0,,,,,,0.0000,0.989973,0.000000
22,964,0,,,,,,0.0000,1.006004,0.000000
22,965,0,,,,,,0.0000,0.970948,0.000000
22,966,0,,,,,,0.0000,0.958636,0.000000
22,967,0,,,,,,0.0000,0.967181,0.000000
22,968,0,,,,,,0.0000,1.008356,0.000000
22,969,0,,,,,,0.0000,0.978730,0.000000
22,970,0,,,,,,0.0000,0.971905,0.000000
22,971,0,,,,,,0.0000,0.992980,0.000000
22,972,0,,,,,,0.0000,0.986665,0.000000
22,973,0,,,,,,0.0000,0.990464,0.000000
22,974,0,,,,,,0.0000,0.987599,0.000000
22,975,0,,,,,,0.0000,1.001838,0.000000
22,976,0,,,,,,0.0000,0.981109,0.000000
22,977,0,,,,,,0.0000,0.976829,0.000000
22,978,0,,,,,,0.0000,0.985556,0.000000
22,979,0,,,,,,0.0000,0.985169,0.000000
22,980,0,,,,,,0.0000,0.975609,0.000000
22,981,0,,,,,,0.0000,1.017519,0.000000
22,982,0,,,,,,0.0000,1.027340,0.000000
22,983,0,,,,,,0.0000,1.012798,0.000000
22,984,0,,,,,,0.0000,0.986053,0.000000
22,985,0,,,,,,0.0000,0.968940,0.000000
22,986,0,,,,,,0.0000,0.947340,0.000000
22,987,0,,,,,,0.0000,1.009163,0.000000
22,988,0,,,,,,0.0000,1.009658,0.000000
22,989,0,,,,,,0.0000,0.982710,0.000000
22,990,0,,,,,,0.0000,0.969692,0.000000
22,991,0,,,,,,0.0000,0.985173,0.000000
22,992,0,,,,,,0.0000,1.010941,0.000000
22,993,0,,,,,,0.0000,1.013230,0.000000
22,994,0,,,,,,0.0000,0.992202,0.000000
22,995,0,,,,,,0.0000,0.977387,0.000000
22,996,0,,,,,,0.0000,0.991592,0.000000
22,997,0,,,,,,0.0000,1.023753,0.000000
22,998,0,,,,,,0.0000,0.995132,0.000000
22,999,0,,,,,,0.0000,0.990828,0.000000
22,1000,0,,,,,,0.0000,0.990139,0.000000
23,1,5,0.198603,0.134637,0.378881,0.291990,0.750735,8.0000,0.932230,0.604948
23,2,6,0.198603,0.148390,0.379065,0.299231,0.907035,2.0000,1.041920,0.605310
23,3,6,0.198603,0.148390,0.379065,0.299231,0.907035,1.0000,1.032280,0.605310
23,4,4,0.109913,0.054854,0.449340,0.010890,0.255283,3.0000,0.944413,0.743205
23,5,7,0.092009,0.060344,0.458801,0.087905,0.505910,10.0000,0.925249,0.761769
23,6,10,0.078514,0.070353,0.475773,0.088471,0.545004,10.0000,1.001339,0.784571
23,7,7,0.071433,0.039039,0.495296,0.103460,0.502522,9.0000,1.018232,0.822879
23,8,7,0.071433,0.039039,0.495296,0.103460,0.502522,3.0000,0.983433,0.822879
23,9,8,0.071110,0.045458,0.499419,0.079305,0.609858,10.0000,0.900579,0.830971
23,10,1,0.513837,0.094474,0.156880,0.000000,1.000000,1.0000,1.251348,0.288496
23,11,4,0.248628,0.066985,0.361772,0.122659,0.644595,6.0000,1.086675,0.609120
23,12,7,0.077658,0.052621,0.442573,0.183793,0.522896,13.0000,0.921809,0.768056
23,13,8,0.070322,0.047316,0.462693,0.116749,0.466343,13.0000,0.859256,0.805616
23,14,9,0.059566,0.038640,0.483552,0.091989,0.478191,9.0000,1.011097,0.848033
23,15,11,0.057367,0.048024,0.487671,0.047150,0.467116,11.0000,1.026750,0.856410
23,16,13,0.058696,0.042206,0.492802,0.051311,0.685307,5.0000,0.971048,0.866843
23,17,13,0.058696,0.042206,0.492802,0.051311,0.685307,4.0000,0.969364,0.866843
23,18,12,0.049462,0.027175,0.501939,0.075191,0.656624,5.0000,0.995745,0.885425
23,19,13,0.048570,0.026156,0.503338,0.074028,0.724359,8.0000,1.034652,0.888270
23,20,1,0.738818,0.086541,0.157761,0.000000,1.000000,1.0000,1.247359,0.212622
23,21,3,0.254922,0.094290,0.249125,0.718939,0.814918,5.0000,1.067592,0.425506
23,22,5,0.166937,0.095191,0.347744,0.163991,0.833206,8.0000,0.905538,0.623597
23,23,8,0.131974,0.096334,0.369676,0.130043,0.740578,9.0000,0.870213,0.666129
23,24,9,0.120660,0.080627,0.400648,0.106928,0.771099,8.0000,1.020621,0.731831
23,25,10,0.114850,0.077035,0.404166,0.100964,0.765322,6.0000,1.056440,0.738895
23,26,13,0.083389,0.076285,0.431830,0.050699,0.724742,5.0000,0.958930,0.787947
23,27,15,0.081126,0.071382,0.433923,0.033184,0.757483,4.0000,0.958783,0.792152
23,28,15,0.079645,0.068662,0.438575,0.036739,0.753584,4.0000,1.029762,0.799408
23,29,16,0.072853,0.070083,0.442905,0.036561,0.720084,5.0000,1.068904,0.808105
23,30,0,,,,,,0.0000,1.246783,0.000000
23,31,0,,,,,,0.0000,1.315246,0.000000
23,32,0,,,,,,0.0000,1.181770,0.000000
23,33,0,,,,,,0.0000,1.148482,0.000000
23,34,0,,,,,,0.0000,1.185487,0.000000
23,35,0,,,,,,0.0000,1.219590,0.000000
23,36,0,,,,,,0.0000,1.178067,0.000000
23,37,0,,,,,,0.0000,1.171879,0.000000
23,38,0,,,,,,0.0000,1.194130,0.000000
23,39,0,,,,,,0.0000,1.204200,0.000000
23,40,0,,,,,,0.0000,1.182506,0.000000
23,41,0,,,,,,0.0000,1.176699,0.000000
23,42,0,,,,,,0.0000,1.184933,0.000000
23,43,0,,,,,,0.0000,1.168697,0.000000
23,44,0,,,,,,0.0000,1.215378,0.000000
23,45,0,,,,,,0.0000,1.200456,0.000000
23,46,0,,,,,,0.0000,1.130030,0.000000
23,47,0,,,,,,0.0000,1.157461,0.000000
23,48,0,,,,,,0.0000,1.195217,0.000000
23,49,0,,,,,,0.0000,1.210883,0.000000
23,50,0,,,,,,0.0000,1.207617,0.000000
23,51,0,,,,,,0.0000,1.162587,0.000000
23,52,0,,,,,,0.0000,1.155384,0.000000
23,53,0,,,,,,0.0000,1.184448,0.000000
23,54,0,,,,,,0.0000,1.194869,0.000000
23,55,0,,,,,,0.0000,1.168578,0.000000
23,56,0,,,,,,0.0000,1.158002,0.000000
23,57,0,,,,,,0.0000,1.165410,0.000000
23,58,0,,,,,,0.0000,1.193196,0.000000
23,59,0,,,,,,0.0000,1.188241,0.000000
23,60,0,,,,,,0.0000,1.185642,0.000000
23,61,0,,,,,,0.0000,1.173905,0.000000
23,62,0,,,,,,0.0000,1.160296,0.000000
23,63,0,,,,,,0.0000,1.182116,0.000000
23,64,0,,,,,,0.0000,1.199761,0.000000
23,65,0,,,,,,0.0000,1.212138,0.000000
23,66,0,,,,,,0.0000,1.178158,0.000000
23,67,0,,,,,,0.0000,1.119238,0.000000
23,68,0,,,,,,0.0000,1.157792,0.000000
23,69,0,,,,,,0.0000,1.180309,0.000000
23,70,0,,,,,,0.0000,1.194768,0.000000
23,71,0,,,,,,0.0000,1.165083,0.000000
23,72,0,,,,,,0.0000,1.165180,0.000000
23,73,0,,,,,,0.0000,1.182647,0.000000
23,74,0,,,,,,0.0000,1.162107,0.000000
23,75,0,,,,,,0.0000,1.212682,0.000000
23,76,0,,,,,,0.0000,1.180437,0.000000
23,77,0,,,,,,0.0000,1.134117,0.000000
23,78,0,,,,,,0.0000,1.156339,0.000000
23,79,0,,,,,,0.0000,1.198396,0.000000
23,80,0,,,,,,0.0000,1.183704,0.000000
23,81,0,,,,,,0.0000,1.159952,0.000000
23,82,0,,,,,,0.0000,1.172885,0.000000
23,83,0,,,,,,0.0000,1.186971,0.000000
23,84,0,,,,,,0.0000,1.187054,0.000000
23,85,0,,,,,,0.0000,1.150584,0.000000
23,86,0,,,,,,0.0000,1.159173,0.000000
23,87,0,,,,,,0.0000,1.158804,0.000000
23,88,0,,,,,,0.0000,1.166772,0.000000
23,89,0,,,,,,0.0000,1.155065,0.000000
23,90,0,,,,,,0.0000,1.168128,0.000000
23,91,0,,,,,,0.0000,1.185709,0.000000
23,92,0,,,,,,0.0000,1.195003,0.000000
23,93,0,,,,,,0.0000,1.136002,0.000000
23,94,0,,,,,,0.0000,1.157972,0.000000
23,95,0,,,,,,0.0000,1.185527,0.000000
23,96,0,,,,,,0.0000,1.180559,0.000000
23,97,0,,,,,,0.0000,1.185988,0.000000
23,98,0,,,,,,0.0000,1.144717,0.000000
23,99,0,,,,,,0.0000,1.166026,0.000000
23,100,0,,,,,,0.0000,1.192099,0.000000
23,101,0,,,,,,0.0000,1.169952,0.000000
23,102,0,,,,,,0.0000,1.154955,0.000000
23,103,0,,,,,,0.0000,1.188705,0.000000
23,104,0,,,,,,0.0000,1.181340,0.000000
23,105,0,,,,,,0.0000,1.198885,0.000000
23,106,0,,,,,,0.0000,1.150648,0.000000
23,107,0,,,,,,0.0000,1.165305,0.000000
23,108,0,,,,,,0.0000,1.176172,0.000000
23,109,0,,,,,,0.0000,1.161802,0.000000
23,110,0,,,,,,0.0000,1.154882,0.000000
23,111,0,,,,,,0.0000,1.141003,0.000000
23,112,0,,,,,,0.0000,1.196674,0.000000
23,113,0,,,,,,0.0000,1.207251,0.000000
23,114,0,,,,,,0.0000,1.159789,0.000000
23,115,0,,,,,,0.0000,1.154441,0.000000
23,116,0,,,,,,0.0000,1.191093,0.000000
23,117,0,,,,,,0.0000,1.228805,0.000000
23,118,0,,,,,,0.0000,1.161747,0.000000
23,119,0,,,,,,0.0000,1.147029,0.000000
23,120,0,,,,,,0.0000,1.194371,0.000000
23,121,0,,,,,,0.0000,1.216703,0.000000
23,122,0,,,,,,0.0000,1.158258,0.000000
23,123,0,,,,,,0.0000,1.151967,0.000000
23,124,0,,,,,,0.0000,1.177962,0.000000
23,125,0,,,,,,0.0000,1.188985,0.000000
23,126,0,,,,,,0.0000,1.163413,0.000000
23,127,0,,,,,,0.0000,1.158499,0.000000
23,128,0,,,,,,0.0000,1.159743,0.000000
23,129,0,,,,,,0.0000,1.178567,0.000000
23,130,0,,,,,,0.0000,1.207767,0.000000
23,131,0,,,,,,0.0000,1.171769,0.000000
23,132,0,,,,,,0.0000,1.118014,0.000000
23,133,0,,,,,,0.0000,1.188900,0.000000
23,134,0,,,,,,0.0000,1.205495,0.000000
23,135,0,,,,,,0.0000,1.158493,0.000000
23,136,0,,,,,,0.0000,1.162926,0.000000
23,137,0,,,,,,0.0000,1.166366,0.000000
23,138,0,,,,,,0.0000,1.188914,0.000000
23,139,0,,,,,,0.0000,1.182910,0.000000
23,140,0,,,,,,0.0000,1.166970,0.000000
23,141,0,,,,,,0.0000,1.184560,0.000000
23,142,0,,,,,,0.0000,1.175300,0.000000
23,143,0,,,,,,0.0000,1.157193,0.000000
23,144,0,,,,,,0.0000,1.166685,0.000000
23,145,0,,,,,,0.0000,1.162398,0.000000
23,146,0,,,,,,0.0000,1.182553,0.000000
23,147,0,,,,,,0.0000,1.174029,0.000000
23,148,0,,,,,,0.0000,1.158496,0.000000
23,149,0,,,,,,0.0000,1.158879,0.000000
23,150,0,,,,,,0.0000,1.163721,0.000000
23,151,0,,,,,,0.0000,1.162948,0.000000
23,152,0,,,,,,0.0000,1.163408,0.000000
23,153,0,,,,,,0.0000,1.191316,0.000000
23,154,0,,,,,,0.0000,1.171827,0.000000
23,155,0,,,,,,0.0000,1.143355,0.000000
23,156,0,,,,,,0.0000,1.152708,0.000000
23,157,0,,,,,,0.0000,1.196855,0.000000
23,158,0,,,,,,0.0000,1.188120,0.000000
23,159,0,,,,,,0.0000,1.140102,0.000000
23,160,0,,,,,,0.0000,1.160154,0.000000
23,161,0,,,,,,0.0000,1.188618,0.000000
23,162,0,,,,,,0.0000,1.202217,0.000000
23,163,0,,,,,,0.0000,1.145050,0.000000
23,164,0,,,,,,0.0000,1.133553,0.000000
23,165,0,,,,,,0.0000,1.183161,0.000000
23,166,0,,,,,,0.0000,1.213397,0.000000
23,167,0,,,,,,0.0000,1.175267,0.000000
23,168,0,,,,,,0.0000,1.132845,0.000000
23,169,0,,,,,,0.0000,1.153716,0.000000
23,170,0,,,,,,0.0000,1.197591,0.000000
23,171,0,,,,,,0.0000,1.188686,0.000000
23,172,0,,,,,,0.0000,1.137923,0.000000
23,173,0,,,,,,0.0000,1.149370,0.000000
23,174,0,,,,,,0.0000,1.198947,0.000000
23,175,0,,,,,,0.0000,1.195253,0.000000
23,176,0,,,,,,0.0000,1.146366,0.000000
23,177,0,,,,,,0.0000,1.148171,0.000000
23,178,0,,,,,,0.0000,1.170855,0.000000
23,179,0,,,,,,0.0000,1.185177,0.000000
23,180,0,,,,,,0.0000,1.176028,0.000000
23,181,0,,,,,,0.0000,1.148834,0.000000
23,182,0,,,,,,0.0000,1.159578,0.000000
23,183,0,,,,,,0.0000,1.194058,0.000000
23,184,0,,,,,,0.0000,1.189528,0.000000
23,185,0,,,,,,0.0000,1.180568,0.000000
23,186,0,,,,,,0.0000,1.174340,0.000000
23,187,0,,,,,,0.0000,1.150540,0.000000
23,188,0,,,,,,0.0000,1.177182,0.000000
23,189,0,,,,,,0.0000,1.176539,0.000000
23,190,0,,,,,,0.0000,1.184843,0.000000
23,191,0,,,,,,0.0000,1.198801,0.000000
23,192,0,,,,,,0.0000,1.190375,0.000000
23,193,0,,,,,,0.0000,1.152448,0.000000
23,194,0,,,,,,0.0000,1.153275,0.000000
23,195,0,,,,,,0.0000,1.177138,0.000000
23,196,0,,,,,,0.0000,1.209034,0.000000
23,197,0,,,,,,0.0000,1.171665,0.000000
23,198,0,,,,,,0.0000,1.139983,0.000000
23,199,0,,,,,,0.0000,1.152811,0.000000
23,200,0,,,,,,0.0000,1.184062,0.000000
23,201,0,,,,,,0.0000,1.192070,0.000000
23,202,0,,,,,,0.0000,1.179744,0.000000
23,203,0,,,,,,0.0000,1.150653,0.000000
23,204,0,,,,,,0.0000,1.183359,0.000000
23,205,0,,,,,,0.0000,1.211003,0.000000
23,206,0,,,,,,0.0000,1.172519,0.000000
23,207,0,,,,,,0.0000,1.118583,0.000000
23,208,0,,,,,,0.0000,1.187568,0.000000
23,209,0,,,,,,0.0000,1.212397,0.000000
23,210,0,,,,,,0.0000,1.169161,0.000000
23,211,0,,,,,,0.0000,1.135937,0.000000
23,212,0,,,,,,0.0000,1.162577,0.000000
23,213,0,,,,,,0.0000,1.192853,0.000000
23,214,0,,,,,,0.0000,1.196737,0.000000
23,215,0,,,,,,0.0000,1.161626,0.000000
23,216,0,,,,,,0.0000,1.175633,0.000000
23,217,0,,,,,,0.0000,1.182115,0.000000
23,218,0,,,,,,0.0000,1.173272,0.000000
23,219,0,,,,,,0.0000,1.165604,0.000000
23,220,0,,,,,,0.0000,1.161523,0.000000
23,221,0,,,,,,0.0000,1.181334,0.000000
23,222,0,,,,,,0.0000,1.202224,0.000000
23,223,0,,,,,,0.0000,1.183194,0.000000
23,224,0,,,,,,0.0000,1.158651,0.000000
23,225,0,,,,,,0.0000,1.192130,0.000000
23,226,0,,,,,,0.0000,1.158317,0.000000
23,227,0,,,,,,0.0000,1.158641,0.000000
23,228,0,,,,,,0.0000,1.185626,0.000000
23,229,0,,,,,,0.0000,1.188320,0.000000
23,230,0,,,,,,0.0000,1.203410,0.000000
23,231,0,,,,,,0.0000,1.182552,0.000000
23,232,0,,,,,,0.0000,1.187527,0.000000
23,233,0,,,,,,0.0000,1.171719,0.000000
23,234,0,,,,,,0.0000,1.194258,0.000000
23,235,0,,,,,,0.0000,1.183285,0.000000
23,236,0,,,,,,0.0000,1.168555,0.000000
23,237,0,,,,,,0.0000,1.183513,0.000000
23,238,0,,,,,,0.0000,1.197633,0.000000
23,239,0,,,,,,0.0000,1.160863,0.000000
23,240,0,,,,,,0.0000,1.160763,0.000000
23,241,0,,,,,,0.0000,1.176593,0.000000
23,242,0,,,,,,0.0000,1.137634,0.000000
23,243,0,,,,,,0.0000,1.156076,0.000000
23,244,0,,,,,,0.0000,1.187019,0.000000
23,245,0,,,,,,0.0000,1.222548,0.000000
23,246,1,0.857629,0.003911,0.246755,0.000000,1.000000,1.0000,1.169281,0.203109
23,247,5,0.189878,0.149646,0.425591,0.071718,0.322166,8.0000,0.837635,0.476726
23,248,7,0.141910,0.090990,0.529384,0.165763,0.556405,10.0000,0.816012,0.675013
23,249,8,0.126549,0.061348,0.546073,0.072692,0.708892,7.0000,1.049582,0.707430
23,250,0,,,,,,0.0000,1.361106,0.000000
23,251,2,0.386997,0.010921,0.395845,0.000000,0.015308,2.0000,1.295730,0.359841
23,252,2,0.386997,0.010921,0.395845,0.000000,0.015308,2.0000,0.943200,0.359841
23,253,4,0.165720,0.064030,0.516532,0.346994,0.425797,8.0000,0.926846,0.599769
23,254,4,0.165720,0.064030,0.516532,0.346994,0.425797,4.0000,1.154497,0.599769
23,255,6,0.137542,0.078944,0.557552,0.155572,0.588157,8.0000,1.139297,0.681318
23,256,9,0.093706,0.087024,0.618976,0.095372,0.388788,14.0000,0.972600,0.803431
23,257,8,0.099742,0.084171,0.621377,0.095058,0.334829,6.0000,0.966711,0.808203
23,258,9,0.099742,0.084978,0.621566,0.117367,0.466402,9.0000,1.008956,0.808579
23,259,9,0.079221,0.059188,0.635523,0.105072,0.457227,3.0000,1.058912,0.836326
23,260,1,0.759301,0.230017,0.059903,0.000000,1.000000,1.0000,1.276967,0.000000
23,261,4,0.323183,0.142337,0.347597,0.105751,0.708703,5.0000,1.099414,0.390700
23,262,6,0.130665,0.082299,0.521296,0.138535,0.298616,13.0000,0.906226,0.566903
23,263,6,0.097417,0.061728,0.601497,0.140255,0.381664,9.0000,0.949004,0.730193
23,264,7,0.086743,0.048859,0.615435,0.184192,0.567852,9.0000,1.048396,0.758572
23,265,7,0.086743,0.048859,0.615435,0.184192,0.567852,2.0000,1.032938,0.758572
23,266,11,0.078022,0.063639,0.626271,0.074339,0.593312,11.0000,1.003020,0.780635
23,267,10,0.071259,0.044404,0.641180,0.078220,0.691585,8.0000,0.984365,0.810988
23,268,13,0.069414,0.042430,0.651162,0.067323,0.724260,19.0000,1.002158,0.827818
23,269,14,0.069414,0.045755,0.651271,0.069868,0.777752,8.0000,1.043409,0.828040
23,270,2,0.306272,0.124495,0.363349,0.000000,0.171198,2.0000,1.211284,0.291707
23,271,4,0.291440,0.071653,0.408616,0.037121,1.105017,7.0000,1.082544,0.344005
23,272,9,0.096803,0.080165,0.576464,0.134325,0.623976,14.0000,0.945005,0.657669
23,273,12,0.088161,0.084254,0.594049,0.058572,0.590396,9.0000,0.998180,0.693700
23,274,13,0.088161,0.097144,0.594254,0.040255,0.589961,9.0000,1.084066,0.694120
23,275,13,0.084749,0.092409,0.603035,0.043303,0.659625,4.0000,1.101235,0.712112
23,276,12,0.076552,0.052564,0.651925,0.044178,0.710185,15.0000,0.940170,0.812288
23,277,10,0.076915,0.042505,0.663836,0.099101,0.679745,13.0000,0.970352,0.828894
23,278,11,0.070585,0.042424,0.665248,0.046275,0.657615,6.0000,1.033702,0.831787
23,279,11,0.070585,0.042424,0.665248,0.046275,0.657615,5.0000,1.019450,0.831787
23,280,1,0.845226,0.032869,0.178668,0.000000,1.000000,1.0000,1.227478,0.136900
23,281,2,0.288084,0.032152,0.481814,0.000000,0.154233,4.0000,1.108379,0.490985
23,282,5,0.231564,0.036822,0.548792,0.092421,1.091550,10.0000,0.965465,0.613615
23,283,8,0.151008,0.063344,0.595976,0.112576,0.966748,14.0000,1.011538,0.711287
23,284,8,0.151008,0.063344,0.595976,0.112576,0.966748,4.0000,1.054621,0.711287
23,285,10,0.147781,0.058995,0.605482,0.077141,0.937028,9.0000,1.050781,0.722226
23,286,11,0.083642,0.057207,0.641899,0.120350,0.799865,10.0000,1.020828,0.797610
23,287,13,0.077633,0.038509,0.675278,0.116252,0.838103,12.0000,1.019482,0.830804
23,288,14,0.061605,0.043936,0.698753,0.100054,0.695890,12.0000,0.989154,0.879397
23,289,14,0.061605,0.043936,0.698753,0.100054,0.695890,7.0000,1.033926,0.879397
23,290,2,0.307106,0.083804,0.399386,0.000000,0.136657,3.0000,1.310089,0.297704
23,291,6,0.148486,0.082051,0.557421,0.175980,0.729858,10.0000,1.075601,0.566500
23,292,9,0.123334,0.070270,0.599984,0.144137,0.729202,11.0000,0.951195,0.656149
23,293,12,0.107661,0.091239,0.637220,0.101312,0.685982,9.0000,0.985179,0.734577
23,294,13,0.082381,0.080987,0.655851,0.102308,0.662947,12.0000,1.062932,0.773817
23,295,15,0.081214,0.078139,0.667590,0.073911,0.639648,5.0000,1.042543,0.798543
23,296,15,0.079140,0.073540,0.670173,0.074168,0.616314,9.0000,0.934475,0.803984
23,297,17,0.066463,0.071023,0.672124,0.054953,0.598188,14.0000,0.984124,0.808093
23,298,18,0.066163,0.069072,0.673716,0.052237,0.581578,10.0000,1.013541,0.811446
23,299,19,0.065625,0.067698,0.686770,0.052088,0.521009,5.0000,1.074972,0.838940
23,300,2,0.330315,0.179623,0.315666,0.000000,0.193579,3.0000,1.228576,0.188312
23,301,5,0.136636,0.062481,0.565676,0.109219,0.387743,10.0000,1.091850,0.580592
23,302,6,0.126435,0.072813,0.580278,0.091237,0.351456,9.0000,0.921729,0.611173
23,303,7,0.136850,0.065387,0.636784,0.125031,0.508121,4.0000,0.994685,0.729516
23,304,9,0.121725,0.065119,0.673112,0.048144,0.655947,6.0000,1.159636,0.805600
23,305,10,0.121633,0.064061,0.673683,0.051124,0.705512,12.0000,1.089781,0.806796
23,306,11,0.089369,0.065816,0.685695,0.054777,0.662496,8.0000,0.970347,0.831953
23,307,12,0.068714,0.058656,0.707344,0.076571,0.708117,10.0000,0.907143,0.877293
23,308,13,0.068714,0.058042,0.707536,0.041626,0.692332,4.0000,1.052057,0.877696
23,309,13,0.068714,0.058042,0.707536,0.041626,0.692332,5.0000,1.062476,0.877696
23,310,2,0.310476,0.086694,0.393871,0.000000,0.150974,3.0000,1.285589,0.256803
23,311,5,0.156184,0.050511,0.564377,0.388371,0.682139,14.0000,0.988683,0.581150
23,312,8,0.092216,0.055854,0.644503,0.189103,0.558227,10.0000,0.877476,0.749916
23,313,8,0.090197,0.053615,0.650927,0.187801,0.557536,10.0000,1.019032,0.763445
23,314,10,0.069191,0.054780,0.662766,0.086668,0.533956,9.0000,1.049679,0.788382
23,315,10,0.069191,0.054780,0.662766,0.086668,0.533956,6.0000,1.030510,0.788382
23,316,11,0.065956,0.058941,0.663081,0.082132,0.471990,9.0000,1.030908,0.789045
23,317,13,0.059993,0.058786,0.671946,0.090372,0.571725,12.0000,1.007685,0.807717
23,318,13,0.059397,0.055084,0.681602,0.087986,0.568087,10.0000,1.034153,0.828055
23,319,13,0.059397,0.055084,0.681602,0.087986,0.568087,4.0000,1.039895,0.828055
23,320,2,0.353240,0.155823,0.315317,0.000000,0.152732,3.0000,1.261730,0.212968
23,321,5,0.102840,0.052856,0.591002,0.323343,0.519792,7.0000,1.094500,0.671130
23,322,9,0.099821,0.059147,0.619098,0.177119,0.782523,12.0000,0.879983,0.714509
23,323,10,0.091191,0.066406,0.620709,0.147145,0.674419,10.0000,0.934720,0.717844
23,324,10,0.091191,0.066406,0.620709,0.147145,0.674419,15.0000,1.018264,0.717844
23,325,8,0.084909,0.050133,0.642883,0.181796,0.635521,8.0000,1.101578,0.763745
23,326,12,0.067730,0.066472,0.658885,0.049758,0.642160,9.0000,0.980149,0.796871
23,327,13,0.066180,0.063892,0.659921,0.038367,0.686995,8.0000,0.922272,0.799014
23,328,12,0.056831,0.060712,0.682016,0.078414,0.606828,9.0000,0.997606,0.844751
23,329,11,0.044644,0.036988,0.694275,0.054429,0.570640,7.0000,1.060105,0.870128
23,330,2,0.729532,0.053532,0.232241,0.000000,0.885387,2.0000,1.271743,0.245232
23,331,5,0.183580,0.115431,0.478558,0.112073,0.635776,8.0000,0.988638,0.491639
23,332,7,0.114219,0.105305,0.548103,0.072015,0.420387,11.0000,0.885642,0.634138
23,333,9,0.088974,0.062661,0.626195,0.064405,0.329930,9.0000,0.997972,0.751768
23,334,9,0.104962,0.055877,0.657656,0.070655,0.522239,8.0000,1.096675,0.816231
23,335,9,0.104154,0.055429,0.661334,0.066849,0.520953,12.0000,1.059892,0.823767
23,336,10,0.067486,0.052664,0.682542,0.069800,0.389730,5.0000,0.982619,0.867223
23,337,10,0.067427,0.052667,0.682860,0.069702,0.390497,9.0000,0.913505,0.867875
23,338,11,0.067317,0.051053,0.688838,0.080893,0.474841,7.0000,1.066806,0.880124
23,339,11,0.062413,0.044618,0.692291,0.086860,0.495226,7.0000,1.082291,0.887197
23,340,2,0.350707,0.152403,0.291234,0.000000,0.173417,3.0000,1.271794,0.154863
23,341,4,0.304817,0.091615,0.415308,0.805383,1.073031,4.0000,1.071670,0.357644
23,342,8,0.142622,0.066721,0.572595,0.085272,0.752440,9.0000,0.873717,0.667854
23,343,10,0.099785,0.059982,0.617522,0.067114,0.477556,9.0000,1.002529,0.759327
23,344,11,0.099703,0.061819,0.618488,0.081507,0.567117,5.0000,1.103105,0.761295
23,345,11,0.099641,0.061686,0.619186,0.081074,0.568831,8.0000,1.068041,0.762714
23,346,12,0.090097,0.072134,0.623407,0.077960,0.506880,9.0000,0.965279,0.771309
23,347,12,0.081736,0.065436,0.640345,0.049536,0.405102,12.0000,0.934587,0.805795
23,348,13,0.067838,0.064774,0.643487,0.048357,0.358422,9.0000,1.010845,0.812191
23,349,14,0.067191,0.062462,0.644914,0.059850,0.412670,16.0000,1.031512,0.815098
23,350,1,0.850677,0.009616,0.176322,0.000000,1.000000,2.0000,1.243368,0.190288
23,351,3,0.331495,0.071113,0.372823,0.478859,0.824411,4.0000,1.103843,0.479158
23,352,6,0.172197,0.081493,0.529624,0.100546,0.656772,10.0000,0.877573,0.625797
23,353,10,0.071071,0.061193,0.617277,0.088766,0.378123,10.0000,0.943579,0.800052
23,354,11,0.068098,0.055590,0.626689,0.088143,0.521369,5.0000,1.067504,0.818763
23,355,10,0.053181,0.036048,0.643209,0.076489,0.490083,9.0000,1.138990,0.851606
23,356,11,0.051229,0.035156,0.645433,0.081983,0.554059,7.0000,0.998910,0.856027
23,357,13,0.051229,0.045538,0.650615,0.050491,0.447705,10.0000,0.945544,0.866328
23,358,14,0.049737,0.044366,0.654814,0.046630,0.463018,5.0000,1.062513,0.874676
23,359,14,0.049482,0.044295,0.655664,0.045432,0.458266,9.0000,1.025192,0.876366
23,360,0,,,,,,0.0000,1.305511,0.000000
23,361,0,,,,,,0.0000,1.312884,0.000000
23,362,0,,,,,,0.0000,1.167105,0.000000
23,363,0,,,,,,0.0000,1.123924,0.000000
23,364,0,,,,,,0.0000,1.202832,0.000000
23,365,0,,,,,,0.0000,1.254943,0.000000
23,366,0,,,,,,0.0000,1.190851,0.000000
23,367,0,,,,,,0.0000,1.156200,0.000000
23,368,0,,,,,,0.0000,1.170918,0.000000
23,369,0,,,,,,0.0000,1.212527,0.000000
23,370,0,,,,,,0.0000,1.175530,0.000000
23,371,0,,,,,,0.0000,1.189556,0.000000
23,372,0,,,,,,0.0000,1.196101,0.000000
23,373,0,,,,,,0.0000,1.195639,0.000000
23,374,0,,,,,,0.0000,1.125494,0.000000
23,375,0,,,,,,0.0000,1.154534,0.000000
23,376,0,,,,,,0.0000,1.234929,0.000000
23,377,0,,,,,,0.0000,1.199909,0.000000
23,378,0,,,,,,0.0000,1.150144,0.000000
23,379,0,,,,,,0.0000,1.133940,0.000000
23,380,0,,,,,,0.0000,1.178430,0.000000
23,381,0,,,,,,0.0000,1.191072,0.000000
23,382,0,,,,,,0.0000,1.173554,0.000000
23,383,0,,,,,,0.0000,1.177094,0.000000
23,384,0,,,,,,0.0000,1.182819,0.000000
23,385,0,,,,,,0.0000,1.156946,0.000000
23,386,0,,,,,,0.0000,1.182306,0.000000
23,387,0,,,,,,0.0000,1.162816,0.000000
23,388,0,,,,,,0.0000,1.150827,0.000000
23,389,0,,,,,,0.0000,1.161058,0.000000
23,390,0,,,,,,0.0000,1.177039,0.000000
23,391,0,,,,,,0.0000,1.173002,0.000000
23,392,0,,,,,,0.0000,1.157605,0.000000
23,393,0,,,,,,0.0000,1.204109,0.000000
23,394,0,,,,,,0.0000,1.166617,0.000000
23,395,0,,,,,,0.0000,1.169963,0.000000
23,396,0,,,,,,0.0000,1.166720,0.000000
23,397,0,,,,,,0.0000,1.174993,0.000000
23,398,0,,,,,,0.0000,1.193367,0.000000
23,399,0,,,,,,0.0000,1.184587,0.000000
23,400,0,,,,,,0.0000,1.147965,0.000000
23,401,0,,,,,,0.0000,1.171566,0.000000
23,402,0,,,,,,0.0000,1.198147,0.000000
23,403,0,,,,,,0.0000,1.212266,0.000000
23,404,0,,,,,,0.0000,1.148221,0.000000
23,405,0,,,,,,0.0000,1.113359,0.000000
23,406,0,,,,,,0.0000,1.175810,0.000000
23,407,0,,,,,,0.0000,1.227679,0.000000
23,408,0,,,,,,0.0000,1.191495,0.000000
23,409,0,,,,,,0.0000,1.129937,0.000000
23,410,0,,,,,,0.0000,1.114276,0.000000
23,411,0,,,,,,0.0000,1.193472,0.000000
23,412,0,,,,,,0.0000,1.219408,0.000000
23,413,0,,,,,,0.0000,1.134084,0.000000
23,414,0,,,,,,0.0000,1.138895,0.000000
23,415,0,,,,,,0.0000,1.174059,0.000000
23,416,0,,,,,,0.0000,1.209943,0.000000
23,417,0,,,,,,0.0000,1.148300,0.000000
23,418,0,,,,,,0.0000,1.129791,0.000000
23,419,0,,,,,,0.0000,1.150318,0.000000
23,420,0,,,,,,0.0000,1.186599,0.000000
23,421,0,,,,,,0.0000,1.186752,0.000000
23,422,0,,,,,,0.0000,1.156784,0.000000
23,423,0,,,,,,0.0000,1.146823,0.000000
23,424,0,,,,,,0.0000,1.162391,0.000000
23,425,0,,,,,,0.0000,1.187687,0.000000
23,426,0,,,,,,0.0000,1.182781,0.000000
23,427,0,,,,,,0.0000,1.175429,0.000000
23,428,0,,,,,,0.0000,1.149730,0.000000
23,429,0,,,,,,0.0000,1.137955,0.000000
23,430,0,,,,,,0.0000,1.157380,0.000000
23,431,0,,,,,,0.0000,1.188526,0.000000
23,432,0,,,,,,0.0000,1.196551,0.000000
23,433,0,,,,,,0.0000,1.144336,0.000000
23,434,0,,,,,,0.0000,1.153978,0.000000
23,435,0,,,,,,0.0000,1.172008,0.000000
23,436,0,,,,,,0.0000,1.181255,0.000000
23,437,0,,,,,,0.0000,1.165931,0.000000
23,438,0,,,,,,0.0000,1.141011,0.000000
23,439,0,,,,,,0.0000,1.193021,0.000000
23,440,0,,,,,,0.0000,1.218639,0.000000
23,441,0,,,,,,0.0000,1.142587,0.000000
23,442,0,,,,,,0.0000,1.155500,0.000000
23,443,0,,,,,,0.0000,1.169406,0.000000
23,444,0,,,,,,0.0000,1.174492,0.000000
23,445,0,,,,,,0.0000,1.171134,0.000000
23,446,0,,,,,,0.0000,1.160459,0.000000
23,447,0,,,,,,0.0000,1.189069,0.000000
23,448,0,,,,,,0.0000,1.175468,0.000000
23,449,0,,,,,,0.0000,1.160915,0.000000
23,450,0,,,,,,0.0000,1.167447,0.000000
23,451,0,,,,,,0.0000,1.179161,0.000000
23,452,0,,,,,,0.0000,1.164779,0.000000
23,453,0,,,,,,0.0000,1.176586,0.000000
23,454,0,,,,,,0.0000,1.180071,0.000000
23,455,0,,,,,,0.0000,1.178891,0.000000
23,456,0,,,,,,0.0000,1.155828,0.000000
23,457,0,,,,,,0.0000,1.164575,0.000000
23,458,0,,,,,,0.0000,1.194557,0.000000
23,459,0,,,,,,0.0000,1.186373,0.000000
23,460,0,,,,,,0.0000,1.156390,0.000000
23,461,0,,,,,,0.0000,1.182466,0.000000
23,462,0,,,,,,0.0000,1.191204,0.000000
23,463,0,,,,,,0.0000,1.179547,0.000000
23,464,0,,,,,,0.0000,1.139535,0.000000
23,465,0,,,,,,0.0000,1.165078,0.000000
23,466,0,,,,,,0.0000,1.186137,0.000000
23,467,0,,,,,,0.0000,1.168217,0.000000
23,468,0,,,,,,0.0000,1.159205,0.000000
23,469,0,,,,,,0.0000,1.185200,0.000000
23,470,0,,,,,,0.0000,1.171520,0.000000
23,471,0,,,,,,0.0000,1.166285,0.000000
23,472,0,,,,,,0.0000,1.173062,0.000000
23,473,0,,,,,,0.0000,1.158209,0.000000
23,474,0,,,,,,0.0000,1.149957,0.000000
23,475,0,,,,,,0.0000,1.185433,0.000000
23,476,0,,,,,,0.0000,1.168380,0.000000
23,477,0,,,,,,0.0000,1.176681,0.000000
23,478,0,,,,,,0.0000,1.195869,0.000000
23,479,0,,,,,,0.0000,1.189672,0.000000
23,480,0,,,,,,0.0000,1.171709,0.000000
23,481,0,,,,,,0.0000,1.142438,0.000000
23,482,0,,,,,,0.0000,1.140613,0.000000
23,483,0,,,,,,0.0000,1.217270,0.000000
23,484,0,,,,,,0.0000,1.220100,0.000000
23,485,0,,,,,,0.0000,1.161929,0.000000
23,486,0,,,,,,0.0000,1.151799,0.000000
23,487,0,,,,,,0.0000,1.138842,0.000000
23,488,0,,,,,,0.0000,1.193756,0.000000
23,489,0,,,,,,0.0000,1.208515,0.000000
23,490,0,,,,,,0.0000,1.163542,0.000000
23,491,0,,,,,,0.0000,1.138822,0.000000
23,492,0,,,,,,0.0000,1.155499,0.000000
23,493,0,,,,,,0.0000,1.226797,0.000000
23,494,0,,,,,,0.0000,1.199994,0.000000
23,495,0,,,,,,0.0000,1.147939,0.000000
23,496,0,,,,,,0.0000,1.165181,0.000000
23,497,0,,,,,,0.0000,1.217792,0.000000
23,498,0,,,,,,0.0000,1.177980,0.000000
23,499,0,,,,,,0.0000,1.130691,0.000000
23,500,0,,,,,,0.0000,1.164700,0.000000
23,501,0,,,,,,0.0000,1.212681,0.000000
23,502,0,,,,,,0.0000,1.193077,0.000000
23,503,0,,,,,,0.0000,1.174381,0.000000
23,504,0,,,,,,0.0000,1.167852,0.000000
23,505,0,,,,,,0.0000,1.219699,0.000000
23,506,0,,,,,,0.0000,1.193549,0.000000
23,507,0,,,,,,0.0000,1.186197,0.000000
23,508,0,,,,,,0.0000,1.192081,0.000000
23,509,0,,,,,,0.0000,1.170458,0.000000
23,510,0,,,,,,0.0000,1.162604,0.000000
23,511,0,,,,,,0.0000,1.151829,0.000000
23,512,0,,,,,,0.0000,1.169517,0.000000
23,513,0,,,,,,0.0000,1.180693,0.000000
23,514,0,,,,,,0.0000,1.176101,0.000000
23,515,0,,,,,,0.0000,1.198245,0.000000
23,516,0,,,,,,0.0000,1.179716,0.000000
23,517,0,,,,,,0.0000,1.155612,0.000000
23,518,0,,,,,,0.0000,1.172866,0.000000
23,519,0,,,,,,0.0000,1.203097,0.000000
23,520,0,,,,,,0.0000,1.169400,0.000000
23,521,0,,,,,,0.0000,1.167636,0.000000
23,522,0,,,,,,0.0000,1.176701,0.000000
23,523,0,,,,,,0.0000,1.182501,0.000000
23,524,0,,,,,,0.0000,1.166913,0.000000
23,525,0,,,,,,0.0000,1.178079,0.000000
23,526,0,,,,,,0.0000,1.181568,0.000000
23,527,0,,,,,,0.0000,1.156801,0.000000
23,528,0,,,,,,0.0000,1.134934,0.000000
23,529,0,,,,,,0.0000,1.185039,0.000000
23,530,0,,,,,,0.0000,1.210377,0.000000
23,531,0,,,,,,0.0000,1.176142,0.000000
23,532,0,,,,,,0.0000,1.166682,0.000000
23,533,0,,,,,,0.0000,1.199516,0.000000
23,534,0,,,,,,0.0000,1.166166,0.000000
23,535,0,,,,,,0.0000,1.173844,0.000000
23,536,0,,,,,,0.0000,1.190781,0.000000
23,537,0,,,,,,0.0000,1.208349,0.000000
23,538,0,,,,,,0.0000,1.163011,0.000000
23,539,0,,,,,,0.0000,1.152050,0.000000
23,540,0,,,,,,0.0000,1.160993,0.000000
23,541,0,,,,,,0.0000,1.187886,0.000000
23,542,0,,,,,,0.0000,1.184092,0.000000
23,543,0,,,,,,0.0000,1.166131,0.000000
23,544,0,,,,,,0.0000,1.166937,0.000000
23,545,0,,,,,,0.0000,1.207204,0.000000
23,546,0,,,,,,0.0000,1.166958,0.000000
23,547,0,,,,,,0.0000,1.169938,0.000000
23,548,0,,,,,,0.0000,1.161359,0.000000
23,549,0,,,,,,0.0000,1.188795,0.000000
23,550,0,,,,,,0.0000,1.174867,0.000000
23,551,0,,,,,,0.0000,1.167265,0.000000
23,552,0,,,,,,0.0000,1.163254,0.000000
23,553,0,,,,,,0.0000,1.161616,0.000000
23,554,0,,,,,,0.0000,1.142790,0.000000
23,555,0,,,,,,0.0000,1.134591,0.000000
23,556,0,,,,,,0.0000,1.166063,0.000000
23,557,0,,,,,,0.0000,1.191301,0.000000
23,558,0,,,,,,0.0000,1.181320,0.000000
23,559,0,,,,,,0.0000,1.152757,0.000000
23,560,0,,,,,,0.0000,1.174355,0.000000
23,561,0,,,,,,0.0000,1.198062,0.000000
23,562,0,,,,,,0.0000,1.185928,0.000000
23,563,0,,,,,,0.0000,1.174785,0.000000
23,564,0,,,,,,0.0000,1.175009,0.000000
23,565,0,,,,,,0.0000,1.180109,0.000000
23,566,0,,,,,,0.0000,1.186960,0.000000
23,567,0,,,,,,0.0000,1.187894,0.000000
23,568,0,,,,,,0.0000,1.171405,0.000000
23,569,0,,,,,,0.0000,1.159569,0.000000
23,570,0,,,,,,0.0000,1.157764,0.000000
23,571,0,,,,,,0.0000,1.195161,0.000000
23,572,0,,,,,,0.0000,1.184155,0.000000
23,573,0,,,,,,0.0000,1.161065,0.000000
23,574,0,,,,,,0.0000,1.164147,0.000000
23,575,0,,,,,,0.0000,1.156190,0.000000
23,576,0,,,,,,0.0000,1.179321,0.000000
23,577,0,,,,,,0.0000,1.185717,0.000000
23,578,0,,,,,,0.0000,1.180771,0.000000
23,579,0,,,,,,0.0000,1.133921,0.000000
23,580,0,,,,,,0.0000,1.166482,0.000000
23,581,0,,,,,,0.0000,1.179081,0.000000
23,582,0,,,,,,0.0000,1.164311,0.000000
23,583,0,,,,,,0.0000,1.159408,0.000000
23,584,0,,,,,,0.0000,1.150585,0.000000
23,585,0,,,,,,0.0000,1.149686,0.000000
23,586,0,,,,,,0.0000,1.173471,0.000000
23,587,0,,,,,,0.0000,1.174670,0.000000
23,588,0,,,,,,0.0000,1.179700,0.000000
23,589,0,,,,,,0.0000,1.192574,0.000000
23,590,0,,,,,,0.0000,1.192091,0.000000
23,591,0,,,,,,0.0000,1.177294,0.000000
23,592,0,,,,,,0.0000,1.168078,0.000000
23,593,0,,,,,,0.0000,1.177756,0.000000
23,594,0,,,,,,0.0000,1.181271,0.000000
23,595,0,,,,,,0.0000,1.132920,0.000000
23,596,0,,,,,,0.0000,1.184225,0.000000
23,597,0,,,,,,0.0000,1.199660,0.000000
23,598,0,,,,,,0.0000,1.205874,0.000000
23,599,0,,,,,,0.0000,1.183753,0.000000
23,600,0,,,,,,0.0000,1.151032,0.000000
23,601,0,,,,,,0.0000,1.182034,0.000000
23,602,0,,,,,,0.0000,1.225724,0.000000
23,603,0,,,,,,0.0000,1.171660,0.000000
23,604,0,,,,,,0.0000,1.137342,0.000000
23,605,0,,,,,,0.0000,1.179536,0.000000
23,606,0,,,,,,0.0000,1.182247,0.000000
23,607,0,,,,,,0.0000,1.195085,0.000000
23,608,0,,,,,,0.0000,1.179006,0.000000
23,609,0,,,,,,0.0000,1.165314,0.000000
23,610,0,,,,,,0.0000,1.147640,0.000000
23,611,0,,,,,,0.0000,1.174049,0.000000
23,612,0,,,,,,0.0000,1.181217,0.000000
23,613,0,,,,,,0.0000,1.194896,0.000000
23,614,0,,,,,,0.0000,1.146294,0.000000
23,615,0,,,,,,0.0000,1.177522,0.000000
23,616,0,,,,,,0.0000,1.173293,0.000000
23,617,0,,,,,,0.0000,1.169717,0.000000
23,618,0,,,,,,0.0000,1.171229,0.000000
23,619,0,,,,,,0.0000,1.185292,0.000000
23,620,0,,,,,,0.0000,1.160930,0.000000
23,621,0,,,,,,0.0000,1.190919,0.000000
23,622,0,,,,,,0.0000,1.192144,0.000000
23,623,0,,,,,,0.0000,1.180784,0.000000
23,624,0,,,,,,0.0000,1.190066,0.000000
23,625,0,,,,,,0.0000,1.164620,0.000000
23,626,0,,,,,,0.0000,1.201684,0.000000
23,627,0,,,,,,0.0000,1.182065,0.000000
23,628,0,,,,,,0.0000,1.157771,0.000000
23,629,0,,,,,,0.0000,1.165322,0.000000
23,630,0,,,,,,0.0000,1.177175,0.000000
23,631,0,,,,,,0.0000,1.196255,0.000000
23,632,0,,,,,,0.0000,1.206411,0.000000
23,633,0,,,,,,0.0000,1.170852,0.000000
23,634,0,,,,,,0.0000,1.167695,0.000000
23,635,0,,,,,,0.0000,1.176901,0.000000
23,636,0,,,,,,0.0000,1.171295,0.000000
23,637,0,,,,,,0.0000,1.182362,0.000000
23,638,0,,,,,,0.0000,1.162750,0.000000
23,639,0,,,,,,0.0000,1.168267,0.000000
23,640,0,,,,,,0.0000,1.177143,0.000000
23,641,0,,,,,,0.0000,1.187907,0.000000
23,642,1,0.857652,0.003958,0.246703,0.000000,1.000000,1.0000,1.179788,0.203010
23,643,5,0.170505,0.079606,0.523244,0.012785,0.555087,11.0000,0.841779,0.678091
23,644,8,0.160438,0.095817,0.531585,0.077788,0.627166,12.0000,0.869320,0.694293
23,645,8,0.160438,0.095817,0.531585,0.077788,0.627166,7.0000,1.035966,0.694293
23,646,9,0.133722,0.069301,0.572792,0.031767,0.621274,11.0000,1.089106,0.766129
23,647,11,0.128610,0.078909,0.587102,0.059399,0.594741,5.0000,1.009652,0.784581
23,648,12,0.079399,0.081079,0.602604,0.069906,0.469661,7.0000,0.948027,0.811706
23,649,11,0.068644,0.056178,0.629441,0.041119,0.359840,9.0000,0.999419,0.863836
23,650,1,0.846807,0.001954,0.263295,0.000000,1.000000,2.0000,1.314421,0.206745
23,651,4,0.247058,0.114869,0.408236,0.404159,0.708574,4.0000,1.119502,0.432072
23,652,6,0.170699,0.099572,0.477492,0.303621,0.605726,10.0000,0.835099,0.527599
23,653,9,0.149878,0.034604,0.608150,0.044521,0.891288,13.0000,0.946729,0.787350
23,654,10,0.148644,0.025940,0.616506,0.033441,0.935954,8.0000,1.109773,0.800198
23,655,11,0.148635,0.024778,0.616643,0.041073,0.979493,9.0000,1.062886,0.800470
23,656,14,0.098474,0.033569,0.625734,0.067350,0.829459,10.0000,0.930498,0.818542
23,657,14,0.098474,0.033569,0.625734,0.067350,0.829459,7.0000,0.934008,0.818542
23,658,15,0.098116,0.040829,0.627436,0.066562,0.781911,9.0000,1.023224,0.821927
23,659,16,0.062262,0.041611,0.627573,0.081869,0.691727,8.0000,1.061386,0.822197
23,660,0,,,,,,0.0000,1.243277,0.000000
23,661,1,0.835328,0.002596,0.200164,0.000000,1.000000,1.0000,1.285721,0.204893
23,662,3,0.216413,0.027658,0.503984,0.413048,0.366126,6.0000,0.943801,0.541008
23,663,8,0.125171,0.079168,0.569285,0.126775,0.556523,12.0000,0.869225,0.665399
23,664,8,0.092993,0.056627,0.600146,0.112840,0.349896,13.0000,0.985493,0.728232
23,665,10,0.092311,0.069045,0.613621,0.075224,0.473966,6.0000,1.045680,0.755667
23,666,11,0.092047,0.066270,0.615844,0.071607,0.455368,6.0000,1.013173,0.760193
23,667,12,0.092047,0.066951,0.616798,0.070515,0.490865,12.0000,0.982716,0.762136
23,668,13,0.092044,0.065373,0.616923,0.077972,0.573953,8.0000,0.992679,0.762390
23,669,15,0.081771,0.062612,0.618678,0.065612,0.580333,7.0000,0.997009,0.765964
23,670,3,0.318416,0.028641,0.456541,0.949127,0.831561,3.0000,1.317664,0.404147
23,671,4,0.221205,0.081218,0.464004,0.175726,0.606216,6.0000,1.114138,0.419440
23,672,4,0.218520,0.066930,0.497512,0.161831,0.634891,6.0000,0.888179,0.488098
23,673,7,0.128866,0.086291,0.553102,0.039532,0.487496,9.0000,0.964342,0.602000
23,674,7,0.150460,0.078488,0.590499,0.037772,0.721743,6.0000,1.109936,0.678626
23,675,8,0.130792,0.054502,0.623574,0.124550,0.772805,9.0000,1.074196,0.746397
23,676,10,0.092331,0.056833,0.645839,0.077742,0.653239,12.0000,0.947418,0.792019
23,677,12,0.087829,0.072845,0.659110,0.054997,0.594749,6.0000,0.956452,0.819211
23,678,11,0.084531,0.065239,0.670669,0.067142,0.583797,6.0000,1.060502,0.842894
23,679,12,0.065503,0.056979,0.677020,0.061329,0.577149,7.0000,1.082862,0.855908
23,680,1,0.835537,0.014501,0.277659,0.000000,1.000000,2.0000,1.234607,0.176925
23,681,3,0.225849,0.128031,0.422712,0.290993,0.372519,6.0000,1.045570,0.337232
23,682,8,0.106893,0.076688,0.636157,0.102144,0.528725,14.0000,0.883196,0.766006
23,683,8,0.083616,0.054095,0.664210,0.145757,0.538853,12.0000,0.958589,0.824076
23,684,9,0.071037,0.040149,0.678557,0.094472,0.430299,9.0000,1.061358,0.839832
23,685,10,0.069829,0.041493,0.679655,0.096640,0.532482,8.0000,1.009259,0.842106
23,686,11,0.058962,0.040057,0.692399,0.058682,0.513659,10.0000,0.953408,0.866244
23,687,12,0.058887,0.042767,0.693032,0.060922,0.569967,7.0000,1.009713,0.867554
23,688,13,0.051573,0.043317,0.696452,0.052338,0.588079,8.0000,1.104816,0.874634
23,689,13,0.047144,0.039352,0.698897,0.044499,0.587463,8.0000,1.017101,0.879696
23,690,1,0.828192,0.008594,0.291531,0.000000,1.000000,2.0000,1.195456,0.190460
23,691,3,0.301818,0.044892,0.483396,0.951385,0.904567,4.0000,0.970003,0.430127
23,692,5,0.169705,0.048978,0.572418,0.107408,0.731525,6.0000,0.918390,0.617630
23,693,7,0.102530,0.082331,0.587651,0.102972,0.388975,5.0000,0.993515,0.649714
23,694,7,0.113707,0.061124,0.618359,0.088476,0.510763,11.0000,1.111234,0.714393
23,695,9,0.073007,0.059604,0.656046,0.062475,0.347041,12.0000,1.025808,0.774228
23,696,10,0.072054,0.059912,0.656400,0.064399,0.404178,11.0000,0.974813,0.774974
23,697,11,0.067979,0.057199,0.666928,0.061520,0.325332,4.0000,0.979051,0.797147
23,698,12,0.057086,0.039276,0.699067,0.074102,0.452479,12.0000,1.039079,0.864841
23,699,12,0.057086,0.039276,0.699067,0.074102,0.452479,6.0000,1.059938,0.864841
23,700,4,0.310690,0.042615,0.453279,0.866952,1.138568,5.0000,1.248526,0.345192
23,701,7,0.145825,0.050386,0.634730,0.201705,0.791314,6.0000,0.978489,0.725214
23,702,8,0.144904,0.048255,0.635508,0.195889,0.872686,7.0000,0.951586,0.726844
23,703,10,0.127145,0.051603,0.663748,0.078294,0.754175,8.0000,1.046277,0.785989
23,704,10,0.127141,0.051605,0.663901,0.078290,0.754686,5.0000,1.127767,0.786310
23,705,10,0.127141,0.051605,0.663901,0.078290,0.754686,8.0000,1.034000,0.786310
23,706,11,0.092913,0.048551,0.681784,0.143045,0.784110,12.0000,0.911724,0.823763
23,707,11,0.088674,0.040367,0.690471,0.138967,0.783793,13.0000,1.023350,0.841956
23,708,15,0.086731,0.037700,0.702012,0.072791,0.827340,11.0000,1.037104,0.866127
23,709,15,0.068076,0.039709,0.708393,0.083282,0.807563,5.0000,1.035867,0.879492
23,710,1,0.827627,0.007492,0.217174,0.000000,1.000000,1.0000,1.212813,0.192889
23,711,3,0.285943,0.176952,0.454843,0.518512,0.585040,6.0000,1.049884,0.508729
23,712,5,0.145213,0.074809,0.614439,0.036466,0.484612,12.0000,0.930762,0.705913
23,713,6,0.133816,0.084352,0.632860,0.054848,0.270255,9.0000,0.934603,0.725392
23,714,8,0.132134,0.089973,0.634885,0.173742,0.559260,8.0000,1.018207,0.729658
23,715,8,0.126346,0.077981,0.641299,0.144633,0.517676,10.0000,1.079005,0.743167
23,716,8,0.092165,0.053190,0.673111,0.135945,0.508378,10.0000,1.078685,0.810171
23,717,9,0.074138,0.054355,0.673937,0.118672,0.426616,5.0000,0.956953,0.811912
23,718,10,0.072150,0.055928,0.677487,0.124364,0.499577,13.0000,1.002097,0.819387
23,719,10,0.080603,0.049154,0.692227,0.118817,0.640126,8.0000,0.995760,0.850434
23,720,2,0.300488,0.036367,0.410947,0.000000,0.319657,2.0000,1.310540,0.359629
23,721,6,0.187288,0.108395,0.510717,0.057132,0.883621,6.0000,1.136538,0.526740
23,722,7,0.164543,0.051268,0.558562,0.135201,0.932972,13.0000,0.923720,0.597517
23,723,10,0.163631,0.061969,0.559193,0.034868,0.972985,12.0000,0.880282,0.598823
23,724,11,0.075244,0.054333,0.643839,0.112271,0.738424,8.0000,1.031569,0.774043
23,725,12,0.072874,0.059964,0.644702,0.075874,0.659003,5.0000,1.126318,0.775828
23,726,13,0.072534,0.057634,0.645671,0.079403,0.719805,5.0000,1.044214,0.777835
23,727,13,0.069227,0.056611,0.652947,0.066780,0.713042,10.0000,0.902054,0.792896
23,728,13,0.065372,0.050053,0.656869,0.073596,0.699140,10.0000,0.968117,0.801014
23,729,14,0.064942,0.047375,0.668881,0.070137,0.669806,13.0000,1.033033,0.820272
23,730,2,0.333563,0.022074,0.439148,0.000000,0.072734,2.0000,1.262645,0.388924
23,731,4,0.195145,0.105843,0.506619,0.429161,0.551208,7.0000,1.093824,0.527173
23,732,7,0.131704,0.069478,0.609844,0.166478,0.663682,15.0000,0.882851,0.718264
23,733,7,0.121765,0.036903,0.629993,0.230746,0.877851,9.0000,1.000016,0.759550
23,734,9,0.089535,0.054890,0.644276,0.103185,0.580714,5.0000,1.119016,0.788815
23,735,10,0.085335,0.055559,0.648426,0.099769,0.582392,4.0000,1.049264,0.797319
23,736,10,0.085335,0.055559,0.648426,0.099769,0.582392,8.0000,0.967060,0.797319
23,737,10,0.085335,0.055559,0.648426,0.099769,0.582392,9.0000,1.043684,0.797319
23,738,11,0.083895,0.053489,0.650997,0.106714,0.658993,8.0000,1.136904,0.802588
23,739,11,0.083895,0.053489,0.650997,0.106714,0.658993,7.0000,1.012643,0.802588
23,740,1,0.804612,0.067304,0.215110,0.000000,1.000000,2.0000,1.186828,0.110138
23,741,2,0.309936,0.029702,0.442429,0.000000,0.423913,4.0000,1.086459,0.482614
23,742,5,0.247318,0.097218,0.518727,0.100537,0.524696,6.0000,0.906096,0.636192
23,743,9,0.119178,0.105335,0.559369,0.064912,0.482456,16.0000,0.953457,0.669733
23,744,8,0.100167,0.066604,0.603818,0.146453,0.566225,6.0000,1.072407,0.735427
23,745,9,0.095732,0.063654,0.607998,0.139182,0.522877,6.0000,1.036469,0.743938
23,746,11,0.078326,0.059318,0.635656,0.082730,0.446997,15.0000,1.005903,0.796248
23,747,11,0.078225,0.059201,0.636353,0.082223,0.447793,7.0000,1.065468,0.797667
23,748,12,0.078225,0.058280,0.636523,0.094117,0.494427,9.0000,0.953658,0.798013
23,749,12,0.078225,0.058280,0.636523,0.094117,0.494427,3.0000,1.002507,0.798013
23,750,0,,,,,,0.0000,1.296646,0.000000
23,751,0,,,,,,0.0000,1.346673,0.000000
23,752,0,,,,,,0.0000,1.186941,0.000000
23,753,1,0.848966,0.006240,0.180426,0.000000,1.000000,1.0000,1.113055,0.197538
23,754,3,0.174255,0.024454,0.537712,0.204674,0.292652,8.0000,0.941780,0.685299
23,755,6,0.108662,0.057141,0.578997,0.077612,0.355608,16.0000,0.947821,0.759148
23,756,8,0.075792,0.061522,0.586830,0.079981,0.381423,10.0000,1.002614,0.774721
23,757,9,0.067905,0.055381,0.620258,0.065059,0.270617,11.0000,0.985737,0.805978
23,758,9,0.063881,0.039052,0.651828,0.074250,0.353418,12.0000,1.068684,0.868740
23,759,9,0.063881,0.039052,0.651828,0.074250,0.353418,7.0000,1.038170,0.868740
23,760,2,0.342913,0.122345,0.350081,0.000000,0.425058,3.0000,1.214732,0.386116
23,761,4,0.296200,0.174030,0.360548,0.553555,0.956522,2.0000,0.994904,0.394884
23,762,7,0.099455,0.065992,0.527698,0.125015,0.372455,11.0000,0.920730,0.684889
23,763,9,0.094321,0.046409,0.567698,0.155659,0.610646,14.0000,0.992041,0.759110
23,764,10,0.082496,0.065569,0.578029,0.087612,0.428665,8.0000,1.019486,0.779177
23,765,11,0.081929,0.062548,0.586697,0.085624,0.488632,5.0000,1.046858,0.786750
23,766,12,0.079168,0.060084,0.589950,0.076144,0.565605,11.0000,0.964701,0.793067
23,767,12,0.079168,0.060084,0.589950,0.076144,0.565605,3.0000,0.981630,0.793067
23,768,14,0.070013,0.062354,0.607971,0.053892,0.468785,12.0000,0.981906,0.828072
23,769,12,0.065254,0.042296,0.630950,0.102649,0.604426,9.0000,0.950677,0.872707
23,770,1,0.794569,0.310492,0.038385,0.000000,1.000000,1.0000,1.249427,0.000000
23,771,5,0.246394,0.155097,0.388059,0.131444,0.628872,5.0000,1.137472,0.545189
23,772,10,0.129547,0.065860,0.514151,0.070110,0.607170,13.0000,0.930998,0.715910
23,773,13,0.126382,0.085446,0.524800,0.057073,0.577027,10.0000,0.882703,0.735601
23,774,14,0.092875,0.088497,0.535549,0.055604,0.509775,5.0000,1.047043,0.748952
23,775,14,0.090363,0.083705,0.542035,0.046666,0.557686,3.0000,1.102970,0.761450
23,776,14,0.090363,0.077028,0.543578,0.046538,0.575434,6.0000,0.989953,0.764422
23,777,16,0.057508,0.045740,0.587546,0.059287,0.609416,10.0000,0.997569,0.838448
23,778,16,0.057508,0.045740,0.587546,0.059287,0.609416,6.0000,0.997361,0.838448
23,779,18,0.056743,0.047090,0.589633,0.058301,0.557393,6.0000,1.032757,0.842469
23,780,1,0.827151,0.142903,0.104804,0.000000,1.000000,2.0000,1.241597,0.018779
23,781,4,0.191138,0.137174,0.311666,0.272397,0.496596,4.0000,1.016892,0.387686
23,782,5,0.181146,0.175587,0.331961,0.138826,0.528476,6.0000,0.908001,0.424311
23,783,7,0.140892,0.092514,0.416617,0.115191,0.711210,8.0000,1.007245,0.580552
23,784,7,0.129223,0.085948,0.452389,0.120886,0.704236,7.0000,1.082788,0.649417
23,785,9,0.104064,0.094561,0.471554,0.119176,0.682961,7.0000,1.076169,0.686312
23,786,10,0.104064,0.091237,0.471725,0.101160,0.755053,5.0000,0.942952,0.686641
23,787,9,0.088515,0.044662,0.505447,0.055916,0.756221,8.0000,0.941570,0.751558
23,788,11,0.084904,0.043376,0.516118,0.044526,0.806510,7.0000,1.006874,0.769791
23,789,12,0.084904,0.046461,0.516702,0.049634,0.721762,6.0000,1.048359,0.770914
23,790,0,,,,,,0.0000,1.261882,0.000000
23,791,0,,,,,,0.0000,1.290460,0.000000
23,792,0,,,,,,0.0000,1.159448,0.000000
23,793,0,,,,,,0.0000,1.143561,0.000000
23,794,0,,,,,,0.0000,1.193745,0.000000
23,795,0,,,,,,0.0000,1.220267,0.000000
23,796,0,,,,,,0.0000,1.210546,0.000000
23,797,0,,,,,,0.0000,1.156728,0.000000
23,798,0,,,,,,0.0000,1.172153,0.000000
23,799,0,,,,,,0.0000,1.209275,0.000000
23,800,0,,,,,,0.0000,1.169549,0.000000
23,801,0,,,,,,0.0000,1.132663,0.000000
23,802,0,,,,,,0.0000,1.192286,0.000000
23,803,0,,,,,,0.0000,1.223502,0.000000
23,804,0,,,,,,0.0000,1.191340,0.000000
23,805,0,,,,,,0.0000,1.158481,0.000000
23,806,0,,,,,,0.0000,1.174356,0.000000
23,807,0,,,,,,0.0000,1.179906,0.000000
23,808,0,,,,,,0.0000,1.172283,0.000000
23,809,0,,,,,,0.0000,1.159852,0.000000
23,810,0,,,,,,0.0000,1.203118,0.000000
23,811,0,,,,,,0.0000,1.169673,0.000000
23,812,0,,,,,,0.0000,1.130994,0.000000
23,813,0,,,,,,0.0000,1.157055,0.000000
23,814,0,,,,,,0.0000,1.192496,0.000000
23,815,0,,,,,,0.0000,1.204631,0.000000
23,816,0,,,,,,0.0000,1.143938,0.000000
23,817,0,,,,,,0.0000,1.141136,0.000000
23,818,0,,,,,,0.0000,1.173227,0.000000
23,819,0,,,,,,0.0000,1.203664,0.000000
23,820,0,,,,,,0.0000,1.171972,0.000000
23,821,0,,,,,,0.0000,1.168866,0.000000
23,822,0,,,,,,0.0000,1.163396,0.000000
23,823,0,,,,,,0.0000,1.179552,0.000000
23,824,0,,,,,,0.0000,1.173186,0.000000
23,825,0,,,,,,0.0000,1.175673,0.000000
23,826,0,,,,,,0.0000,1.205708,0.000000
23,827,0,,,,,,0.0000,1.185547,0.000000
23,828,0,,,,,,0.0000,1.147915,0.000000
23,829,0,,,,,,0.0000,1.159123,0.000000
23,830,0,,,,,,0.0000,1.161067,0.000000
23,831,0,,,,,,0.0000,1.161585,0.000000
23,832,0,,,,,,0.0000,1.160249,0.000000
23,833,0,,,,,,0.0000,1.177248,0.000000
23,834,0,,,,,,0.0000,1.145588,0.000000
23,835,0,,,,,,0.0000,1.141936,0.000000
23,836,0,,,,,,0.0000,1.159318,0.000000
23,837,0,,,,,,0.0000,1.195680,0.000000
23,838,0,,,,,,0.0000,1.213722,0.000000
23,839,0,,,,,,0.0000,1.175219,0.000000
23,840,0,,,,,,0.0000,1.176621,0.000000
23,841,0,,,,,,0.0000,1.178775,0.000000
23,842,0,,,,,,0.0000,1.179996,0.000000
23,843,0,,,,,,0.0000,1.161732,0.000000
23,844,0,,,,,,0.0000,1.183130,0.000000
23,845,0,,,,,,0.0000,1.196616,0.000000
23,846,0,,,,,,0.0000,1.164778,0.000000
23,847,0,,,,,,0.0000,1.170422,0.000000
23,848,0,,,,,,0.0000,1.168250,0.000000
23,849,0,,,,,,0.0000,1.170002,0.000000
23,850,0,,,,,,0.0000,1.173225,0.000000
23,851,0,,,,,,0.0000,1.164524,0.000000
23,852,0,,,,,,0.0000,1.180203,0.000000
23,853,0,,,,,,0.0000,1.193116,0.000000
23,854,0,,,,,,0.0000,1.168133,0.000000
23,855,0,,,,,,0.0000,1.173523,0.000000
23,856,0,,,,,,0.0000,1.165385,0.000000
23,857,0,,,,,,0.0000,1.182942,0.000000
23,858,0,,,,,,0.0000,1.173322,0.000000
23,859,0,,,,,,0.0000,1.142739,0.000000
23,860,0,,,,,,0.0000,1.167570,0.000000
23,861,0,,,,,,0.0000,1.187699,0.000000
23,862,0,,,,,,0.0000,1.157162,0.000000
23,863,0,,,,,,0.0000,1.159359,0.000000
23,864,0,,,,,,0.0000,1.157872,0.000000
23,865,0,,,,,,0.0000,1.186841,0.000000
23,866,0,,,,,,0.0000,1.190029,0.000000
23,867,0,,,,,,0.0000,1.180979,0.000000
23,868,0,,,,,,0.0000,1.169249,0.000000
23,869,0,,,,,,0.0000,1.129427,0.000000
23,870,0,,,,,,0.0000,1.175743,0.000000
23,871,0,,,,,,0.0000,1.176019,0.000000
23,872,0,,,,,,0.0000,1.182009,0.000000
23,873,0,,,,,,0.0000,1.201256,0.000000
23,874,0,,,,,,0.0000,1.162418,0.000000
23,875,0,,,,,,0.0000,1.170671,0.000000
23,876,0,,,,,,0.0000,1.167212,0.000000
23,877,0,,,,,,0.0000,1.149564,0.000000
23,878,0,,,,,,0.0000,1.179644,0.000000
23,879,0,,,,,,0.0000,1.174466,0.000000
23,880,0,,,,,,0.0000,1.174276,0.000000
23,881,0,,,,,,0.0000,1.158227,0.000000
23,882,0,,,,,,0.0000,1.179992,0.000000
23,883,0,,,,,,0.0000,1.192718,0.000000
23,884,0,,,,,,0.0000,1.181806,0.000000
23,885,0,,,,,,0.0000,1.144615,0.000000
23,886,0,,,,,,0.0000,1.171911,0.000000
23,887,0,,,,,,0.0000,1.192896,0.000000
23,888,0,,,,,,0.0000,1.175828,0.000000
23,889,0,,,,,,0.0000,1.178217,0.000000
23,890,0,,,,,,0.0000,1.173481,0.000000
23,891,0,,,,,,0.0000,1.157511,0.000000
23,892,0,,,,,,0.0000,1.149892,0.000000
23,893,0,,,,,,0.0000,1.185518,0.000000
23,894,0,,,,,,0.0000,1.191081,0.000000
23,895,0,,,,,,0.0000,1.133770,0.000000
23,896,0,,,,,,0.0000,1.130269,0.000000
23,897,0,,,,,,0.0000,1.192074,0.000000
23,898,0,,,,,,0.0000,1.229119,0.000000
23,899,0,,,,,,0.0000,1.177647,0.000000
23,900,0,,,,,,0.0000,1.133163,0.000000
23,901,0,,,,,,0.0000,1.186646,0.000000
23,902,0,,,,,,0.0000,1.196209,0.000000
23,903,0,,,,,,0.0000,1.185177,0.000000
23,904,0,,,,,,0.0000,1.153664,0.000000
23,905,0,,,,,,0.0000,1.180891,0.000000
23,906,0,,,,,,0.0000,1.196452,0.000000
23,907,0,,,,,,0.0000,1.186370,0.000000
23,908,0,,,,,,0.0000,1.147437,0.000000
23,909,0,,,,,,0.0000,1.164332,0.000000
23,910,0,,,,,,0.0000,1.189760,0.000000
23,911,0,,,,,,0.0000,1.170224,0.000000
23,912,0,,,,,,0.0000,1.151102,0.000000
23,913,0,,,,,,0.0000,1.158035,0.000000
23,914,0,,,,,,0.0000,1.174991,0.000000
23,915,0,,,,,,0.0000,1.175866,0.000000
23,916,0,,,,,,0.0000,1.174189,0.000000
23,917,0,,,,,,0.0000,1.175600,0.000000
23,918,0,,,,,,0.0000,1.168735,0.000000
23,919,0,,,,,,0.0000,1.158684,0.000000
23,920,0,,,,,,0.0000,1.184352,0.000000
23,921,0,,,,,,0.0000,1.159013,0.000000
23,922,0,,,,,,0.0000,1.170498,0.000000
23,923,0,,,,,,0.0000,1.198803,0.000000
23,924,0,,,,,,0.0000,1.178894,0.000000
23,925,0,,,,,,0.0000,1.170904,0.000000
23,926,0,,,,,,0.0000,1.166590,0.000000
23,927,0,,,,,,0.0000,1.172284,0.000000
23,928,0,,,,,,0.0000,1.184416,0.000000
23,929,0,,,,,,0.0000,1.184534,0.000000
23,930,0,,,,,,0.0000,1.174852,0.000000
23,931,0,,,,,,0.0000,1.206656,0.000000
23,932,0,,,,,,0.0000,1.161716,0.000000
23,933,0,,,,,,0.0000,1.143003,0.000000
23,934,0,,,,,,0.0000,1.165192,0.000000
23,935,0,,,,,,0.0000,1.180414,0.000000
23,936,0,,,,,,0.0000,1.204172,0.000000
23,937,0,,,,,,0.0000,1.174379,0.000000
23,938,0,,,,,,0.0000,1.147695,0.000000
23,939,0,,,,,,0.0000,1.156007,0.000000
23,940,0,,,,,,0.0000,1.184615,0.000000
23,941,0,,,,,,0.0000,1.187453,0.000000
23,942,0,,,,,,0.0000,1.153615,0.000000
23,943,0,,,,,,0.0000,1.135471,0.000000
23,944,0,,,,,,0.0000,1.181451,0.000000
23,945,0,,,,,,0.0000,1.196316,0.000000
23,946,0,,,,,,0.0000,1.155649,0.000000
23,947,0,,,,,,0.0000,1.177596,0.000000
23,948,0,,,,,,0.0000,1.181878,0.000000
23,949,0,,,,,,0.0000,1.166530,0.000000
23,950,0,,,,,,0.0000,1.133619,0.000000
23,951,0,,,,,,0.0000,1.147926,0.000000
23,952,0,,,,,,0.0000,1.206889,0.000000
23,953,0,,,,,,0.0000,1.199369,0.000000
23,954,0,,,,,,0.0000,1.174823,0.000000
23,955,0,,,,,,0.0000,1.163330,0.000000
23,956,0,,,,,,0.0000,1.189429,0.000000
23,957,0,,,,,,0.0000,1.203692,0.000000
23,958,0,,,,,,0.0000,1.166767,0.000000
23,959,0,,,,,,0.0000,1.158720,0.000000
23,960,0,,,,,,0.0000,1.200683,0.000000
23,961,0,,,,,,0.0000,1.189705,0.000000
23,962,0,,,,,,0.0000,1.163236,0.000000
23,963,0,,,,,,0.0000,1.159455,0.000000
23,964,0,,,,,,0.0000,1.173698,0.000000
23,965,0,,,,,,0.0000,1.155133,0.000000
23,966,0,,,,,,0.0000,1.176355,0.000000
23,967,0,,,,,,0.0000,1.188997,0.000000
23,968,0,,,,,,0.0000,1.172740,0.000000
23,969,0,,,,,,0.0000,1.164791,0.000000
23,970,0,,,,,,0.0000,1.177607,0.000000
23,971,0,,,,,,0.0000,1.160372,0.000000
23,972,0,,,,,,0.0000,1.138424,0.000000
23,973,0,,,,,,0.0000,1.166007,0.000000
23,974,0,,,,,,0.0000,1.195003,0.000000
23,975,0,,,,,,0.0000,1.179164,0.000000
23,976,0,,,,,,0.0000,1.146102,0.000000
23,977,0,,,,,,0.0000,1.153368,0.000000
23,978,0,,,,,,0.0000,1.185564,0.000000
23,979,0,,,,,,0.0000,1.163654,0.000000
23,980,0,,,,,,0.0000,1.162744,0.000000
23,981,0,,,,,,0.0000,1.162443,0.000000
23,982,0,,,,,,0.0000,1.211393,0.000000
23,983,0,,,,,,0.0000,1.194026,0.000000
23,984,0,,,,,,0.0000,1.167546,0.000000
23,985,0,,,,,,0.0000,1.164604,0.000000
23,986,0,,,,,,0.0000,1.191221,0.000000
23,987,0,,,,,,0.0000,1.177471,0.000000
23,988,0,,,,,,0.0000,1.150065,0.000000
23,989,0,,,,,,0.0000,1.187965,0.000000
23,990,0,,,,,,0.0000,1.204081,0.000000
23,991,0,,,,,,0.0000,1.189295,0.000000
23,992,0,,,,,,0.0000,1.181690,0.000000
23,993,0,,,,,,0.0000,1.166645,0.000000
23,994,0,,,,,,0.0000,1.197752,0.000000
23,995,0,,,,,,0.0000,1.181524,0.000000
23,996,0,,,,,,0.0000,1.183919,0.000000
23,997,0,,,,,,0.0000,1.173352,0.000000
23,998,0,,,,,,0.0000,1.188384,0.000000
23,999,0,,,,,,0.0000,1.166063,0.000000
23,1000,0,,,,,,0.0000,1.176789,0.000000
24,1,4,0.212863,0.088832,0.355557,0.201328,0.599324,18.0000,0.862077,0.616931
24,2,6,0.205827,0.142945,0.360700,0.222270,0.789639,3.0000,1.040367,0.620793
24,3,7,0.205552,0.132428,0.363397,0.236754,0.879421,1.0000,1.108866,0.626085
24,4,6,0.154381,0.079855,0.395219,0.241648,0.651994,4.0000,1.076203,0.663452
24,5,8,0.144238,0.078344,0.402341,0.119459,0.708543,3.0000,1.026220,0.677459
24,6,9,0.076909,0.049117,0.469750,0.079367,0.704648,7.0000,0.999246,0.809728
24,7,9,0.076909,0.049117,0.469750,0.079367,0.704648,4.0000,1.025016,0.809728
24,8,9,0.076909,0.049117,0.469750,0.079367,0.704648,4.0000,1.057582,0.809728
24,9,9,0.077960,0.039798,0.481777,0.050833,0.735074,5.0000,0.996730,0.833329
24,10,1,0.490575,0.019524,0.207359,0.000000,1.000000,1.0000,0.883210,0.393313
24,11,3,0.282474,0.140033,0.284206,0.499703,0.907576,3.0000,0.736550,0.492452
24,12,5,0.148509,0.114065,0.349068,0.151843,0.474363,10.0000,0.766255,0.622051
24,13,8,0.092481,0.050191,0.425821,0.117559,0.537916,13.0000,0.844131,0.765270
24,14,9,0.082870,0.039355,0.452545,0.091054,0.636479,6.0000,0.812588,0.819922
24,15,10,0.072421,0.038352,0.461695,0.077848,0.558671,2.0000,0.782992,0.839905
24,16,11,0.068633,0.044798,0.468001,0.079413,0.515031,4.0000,0.827187,0.852729
24,17,11,0.068633,0.044798,0.468001,0.079413,0.515031,6.0000,0.813566,0.852729
24,18,11,0.067621,0.042216,0.469440,0.080050,0.525671,6.0000,0.811773,0.855655
24,19,13,0.062321,0.040925,0.473569,0.059002,0.630418,8.0000,0.832202,0.864050
24,20,1,0.593138,0.143164,0.069923,0.000000,1.000000,1.0000,0.974806,0.152842
24,21,4,0.311060,0.156115,0.191856,0.177174,0.649888,3.0000,0.901349,0.385299
24,22,8,0.145939,0.113048,0.351160,0.112239,0.607594,9.0000,0.665226,0.678079
24,23,8,0.123806,0.089228,0.393043,0.071116,0.582273,4.0000,0.793434,0.758127
24,24,9,0.101033,0.074282,0.419098,0.089523,0.654144,4.0000,0.897412,0.803800
24,25,9,0.101033,0.074282,0.419098,0.089523,0.654144,1.0000,0.877713,0.803800
24,26,11,0.092523,0.072718,0.430023,0.033784,0.656215,7.0000,0.791366,0.819624
24,27,11,0.093900,0.065990,0.437951,0.046996,0.698623,6.0000,0.807241,0.835548
24,28,12,0.093900,0.064070,0.438539,0.047985,0.745614,4.0000,0.789022,0.836730
24,29,12,0.090345,0.056906,0.439334,0.054989,0.733788,4.0000,0.841921,0.839892
24,30,0,,,,,,0.0000,0.965665,0.000000
24,31,0,,,,,,0.0000,0.944083,0.000000
24,32,0,,,,,,0.0000,0.873688,0.000000
24,33,0,,,,,,0.0000,0.880526,0.000000
24,34,0,,,,,,0.0000,0.950424,0.000000
24,35,0,,,,,,0.0000,0.947294,0.000000
24,36,0,,,,,,0.0000,0.888379,0.000000
24,37,0,,,,,,0.0000,0.903172,0.000000
24,38,0,,,,,,0.0000,0.930208,0.000000
24,39,0,,,,,,0.0000,0.910039,0.000000
24,40,0,,,,,,0.0000,0.891692,0.000000
24,41,0,,,,,,0.0000,0.898742,0.000000
24,42,0,,,,,,0.0000,0.924632,0.000000
24,43,0,,,,,,0.0000,0.883126,0.000000
24,44,0,,,,,,0.0000,0.875114,0.000000
24,45,0,,,,,,0.0000,0.898169,0.000000
24,46,0,,,,,,0.0000,0.972449,0.000000
24,47,0,,,,,,0.0000,0.931536,0.000000
24,48,0,,,,,,0.0000,0.894785,0.000000
24,49,0,,,,,,0.0000,0.906544,0.000000
24,50,0,,,,,,0.0000,0.960924,0.000000
24,51,0,,,,,,0.0000,0.948214,0.000000
24,52,0,,,,,,0.0000,0.855213,0.000000
24,53,0,,,,,,0.0000,0.872649,0.000000
24,54,0,,,,,,0.0000,0.913906,0.000000
24,55,0,,,,,,0.0000,0.944110,0.000000
24,56,0,,,,,,0.0000,0.893639,0.000000
24,57,0,,,,,,0.0000,0.881994,0.000000
24,58,0,,,,,,0.0000,0.927909,0.000000
24,59,0,,,,,,0.0000,0.941226,0.000000
24,60,0,,,,,,0.0000,0.921475,0.000000
24,61,0,,,,,,0.0000,0.931561,0.000000
24,62,0,,,,,,0.0000,0.928610,0.000000
24,63,0,,,,,,0.0000,0.925856,0.000000
24,64,0,,,,,,0.0000,0.968093,0.000000
24,65,0,,,,,,0.0000,0.910569,0.000000
24,66,0,,,,,,0.0000,0.860758,0.000000
24,67,0,,,,,,0.0000,0.861564,0.000000
24,68,0,,,,,,0.0000,0.939551,0.000000
24,69,0,,,,,,0.0000,0.959175,0.000000
24,70,0,,,,,,0.0000,0.924443,0.000000
24,71,0,,,,,,0.0000,0.881231,0.000000
24,72,0,,,,,,0.0000,0.897108,0.000000
24,73,0,,,,,,0.0000,0.977441,0.000000
24,74,0,,,,,,0.0000,0.927695,0.000000
24,75,0,,,,,,0.0000,0.876488,0.000000
24,76,0,,,,,,0.0000,0.874762,0.000000
24,77,0,,,,,,0.0000,0.885962,0.000000
24,78,0,,,,,,0.0000,0.981579,0.000000
24,79,0,,,,,,0.0000,0.945372,0.000000
24,80,0,,,,,,0.0000,0.876050,0.000000
24,81,0,,,,,,0.0000,0.925942,0.000000
24,82,0,,,,,,0.0000,0.956696,0.000000
24,83,0,,,,,,0.0000,0.934637,0.000000
24,84,0,,,,,,0.0000,0.858955,0.000000
24,85,0,,,,,,0.0000,0.923032,0.000000
24,86,0,,,,,,0.0000,0.956756,0.000000
24,87,0,,,,,,0.0000,0.923655,0.000000
24,88,0,,,,,,0.0000,0.905953,0.000000
24,89,0,,,,,,0.0000,0.891379,0.000000
24,90,0,,,,,,0.0000,0.955997,0.000000
24,91,0,,,,,,0.0000,0.987808,0.000000
24,92,0,,,,,,0.0000,0.887913,0.000000
24,93,0,,,,,,0.0000,0.880736,0.000000
24,94,0,,,,,,0.0000,0.854464,0.000000
24,95,0,,,,,,0.0000,0.919083,0.000000
24,96,0,,,,,,0.0000,0.935620,0.000000
24,97,0,,,,,,0.0000,0.948086,0.000000
24,98,0,,,,,,0.0000,0.959006,0.000000
24,99,0,,,,,,0.0000,0.887570,0.000000
24,100,0,,,,,,0.0000,0.856409,0.000000
24,101,0,,,,,,0.0000,0.938240,0.000000
24,102,0,,,,,,0.0000,0.908657,0.000000
24,103,0,,,,,,0.0000,0.941183,0.000000
24,104,0,,,,,,0.0000,0.960693,0.000000
24,105,0,,,,,,0.0000,0.961006,0.000000
24,106,0,,,,,,0.0000,0.840028,0.000000
24,107,0,,,,,,0.0000,0.878627,0.000000
24,108,0,,,,,,0.0000,0.985629,0.000000
24,109,0,,,,,,0.0000,0.990089,0.000000
24,110,0,,,,,,0.0000,0.904471,0.000000
24,111,0,,,,,,0.0000,0.846070,0.000000
24,112,0,,,,,,0.0000,0.908477,0.000000
24,113,0,,,,,,0.0000,0.997628,0.000000
24,114,0,,,,,,0.0000,0.931158,0.000000
24,115,0,,,,,,0.0000,0.839874,0.000000
24,116,0,,,,,,0.0000,0.867872,0.000000
24,117,0,,,,,,0.0000,0.919653,0.000000
24,118,0,,,,,,0.0000,0.948117,0.000000
24,119,0,,,,,,0.0000,0.926747,0.000000
24,120,0,,,,,,0.0000,0.887075,0.000000
24,121,0,,,,,,0.0000,0.899158,0.000000
24,122,0,,,,,,0.0000,0.910214,0.000000
24,123,0,,,,,,0.0000,0.950093,0.000000
24,124,0,,,,,,0.0000,0.968269,0.000000
24,125,0,,,,,,0.0000,0.878316,0.000000
24,126,0,,,,,,0.0000,0.836900,0.000000
24,127,0,,,,,,0.0000,0.905871,0.000000
24,128,0,,,,,,0.0000,0.967791,0.000000
24,129,0,,,,,,0.0000,0.899514,0.000000
24,130,0,,,,,,0.0000,0.886022,0.000000
24,131,0,,,,,,0.0000,0.862780,0.000000
24,132,0,,,,,,0.0000,0.886815,0.000000
24,133,0,,,,,,0.0000,0.921396,0.000000
24,134,0,,,,,,0.0000,0.950803,0.000000
24,135,0,,,,,,0.0000,0.914560,0.000000
24,136,0,,,,,,0.0000,0.918881,0.000000
24,137,0,,,,,,0.0000,0.929176,0.000000
24,138,0,,,,,,0.0000,0.915371,0.000000
24,139,0,,,,,,0.0000,0.939479,0.000000
24,140,0,,,,,,0.0000,0.956075,0.000000
24,141,0,,,,,,0.0000,0.918305,0.000000
24,142,0,,,,,,0.0000,0.869874,0.000000
24,143,0,,,,,,0.0000,0.889376,0.000000
24,144,0,,,,,,0.0000,0.899974,0.000000
24,145,0,,,,,,0.0000,0.939772,0.000000
24,146,0,,,,,,0.0000,0.854206,0.000000
24,147,0,,,,,,0.0000,0.926929,0.000000
24,148,0,,,,,,0.0000,1.002308,0.000000
24,149,0,,,,,,0.0000,0.978544,0.000000
24,150,0,,,,,,0.0000,0.926035,0.000000
24,151,0,,,,,,0.0000,0.918888,0.000000
24,152,0,,,,,,0.0000,0.893864,0.000000
24,153,0,,,,,,0.0000,0.959452,0.000000
24,154,0,,,,,,0.0000,0.956582,0.000000
24,155,0,,,,,,0.0000,0.903290,0.000000
24,156,0,,,,,,0.0000,0.868598,0.000000
24,157,0,,,,,,0.0000,0.941108,0.000000
24,158,0,,,,,,0.0000,0.968294,0.000000
24,159,0,,,,,,0.0000,0.918316,0.000000
24,160,0,,,,,,0.0000,0.860024,0.000000
24,161,0,,,,,,0.0000,0.922109,0.000000
24,162,0,,,,,,0.0000,0.925276,0.000000
24,163,0,,,,,,0.0000,0.933315,0.000000
24,164,0,,,,,,0.0000,0.971346,0.000000
24,165,0,,,,,,0.0000,0.866263,0.000000
24,166,0,,,,,,0.0000,0.874802,0.000000
24,167,0,,,,,,0.0000,0.922153,0.000000
24,168,0,,,,,,0.0000,0.933136,0.000000
24,169,0,,,,,,0.0000,0.926846,0.000000
24,170,0,,,,,,0.0000,0.887996,0.000000
24,171,0,,,,,,0.0000,0.959860,0.000000
24,172,0,,,,,,0.0000,0.914280,0.000000
24,173,0,,,,,,0.0000,0.887827,0.000000
24,174,0,,,,,,0.0000,0.947085,0.000000
24,175,0,,,,,,0.0000,0.966105,0.000000
24,176,0,,,,,,0.0000,0.864973,0.000000
24,177,0,,,,,,0.0000,0.853456,0.000000
24,178,0,,,,,,0.0000,0.981501,0.000000
24,179,0,,,,,,0.0000,0.926306,0.000000
24,180,0,,,,,,0.0000,0.838879,0.000000
24,181,0,,,,,,0.0000,0.879568,0.000000
24,182,0,,,,,,0.0000,0.982812,0.000000
24,183,0,,,,,,0.0000,0.961926,0.000000
24,184,0,,,,,,0.0000,0.921640,0.000000
24,185,0,,,,,,0.0000,0.862014,0.000000
24,186,0,,,,,,0.0000,0.919297,0.000000
24,187,0,,,,,,0.0000,0.892545,0.000000
24,188,0,,,,,,0.0000,0.933430,0.000000
24,189,0,,,,,,0.0000,0.943794,0.000000
24,190,0,,,,,,0.0000,0.934718,0.000000
24,191,0,,,,,,0.0000,0.896711,0.000000
24,192,0,,,,,,0.0000,0.942770,0.000000
24,193,0,,,,,,0.0000,0.920846,0.000000
24,194,0,,,,,,0.0000,0.916341,0.000000
24,195,0,,,,,,0.0000,0.905587,0.000000
24,196,0,,,,,,0.0000,0.946946,0.000000
24,197,0,,,,,,0.0000,0.960439,0.000000
24,198,0,,,,,,0.0000,0.916808,0.000000
24,199,0,,,,,,0.0000,0.890334,0.000000
24,200,0,,,,,,0.0000,0.891982,0.000000
24,201,0,,,,,,0.0000,0.861541,0.000000
24,202,0,,,,,,0.0000,0.940178,0.000000
24,203,0,,,,,,0.0000,0.980592,0.000000
24,204,0,,,,,,0.0000,0.928167,0.000000
24,205,0,,,,,,0.0000,0.846154,0.000000
24,206,0,,,,,,0.0000,0.877435,0.000000
24,207,0,,,,,,0.0000,0.925099,0.000000
24,208,0,,,,,,0.0000,1.009470,0.000000
24,209,0,,,,,,0.0000,0.942787,0.000000
24,210,0,,,,,,0.0000,0.886214,0.000000
24,211,0,,,,,,0.0000,0.902506,0.000000
24,212,0,,,,,,0.0000,0.968117,0.000000
24,213,0,,,,,,0.0000,0.861963,0.000000
24,214,0,,,,,,0.0000,0.855834,0.000000
24,215,0,,,,,,0.0000,0.963205,0.000000
24,216,0,,,,,,0.0000,0.909204,0.000000
24,217,0,,,,,,0.0000,0.908061,0.000000
24,218,0,,,,,,0.0000,0.934727,0.000000
24,219,0,,,,,,0.0000,0.953420,0.000000
24,220,0,,,,,,0.0000,0.916793,0.000000
24,221,0,,,,,,0.0000,0.912633,0.000000
24,222,0,,,,,,0.0000,0.937737,0.000000
24,223,0,,,,,,0.0000,0.954843,0.000000
24,224,0,,,,,,0.0000,0.903771,0.000000
24,225,0,,,,,,0.0000,0.898144,0.000000
24,226,0,,,,,,0.0000,0.961149,0.000000
24,227,0,,,,,,0.0000,1.004909,0.000000
24,228,0,,,,,,0.0000,0.916856,0.000000
24,229,0,,,,,,0.0000,0.904657,0.000000
24,230,0,,,,,,0.0000,0.870161,0.000000
24,231,0,,,,,,0.0000,0.924018,0.000000
24,232,0,,,,,,0.0000,0.916994,0.000000
24,233,0,,,,,,0.0000,0.921745,0.000000
24,234,0,,,,,,0.0000,0.882459,0.000000
24,235,0,,,,,,0.0000,0.914003,0.000000
24,236,0,,,,,,0.0000,0.947753,0.000000
24,237,0,,,,,,0.0000,0.910247,0.000000
24,238,0,,,,,,0.0000,0.885735,0.000000
24,239,0,,,,,,0.0000,0.878405,0.000000
24,240,0,,,,,,0.0000,0.900825,0.000000
24,241,0,,,,,,0.0000,0.886036,0.000000
24,242,0,,,,,,0.0000,0.882436,0.000000
24,243,0,,,,,,0.0000,0.934451,0.000000
24,244,1,0.856044,0.000752,0.228968,0.000000,1.000000,1.0000,0.977603,0.209824
24,245,3,0.333325,0.044363,0.396134,0.510359,0.868236,6.0000,0.745916,0.502507
24,246,9,0.181622,0.088930,0.481625,0.070564,0.673065,14.0000,0.624691,0.649738
24,247,10,0.110979,0.083175,0.524581,0.097621,0.749330,8.0000,0.771404,0.718821
24,248,12,0.105560,0.093734,0.527512,0.037907,0.724503,7.0000,0.874000,0.722758
24,249,10,0.061958,0.054996,0.594791,0.114874,0.569102,7.0000,0.903067,0.836759
24,250,0,,,,,,0.0000,1.033356,0.000000
24,251,1,0.845063,0.001533,0.245890,0.000000,1.000000,1.0000,0.990516,0.214234
24,252,3,0.218872,0.097722,0.408417,0.292175,0.267295,4.0000,0.696588,0.432253
24,253,5,0.154884,0.116165,0.492851,0.161464,0.266424,11.0000,0.704422,0.594449
24,254,4,0.149246,0.060357,0.533650,0.237865,0.321841,7.0000,0.869355,0.674972
24,255,6,0.135267,0.093410,0.553422,0.066228,0.183609,6.0000,0.949748,0.714279
24,256,7,0.131909,0.088979,0.559769,0.130521,0.300673,4.0000,0.836951,0.726898
24,257,7,0.131909,0.088979,0.559769,0.130521,0.300673,5.0000,0.745737,0.726898
24,258,7,0.131909,0.088979,0.559769,0.130521,0.300673,3.0000,0.739564,0.726898
24,259,9,0.124796,0.094242,0.575047,0.125144,0.490341,4.0000,0.882108,0.757270
24,260,3,0.308671,0.064096,0.449160,0.833591,0.740658,3.0000,1.015110,0.477394
24,261,4,0.302215,0.054357,0.478746,0.779396,1.013787,8.0000,0.905724,0.537633
24,262,5,0.238074,0.025351,0.553955,0.080455,0.934165,7.0000,0.729455,0.672071
24,263,7,0.150783,0.036190,0.582746,0.189308,0.802153,8.0000,0.847374,0.730689
24,264,8,0.146220,0.064957,0.584029,0.009814,0.783556,7.0000,0.952303,0.733301
24,265,8,0.146220,0.064957,0.584029,0.009814,0.783556,4.0000,0.881246,0.733301
24,266,9,0.130738,0.076574,0.588340,0.044510,0.645846,9.0000,0.758298,0.742079
24,267,9,0.104319,0.074371,0.604686,0.059040,0.574047,7.0000,0.829175,0.775358
24,268,10,0.069406,0.048948,0.636390,0.061657,0.573272,10.0000,0.831267,0.839909
24,269,10,0.069406,0.048948,0.636390,0.061657,0.573272,5.0000,0.878441,0.839909
24,270,2,0.359731,0.024827,0.388973,0.000000,0.033490,3.0000,0.930307,0.310724
24,271,5,0.229370,0.069364,0.488553,0.084817,0.893685,7.0000,0.777596,0.514765
24,272,7,0.140455,0.070469,0.584389,0.165532,0.695484,10.0000,0.758774,0.708543
24,273,11,0.106152,0.066853,0.612307,0.078481,0.696353,15.0000,0.801856,0.765747
24,274,10,0.095088,0.035551,0.636642,0.093222,0.659997,9.0000,0.809713,0.815608
24,275,13,0.075031,0.039587,0.646894,0.041916,0.724775,14.0000,0.831395,0.836615
24,276,15,0.074453,0.040010,0.648601,0.021604,0.754193,8.0000,0.730150,0.840113
24,277,17,0.068518,0.046741,0.651684,0.021880,0.765289,8.0000,0.833759,0.846430
24,278,19,0.066132,0.045219,0.654833,0.017831,0.805917,5.0000,0.818309,0.852883
24,279,19,0.066132,0.045219,0.654833,0.017831,0.805917,4.0000,0.824821,0.852883
24,280,1,0.845506,0.033391,0.234809,0.000000,1.000000,1.0000,0.989980,0.135763
24,281,3,0.323361,0.042630,0.409353,0.996351,0.856204,6.0000,0.851485,0.323729
24,282,5,0.232363,0.054262,0.485680,0.562774,0.898514,8.0000,0.701051,0.481726
24,283,7,0.172714,0.034516,0.574029,0.118958,0.851024,10.0000,0.723063,0.664086
24,284,8,0.147161,0.056902,0.610464,0.114433,0.723229,10.0000,0.889867,0.739507
24,285,9,0.086241,0.063926,0.630379,0.104972,0.580833,11.0000,0.916164,0.780733
24,286,11,0.076758,0.068210,0.636510,0.064736,0.495695,7.0000,0.789295,0.793424
24,287,12,0.100976,0.068693,0.645861,0.039916,0.622979,10.0000,0.730152,0.812780
24,288,12,0.100590,0.067200,0.646530,0.054467,0.646748,11.0000,0.837647,0.814166
24,289,12,0.100590,0.067200,0.646530,0.054467,0.646748,11.0000,0.884841,0.814166
24,290,1,0.842721,0.036292,0.180129,0.000000,1.000000,1.0000,1.041358,0.129453
24,291,3,0.319374,0.027271,0.444127,0.975594,0.866559,3.0000,0.894052,0.374341
24,292,5,0.204491,0.030737,0.514274,0.547361,0.848414,7.0000,0.735141,0.519241
24,293,6,0.147778,0.025128,0.610180,0.181950,0.775761,8.0000,0.775159,0.721244
24,294,7,0.135429,0.052572,0.631943,0.078650,0.707418,10.0000,0.896789,0.767082
24,295,8,0.103091,0.049444,0.661068,0.083224,0.532767,3.0000,0.888734,0.828426
24,296,9,0.103091,0.050147,0.665919,0.087006,0.552568,7.0000,0.760825,0.838643
24,297,9,0.103091,0.050147,0.665919,0.087006,0.552568,11.0000,0.778556,0.838643
24,298,9,0.082128,0.048059,0.672175,0.093590,0.525900,9.0000,0.906047,0.851821
24,299,9,0.082128,0.048059,0.672175,0.093590,0.525900,10.0000,0.787395,0.851821
24,300,3,0.207057,0.090990,0.490976,0.452784,0.485701,6.0000,0.932887,0.502103
24,301,5,0.199877,0.071047,0.526525,0.472982,0.737917,3.0000,0.890830,0.541968
24,302,7,0.103061,0.080239,0.592475,0.141324,0.409172,9.0000,0.798513,0.680092
24,303,8,0.102669,0.076304,0.607248,0.150270,0.531962,6.0000,0.762774,0.711031
24,304,8,0.101077,0.073342,0.610287,0.144944,0.550315,8.0000,0.770157,0.717397
24,305,8,0.070333,0.023113,0.684887,0.127268,0.546058,7.0000,0.818517,0.873636
24,306,9,0.063864,0.021758,0.688920,0.114400,0.649230,9.0000,0.800466,0.882083
24,307,10,0.056587,0.022085,0.694336,0.069323,0.661925,9.0000,0.796695,0.893425
24,308,10,0.056520,0.021899,0.694946,0.069063,0.663045,11.0000,0.766116,0.894704
24,309,10,0.056520,0.021899,0.694946,0.069063,0.663045,8.0000,0.806639,0.894704
24,310,2,0.650203,0.120336,0.212978,0.000000,0.784467,2.0000,0.971056,0.185547
24,311,4,0.155972,0.107256,0.508271,0.101801,0.377259,8.0000,0.908538,0.576305
24,312,6,0.098340,0.074418,0.629893,0.099191,0.268380,12.0000,0.757807,0.796342
24,313,9,0.077446,0.051279,0.668082,0.091633,0.441228,8.0000,0.763300,0.843199
24,314,11,0.073561,0.048809,0.673640,0.093906,0.598424,10.0000,0.760811,0.854907
24,315,13,0.069210,0.045642,0.676188,0.056356,0.643380,9.0000,0.813196,0.860272
24,316,14,0.069210,0.059215,0.678055,0.036416,0.594446,6.0000,0.771520,0.864206
24,317,15,0.069119,0.058789,0.678618,0.035870,0.549840,8.0000,0.825768,0.865390
24,318,15,0.069119,0.058789,0.678618,0.035870,0.549840,6.0000,0.847974,0.865390
24,319,15,0.061893,0.043529,0.686606,0.036608,0.612005,12.0000,0.838554,0.882217
24,320,2,0.340754,0.096103,0.341516,0.000000,0.105442,3.0000,0.959196,0.204517
24,321,5,0.184747,0.127815,0.503269,0.198010,0.402203,9.0000,0.847642,0.526886
24,322,5,0.147775,0.028341,0.605973,0.150791,0.596925,10.0000,0.746609,0.739486
24,323,5,0.147697,0.022502,0.616324,0.134947,0.537363,7.0000,0.809407,0.751703
24,324,6,0.147697,0.024454,0.616378,0.174763,0.712646,7.0000,0.851086,0.751751
24,325,7,0.137177,0.041613,0.617443,0.114085,0.725852,10.0000,0.848811,0.753954
24,326,9,0.116506,0.047110,0.636255,0.089358,0.679406,6.0000,0.822403,0.792895
24,327,12,0.106932,0.035970,0.655444,0.058542,0.701470,9.0000,0.782927,0.832617
24,328,14,0.049157,0.037354,0.677817,0.072370,0.640066,11.0000,0.830693,0.878930
24,329,16,0.049157,0.043254,0.682583,0.049484,0.637284,7.0000,0.816865,0.888796
24,330,3,0.319583,0.016656,0.463548,0.949277,0.841569,3.0000,1.011111,0.460940
24,331,3,0.319542,0.011359,0.464430,0.955195,0.848712,3.0000,0.886594,0.462747
24,332,5,0.178513,0.075231,0.499050,0.081589,0.636539,6.0000,0.754074,0.533684
24,333,7,0.138120,0.066575,0.555217,0.103492,0.669893,12.0000,0.797787,0.648770
24,334,9,0.128543,0.085884,0.562547,0.158971,0.625141,10.0000,0.797804,0.663788
24,335,10,0.097239,0.075651,0.584043,0.152037,0.669964,7.0000,0.857878,0.707834
24,336,12,0.084272,0.075624,0.602323,0.125517,0.640090,8.0000,0.932363,0.745289
24,337,12,0.084272,0.075624,0.602323,0.125517,0.640090,10.0000,0.825470,0.745289
24,338,11,0.059996,0.042816,0.648213,0.103241,0.617478,12.0000,0.707481,0.839317
24,339,12,0.055395,0.043829,0.652321,0.068463,0.507224,6.0000,0.791897,0.847736
24,340,2,0.723969,0.226419,0.139159,0.000000,0.956763,2.0000,1.012011,0.042415
24,341,4,0.251714,0.095808,0.409206,0.293350,0.640256,5.0000,0.907747,0.384972
24,342,8,0.080065,0.051766,0.620499,0.097534,0.442157,10.0000,0.686911,0.808503
24,343,10,0.074431,0.049955,0.626826,0.085862,0.521182,8.0000,0.712447,0.821386
24,344,11,0.059195,0.034944,0.646638,0.107314,0.637796,8.0000,0.839996,0.860775
24,345,13,0.054596,0.033348,0.649722,0.067466,0.679654,8.0000,0.907390,0.867054
24,346,17,0.045832,0.030478,0.651483,0.051034,0.710659,12.0000,0.781834,0.870638
24,347,18,0.037900,0.030172,0.658274,0.048490,0.679581,8.0000,0.734976,0.884466
24,348,18,0.037900,0.030172,0.658274,0.048490,0.679581,7.0000,0.802244,0.884466
24,349,18,0.037457,0.029851,0.659530,0.045284,0.674608,5.0000,0.907340,0.887022
24,350,1,0.761921,0.016737,0.267507,0.000000,1.000000,2.0000,1.037431,0.275327
24,351,4,0.210263,0.081112,0.454574,0.382643,0.601543,4.0000,0.778728,0.540575
24,352,6,0.179854,0.068723,0.513630,0.346318,0.902565,5.0000,0.740870,0.657980
24,353,12,0.095464,0.061822,0.585151,0.080563,0.789282,13.0000,0.765075,0.777358
24,354,12,0.095464,0.061822,0.585151,0.080563,0.789282,5.0000,0.917283,0.777358
24,355,13,0.095384,0.059418,0.585471,0.082824,0.848651,4.0000,0.918830,0.777994
24,356,13,0.093499,0.054276,0.586865,0.112676,0.846387,9.0000,0.748409,0.780765
24,357,14,0.080152,0.040604,0.615731,0.112058,0.878758,11.0000,0.719027,0.838152
24,358,16,0.074136,0.044861,0.620789,0.103442,0.919695,9.0000,0.789904,0.848206
24,359,16,0.065708,0.032497,0.639372,0.100136,0.868136,6.0000,0.914464,0.885150
24,360,3,0.323615,0.033451,0.370928,0.964785,0.870476,3.0000,0.963004,0.419043
24,361,6,0.138003,0.086369,0.433643,0.244708,0.678815,5.0000,0.738848,0.540864
24,362,8,0.104784,0.056202,0.543373,0.160560,0.774516,6.0000,0.688024,0.754006
24,363,9,0.102678,0.052961,0.547105,0.156427,0.859375,4.0000,0.836108,0.761254
24,364,10,0.130964,0.036515,0.579377,0.144341,0.952388,8.0000,0.923112,0.814252
24,365,12,0.080410,0.039424,0.604589,0.108816,0.852093,6.0000,0.862876,0.863225
24,366,12,0.080410,0.039424,0.604589,0.108816,0.852093,6.0000,0.767594,0.863225
24,367,12,0.075383,0.037606,0.616259,0.085941,0.777965,8.0000,0.800238,0.885892
24,368,12,0.075383,0.037606,0.616259,0.085941,0.777965,12.0000,0.873998,0.885892
24,369,12,0.075383,0.037606,0.616259,0.085941,0.777965,6.0000,0.846409,0.885892
24,370,0,,,,,,0.0000,0.968226,0.000000
24,371,0,,,,,,0.0000,0.982105,0.000000
24,372,0,,,,,,0.0000,0.937238,0.000000
24,373,0,,,,,,0.0000,0.878460,0.000000
24,374,0,,,,,,0.0000,0.912959,0.000000
24,375,0,,,,,,0.0000,0.954663,0.000000
24,376,0,,,,,,0.0000,0.966877,0.000000
24,377,0,,,,,,0.0000,0.896730,0.000000
24,378,0,,,,,,0.0000,0.860354,0.000000
24,379,0,,,,,,0.0000,0.966044,0.000000
24,380,0,,,,,,0.0000,0.976978,0.000000
24,381,0,,,,,,0.0000,0.892406,0.000000
24,382,0,,,,,,0.0000,0.917059,0.000000
24,383,0,,,,,,0.0000,0.969531,0.000000
24,384,0,,,,,,0.0000,0.937903,0.000000
24,385,0,,,,,,0.0000,0.849035,0.000000
24,386,0,,,,,,0.0000,0.821044,0.000000
24,387,0,,,,,,0.0000,0.909267,0.000000
24,388,0,,,,,,0.0000,0.939078,0.000000
24,389,0,,,,,,0.0000,0.918995,0.000000
24,390,0,,,,,,0.0000,0.935606,0.000000
24,391,0,,,,,,0.0000,0.932523,0.000000
24,392,0,,,,,,0.0000,0.892778,0.000000
24,393,0,,,,,,0.0000,0.878395,0.000000
24,394,0,,,,,,0.0000,0.956443,0.000000
24,395,0,,,,,,0.0000,0.970331,0.000000
24,396,0,,,,,,0.0000,0.928594,0.000000
24,397,0,,,,,,0.0000,0.895746,0.000000
24,398,0,,,,,,0.0000,0.908251,0.000000
24,399,0,,,,,,0.0000,0.954776,0.000000
24,400,0,,,,,,0.0000,0.918252,0.000000
24,401,0,,,,,,0.0000,0.901773,0.000000
24,402,0,,,,,,0.0000,0.843281,0.000000
24,403,0,,,,,,0.0000,0.860531,0.000000
24,404,0,,,,,,0.0000,0.979592,0.000000
24,405,0,,,,,,0.0000,0.925502,0.000000
24,406,0,,,,,,0.0000,0.897974,0.000000
24,407,0,,,,,,0.0000,0.901162,0.000000
24,408,0,,,,,,0.0000,0.945808,0.000000
24,409,0,,,,,,0.0000,0.958232,0.000000
24,410,0,,,,,,0.0000,0.957704,0.000000
24,411,0,,,,,,0.0000,0.915680,0.000000
24,412,0,,,,,,0.0000,0.875085,0.000000
24,413,0,,,,,,0.0000,0.904977,0.000000
24,414,0,,,,,,0.0000,0.880477,0.000000
24,415,0,,,,,,0.0000,0.913547,0.000000
24,416,0,,,,,,0.0000,0.917819,0.000000
24,417,0,,,,,,0.0000,0.978680,0.000000
24,418,0,,,,,,0.0000,0.935668,0.000000
24,419,0,,,,,,0.0000,0.885996,0.000000
24,420,0,,,,,,0.0000,0.901541,0.000000
24,421,0,,,,,,0.0000,0.955685,0.000000
24,422,0,,,,,,0.0000,0.958750,0.000000
24,423,0,,,,,,0.0000,0.979391,0.000000
24,424,0,,,,,,0.0000,0.941535,0.000000
24,425,0,,,,,,0.0000,0.877525,0.000000
24,426,0,,,,,,0.0000,0.853842,0.000000
24,427,0,,,,,,0.0000,0.928143,0.000000
24,428,0,,,,,,0.0000,0.990879,0.000000
24,429,0,,,,,,0.0000,0.982262,0.000000
24,430,0,,,,,,0.0000,0.906893,0.000000
24,431,0,,,,,,0.0000,0.882159,0.000000
24,432,0,,,,,,0.0000,0.943499,0.000000
24,433,0,,,,,,0.0000,0.974389,0.000000
24,434,0,,,,,,0.0000,0.971175,0.000000
24,435,0,,,,,,0.0000,0.870480,0.000000
24,436,0,,,,,,0.0000,0.878704,0.000000
24,437,0,,,,,,0.0000,0.966350,0.000000
24,438,0,,,,,,0.0000,0.951632,0.000000
24,439,0,,,,,,0.0000,0.886312,0.000000
24,440,0,,,,,,0.0000,0.937777,0.000000
24,441,0,,,,,,0.0000,0.949155,0.000000
24,442,0,,,,,,0.0000,0.872053,0.000000
24,443,0,,,,,,0.0000,0.872175,0.000000
24,444,0,,,,,,0.0000,0.916585,0.000000
24,445,0,,,,,,0.0000,0.951134,0.000000
24,446,0,,,,,,0.0000,0.915359,0.000000
24,447,0,,,,,,0.0000,0.872136,0.000000
24,448,0,,,,,,0.0000,0.946844,0.000000
24,449,0,,,,,,0.0000,0.960785,0.000000
24,450,0,,,,,,0.0000,0.940539,0.000000
24,451,0,,,,,,0.0000,0.890389,0.000000
24,452,0,,,,,,0.0000,0.917713,0.000000
24,453,0,,,,,,0.0000,0.948501,0.000000
24,454,0,,,,,,0.0000,0.906227,0.000000
24,455,0,,,,,,0.0000,0.876401,0.000000
24,456,0,,,,,,0.0000,0.893361,0.000000
24,457,0,,,,,,0.0000,0.934631,0.000000
24,458,0,,,,,,0.0000,0.910751,0.000000
24,459,0,,,,,,0.0000,0.894469,0.000000
24,460,0,,,,,,0.0000,0.926906,0.000000
24,461,0,,,,,,0.0000,0.957418,0.000000
24,462,0,,,,,,0.0000,0.898983,0.000000
24,463,0,,,,,,0.0000,0.880007,0.000000
24,464,0,,,,,,0.0000,0.934533,0.000000
24,465,0,,,,,,0.0000,0.982043,0.000000
24,466,0,,,,,,0.0000,0.911188,0.000000
24,467,0,,,,,,0.0000,0.887087,0.000000
24,468,0,,,,,,0.0000,0.890490,0.000000
24,469,0,,,,,,0.0000,0.932902,0.000000
24,470,0,,,,,,0.0000,0.939891,0.000000
24,471,0,,,,,,0.0000,0.913153,0.000000
24,472,0,,,,,,0.0000,0.887528,0.000000
24,473,0,,,,,,0.0000,0.933760,0.000000
24,474,0,,,,,,0.0000,0.940206,0.000000
24,475,0,,,,,,0.0000,0.899154,0.000000
24,476,0,,,,,,0.0000,0.940721,0.000000
24,477,0,,,,,,0.0000,0.937986,0.000000
24,478,0,,,,,,0.0000,0.927171,0.000000
24,479,0,,,,,,0.0000,0.887859,0.000000
24,480,0,,,,,,0.0000,0.899450,0.000000
24,481,0,,,,,,0.0000,0.930196,0.000000
24,482,0,,,,,,0.0000,0.879704,0.000000
24,483,0,,,,,,0.0000,0.891830,0.000000
24,484,0,,,,,,0.0000,0.966292,0.000000
24,485,0,,,,,,0.0000,0.932562,0.000000
24,486,0,,,,,,0.0000,0.908991,0.000000
24,487,0,,,,,,0.0000,0.852588,0.000000
24,488,0,,,,,,0.0000,0.941740,0.000000
24,489,0,,,,,,0.0000,0.959652,0.000000
24,490,0,,,,,,0.0000,0.914250,0.000000
24,491,0,,,,,,0.0000,0.925299,0.000000
24,492,0,,,,,,0.0000,0.877149,0.000000
24,493,0,,,,,,0.0000,0.895806,0.000000
24,494,0,,,,,,0.0000,0.892706,0.000000
24,495,0,,,,,,0.0000,0.902087,0.000000
24,496,0,,,,,,0.0000,0.906270,0.000000
24,497,0,,,,,,0.0000,0.869940,0.000000
24,498,0,,,,,,0.0000,0.912467,0.000000
24,499,0,,,,,,0.0000,0.994554,0.000000
24,500,0,,,,,,0.0000,0.937222,0.000000
24,501,0,,,,,,0.0000,0.837671,0.000000
24,502,0,,,,,,0.0000,0.873017,0.000000
24,503,0,,,,,,0.0000,0.974662,0.000000
24,504,0,,,,,,0.0000,0.958650,0.000000
24,505,0,,,,,,0.0000,0.864332,0.000000
24,506,0,,,,,,0.0000,0.855234,0.000000
24,507,0,,,,,,0.0000,0.932292,0.000000
24,508,0,,,,,,0.0000,0.951070,0.000000
24,509,0,,,,,,0.0000,0.943681,0.000000
24,510,0,,,,,,0.0000,0.880911,0.000000
24,511,0,,,,,,0.0000,0.880042,0.000000
24,512,0,,,,,,0.0000,0.888424,0.000000
24,513,0,,,,,,0.0000,0.904312,0.000000
24,514,0,,,,,,0.0000,0.900473,0.000000
24,515,0,,,,,,0.0000,0.863025,0.000000
24,516,0,,,,,,0.0000,0.864051,0.000000
24,517,0,,,,,,0.0000,0.944529,0.000000
24,518,0,,,,,,0.0000,0.935639,0.000000
24,519,0,,,,,,0.0000,0.860696,0.000000
24,520,0,,,,,,0.0000,0.908934,0.000000
24,521,0,,,,,,0.0000,0.917765,0.000000
24,522,0,,,,,,0.0000,0.889257,0.000000
24,523,0,,,,,,0.0000,0.925127,0.000000
24,524,0,,,,,,0.0000,0.860281,0.000000
24,525,0,,,,,,0.0000,0.870138,0.000000
24,526,0,,,,,,0.0000,0.947677,0.000000
24,527,0,,,,,,0.0000,0.983977,0.000000
24,528,0,,,,,,0.0000,0.895946,0.000000
24,529,0,,,,,,0.0000,0.856377,0.000000
24,530,0,,,,,,0.0000,0.931517,0.000000
24,531,0,,,,,,0.0000,0.964592,0.000000
24,532,0,,,,,,0.0000,0.881616,0.000000
24,533,0,,,,,,0.0000,0.905053,0.000000
24,534,0,,,,,,0.0000,0.922987,0.000000
24,535,0,,,,,,0.0000,0.898676,0.000000
24,536,0,,,,,,0.0000,0.910342,0.000000
24,537,0,,,,,,0.0000,0.943838,0.000000
24,538,0,,,,,,0.0000,0.911601,0.000000
24,539,0,,,,,,0.0000,0.855345,0.000000
24,540,0,,,,,,0.0000,0.902877,0.000000
24,541,0,,,,,,0.0000,0.921938,0.000000
24,542,0,,,,,,0.0000,0.973422,0.000000
24,543,0,,,,,,0.0000,0.865988,0.000000
24,544,0,,,,,,0.0000,0.857497,0.000000
24,545,0,,,,,,0.0000,0.916303,0.000000
24,546,0,,,,,,0.0000,0.938534,0.000000
24,547,0,,,,,,0.0000,0.919394,0.000000
24,548,0,,,,,,0.0000,0.919122,0.000000
24,549,0,,,,,,0.0000,0.902228,0.000000
24,550,0,,,,,,0.0000,0.961691,0.000000
24,551,0,,,,,,0.0000,0.957356,0.000000
24,552,0,,,,,,0.0000,0.900972,0.000000
24,553,0,,,,,,0.0000,0.909284,0.000000
24,554,0,,,,,,0.0000,0.923723,0.000000
24,555,0,,,,,,0.0000,0.963026,0.000000
24,556,0,,,,,,0.0000,0.918074,0.000000
24,557,0,,,,,,0.0000,0.896536,0.000000
24,558,0,,,,,,0.0000,0.957339,0.000000
24,559,0,,,,,,0.0000,0.953432,0.000000
24,560,0,,,,,,0.0000,0.889646,0.000000
24,561,0,,,,,,0.0000,0.884879,0.000000
24,562,0,,,,,,0.0000,0.929862,0.000000
24,563,0,,,,,,0.0000,0.868305,0.000000
24,564,0,,,,,,0.0000,0.925945,0.000000
24,565,0,,,,,,0.0000,0.940598,0.000000
24,566,0,,,,,,0.0000,0.904055,0.000000
24,567,0,,,,,,0.0000,0.937799,0.000000
24,568,0,,,,,,0.0000,0.965307,0.000000
24,569,0,,,,,,0.0000,0.907046,0.000000
24,570,0,,,,,,0.0000,0.903488,0.000000
24,571,0,,,,,,0.0000,0.944888,0.000000
24,572,0,,,,,,0.0000,0.891507,0.000000
24,573,0,,,,,,0.0000,0.913115,0.000000
24,574,0,,,,,,0.0000,0.921600,0.000000
24,575,0,,,,,,0.0000,0.919709,0.000000
24,576,0,,,,,,0.0000,0.929210,0.000000
24,577,0,,,,,,0.0000,0.938962,0.000000
24,578,0,,,,,,0.0000,0.881846,0.000000
24,579,0,,,,,,0.0000,0.918619,0.000000
24,580,0,,,,,,0.0000,0.982365,0.000000
24,581,0,,,,,,0.0000,0.935258,0.000000
24,582,0,,,,,,0.0000,0.893411,0.000000
24,583,0,,,,,,0.0000,0.896355,0.000000
24,584,0,,,,,,0.0000,0.898020,0.000000
24,585,0,,,,,,0.0000,0.950022,0.000000
24,586,0,,,,,,0.0000,0.932904,0.000000
24,587,0,,,,,,0.0000,0.903688,0.000000
24,588,0,,,,,,0.0000,0.889225,0.000000
24,589,0,,,,,,0.0000,0.906990,0.000000
24,590,0,,,,,,0.0000,0.962307,0.000000
24,591,0,,,,,,0.0000,0.923270,0.000000
24,592,0,,,,,,0.0000,0.879659,0.000000
24,593,0,,,,,,0.0000,0.911773,0.000000
24,594,0,,,,,,0.0000,0.911447,0.000000
24,595,0,,,,,,0.0000,0.927369,0.000000
24,596,0,,,,,,0.0000,0.950195,0.000000
24,597,0,,,,,,0.0000,0.955955,0.000000
24,598,0,,,,,,0.0000,0.919975,0.000000
24,599,0,,,,,,0.0000,0.883972,0.000000
24,600,0,,,,,,0.0000,0.882743,0.000000
24,601,0,,,,,,0.0000,0.912975,0.000000
24,602,0,,,,,,0.0000,0.926592,0.000000
24,603,0,,,,,,0.0000,0.899618,0.000000
24,604,0,,,,,,0.0000,0.938904,0.000000
24,605,0,,,,,,0.0000,0.903335,0.000000
24,606,0,,,,,,0.0000,0.954411,0.000000
24,607,0,,,,,,0.0000,0.944198,0.000000
24,608,0,,,,,,0.0000,0.905890,0.000000
24,609,0,,,,,,0.0000,0.867749,0.000000
24,610,0,,,,,,0.0000,0.923170,0.000000
24,611,0,,,,,,0.0000,0.921736,0.000000
24,612,0,,,,,,0.0000,0.894050,0.000000
24,613,0,,,,,,0.0000,0.943903,0.000000
24,614,0,,,,,,0.0000,0.927200,0.000000
24,615,0,,,,,,0.0000,0.903809,0.000000
24,616,0,,,,,,0.0000,0.917804,0.000000
24,617,0,,,,,,0.0000,0.949938,0.000000
24,618,0,,,,,,0.0000,0.904342,0.000000
24,619,0,,,,,,0.0000,0.904983,0.000000
24,620,0,,,,,,0.0000,0.936074,0.000000
24,621,0,,,,,,0.0000,0.934011,0.000000
24,622,0,,,,,,0.0000,0.945626,0.000000
24,623,0,,,,,,0.0000,0.854968,0.000000
24,624,0,,,,,,0.0000,0.893660,0.000000
24,625,0,,,,,,0.0000,0.982658,0.000000
24,626,0,,,,,,0.0000,0.971101,0.000000
24,627,0,,,,,,0.0000,0.881757,0.000000
24,628,0,,,,,,0.0000,0.919835,0.000000
24,629,0,,,,,,0.0000,0.941432,0.000000
24,630,0,,,,,,0.0000,0.874893,0.000000
24,631,0,,,,,,0.0000,0.902093,0.000000
24,632,0,,,,,,0.0000,0.941989,0.000000
24,633,0,,,,,,0.0000,0.903838,0.000000
24,634,0,,,,,,0.0000,0.918766,0.000000
24,635,0,,,,,,0.0000,0.968521,0.000000
24,636,0,,,,,,0.0000,0.900991,0.000000
24,637,0,,,,,,0.0000,0.845701,0.000000
24,638,0,,,,,,0.0000,0.907128,0.000000
24,639,0,,,,,,0.0000,0.976925,0.000000
24,640,0,,,,,,0.0000,0.975248,0.000000
24,641,0,,,,,,0.0000,0.888817,0.000000
24,642,0,,,,,,0.0000,0.849195,0.000000
24,643,0,,,,,,0.0000,0.906345,0.000000
24,644,0,,,,,,0.0000,0.990111,0.000000
24,645,0,,,,,,0.0000,0.964852,0.000000
24,646,1,0.855992,0.000648,0.170044,0.000000,1.000000,1.0000,0.888759,0.210044
24,647,7,0.108932,0.082233,0.522021,0.183689,0.527500,10.0000,0.713933,0.705938
24,648,11,0.100454,0.067113,0.547574,0.128099,0.910258,15.0000,0.762495,0.755573
24,649,15,0.085666,0.072674,0.577926,0.048633,0.824408,12.0000,0.847323,0.814530
24,650,3,0.261310,0.085366,0.418642,0.693044,0.746338,4.0000,1.022001,0.504006
24,651,4,0.257119,0.106481,0.434040,0.013267,0.844784,6.0000,0.826683,0.512483
24,652,5,0.166886,0.087025,0.471127,0.165501,0.581312,5.0000,0.731429,0.574421
24,653,5,0.127808,0.087597,0.524794,0.122598,0.391405,6.0000,0.775636,0.680849
24,654,7,0.103696,0.084863,0.546724,0.176238,0.602031,8.0000,0.915942,0.724446
24,655,8,0.101201,0.079389,0.551007,0.169149,0.705164,9.0000,0.812467,0.732961
24,656,8,0.099770,0.079656,0.553757,0.075598,0.661989,10.0000,0.782983,0.736135
24,657,9,0.079322,0.073074,0.571261,0.084708,0.612089,7.0000,0.821283,0.770933
24,658,9,0.079322,0.073074,0.571261,0.084708,0.612089,8.0000,0.864300,0.770933
24,659,10,0.078734,0.069423,0.571675,0.086902,0.710327,4.0000,0.878314,0.771756
24,660,3,0.284294,0.034909,0.458762,0.836944,0.799342,3.0000,0.982117,0.504453
24,661,5,0.245920,0.042572,0.495105,0.023009,0.978850,4.0000,0.854324,0.552250
24,662,6,0.160214,0.063786,0.526121,0.201104,0.728339,6.0000,0.735285,0.615399
24,663,8,0.089639,0.053979,0.580445,0.060499,0.486306,7.0000,0.725169,0.726003
24,664,8,0.089639,0.053979,0.580445,0.060499,0.486306,4.0000,0.837258,0.726003
24,665,10,0.089633,0.058831,0.585799,0.074809,0.639338,5.0000,0.882341,0.736906
24,666,10,0.087324,0.049137,0.593423,0.042965,0.693045,8.0000,0.778588,0.752428
24,667,10,0.083696,0.038908,0.605740,0.043532,0.721452,7.0000,0.814001,0.777504
24,668,11,0.083672,0.039926,0.605786,0.051385,0.787388,7.0000,0.828378,0.777598
24,669,12,0.082280,0.037849,0.606419,0.043867,0.846474,12.0000,0.890902,0.778887
24,670,2,0.258098,0.060464,0.436351,0.000000,0.228222,3.0000,0.930485,0.472968
24,671,3,0.256339,0.051534,0.467786,0.762826,0.773269,2.0000,0.768697,0.494877
24,672,5,0.208764,0.092269,0.472824,0.028234,0.872012,6.0000,0.689062,0.500826
24,673,6,0.124423,0.094482,0.527526,0.167899,0.617431,7.0000,0.821312,0.612912
24,674,9,0.135565,0.065945,0.604940,0.030485,0.895271,13.0000,0.925264,0.771533
24,675,10,0.129901,0.050694,0.629284,0.019804,0.891385,11.0000,0.870257,0.800531
24,676,11,0.057571,0.039991,0.668961,0.096883,0.697759,7.0000,0.805087,0.881829
24,677,11,0.057571,0.039991,0.668961,0.096883,0.697759,8.0000,0.765260,0.881829
24,678,12,0.049594,0.036582,0.671929,0.094330,0.635627,6.0000,0.779508,0.887912
24,679,13,0.049716,0.036380,0.672578,0.096062,0.664823,11.0000,0.827130,0.889242
24,680,2,0.354298,0.011532,0.432004,0.000000,0.013173,2.0000,1.036089,0.370092
24,681,4,0.127374,0.036748,0.567115,0.150059,0.174626,6.0000,0.833858,0.649775
24,682,5,0.118834,0.060664,0.586064,0.118091,0.186819,5.0000,0.736236,0.688999
24,683,6,0.107958,0.061052,0.611158,0.098608,0.284482,7.0000,0.842307,0.740945
24,684,8,0.090565,0.060123,0.622962,0.109126,0.387657,7.0000,0.889831,0.765378
24,685,10,0.088149,0.077931,0.625892,0.078766,0.405527,4.0000,0.925389,0.771443
24,686,12,0.085679,0.075728,0.627586,0.075311,0.486615,7.0000,0.820040,0.774951
24,687,11,0.080099,0.064067,0.642343,0.079383,0.539753,9.0000,0.752908,0.805497
24,688,12,0.080093,0.063424,0.642518,0.082697,0.630150,12.0000,0.806423,0.805860
24,689,10,0.064956,0.054904,0.649681,0.078070,0.414608,11.0000,0.829745,0.820688
24,690,2,0.357424,0.015866,0.428698,0.000000,0.021581,4.0000,1.031641,0.338998
24,691,4,0.195829,0.068898,0.527577,0.370737,0.445340,5.0000,0.844963,0.547262
24,692,6,0.152183,0.117937,0.551251,0.233702,0.537170,6.0000,0.677847,0.597124
24,693,6,0.139522,0.086198,0.583254,0.059337,0.292563,11.0000,0.786023,0.664531
24,694,6,0.131363,0.068305,0.610499,0.074551,0.337205,7.0000,0.967747,0.721916
24,695,6,0.131363,0.068305,0.610499,0.074551,0.337205,8.0000,0.864453,0.721916
24,696,7,0.129076,0.063256,0.613872,0.142234,0.509811,7.0000,0.750426,0.729020
24,697,8,0.091058,0.061697,0.647088,0.137028,0.478368,14.0000,0.811350,0.798981
24,698,9,0.076329,0.060960,0.659905,0.132916,0.479531,15.0000,0.766956,0.825978
24,699,10,0.074737,0.057776,0.660391,0.134314,0.592069,7.0000,0.835048,0.827001
24,700,4,0.248757,0.123545,0.485069,0.435880,0.558042,5.0000,0.974776,0.455146
24,701,5,0.128226,0.082043,0.557825,0.243435,0.526779,3.0000,0.807193,0.607522
24,702,7,0.109340,0.056789,0.605582,0.250068,0.678747,11.0000,0.716929,0.707543
24,703,10,0.084809,0.057349,0.644797,0.080143,0.526322,14.0000,0.807905,0.789673
24,704,12,0.078466,0.047280,0.651284,0.055562,0.601018,17.0000,0.817978,0.803259
24,705,12,0.078336,0.047048,0.652471,0.054903,0.602747,10.0000,0.868634,0.805746
24,706,12,0.078336,0.047048,0.652471,0.054903,0.602747,8.0000,0.806506,0.805746
24,707,12,0.078336,0.047048,0.652471,0.054903,0.602747,5.0000,0.816891,0.805746
24,708,13,0.073432,0.036854,0.665491,0.055949,0.655760,14.0000,0.787225,0.833014
24,709,13,0.072818,0.030300,0.684978,0.055748,0.670628,9.0000,0.835513,0.873826
24,710,0,,,,,,0.0000,0.955230,0.000000
24,711,2,0.361256,0.029445,0.411349,0.000000,0.033827,2.0000,0.982222,0.302456
24,712,2,0.353498,0.005326,0.448744,0.000000,0.006790,7.0000,0.712796,0.381219
24,713,5,0.228141,0.052368,0.581832,0.053407,0.919962,12.0000,0.628530,0.661536
24,714,6,0.222458,0.048189,0.591100,0.075599,0.985864,7.0000,0.864870,0.681057
24,715,7,0.156208,0.053056,0.612537,0.112608,0.753023,9.0000,0.915245,0.726208
24,716,8,0.105714,0.063912,0.624117,0.154094,0.597112,7.0000,0.820408,0.750598
24,717,9,0.076000,0.056652,0.642968,0.100638,0.478040,6.0000,0.743031,0.790303
24,718,9,0.066523,0.046488,0.649194,0.095429,0.503358,8.0000,0.775782,0.803417
24,719,9,0.066523,0.046488,0.649194,0.095429,0.503358,5.0000,0.806626,0.803417
24,720,2,0.355651,0.013498,0.425000,0.000000,0.015399,3.0000,1.000568,0.355594
24,721,3,0.272025,0.091430,0.435899,0.712872,0.555486,4.0000,0.871249,0.378155
24,722,5,0.186188,0.060656,0.512758,0.195417,0.732107,11.0000,0.757190,0.537254
24,723,4,0.178693,0.033296,0.559743,0.296824,0.479020,8.0000,0.786475,0.634514
24,724,6,0.096391,0.043791,0.608086,0.124992,0.346781,8.0000,0.901431,0.734585
24,725,7,0.096391,0.054001,0.619469,0.117106,0.459795,11.0000,0.875283,0.758148
24,726,8,0.093197,0.054939,0.620918,0.130643,0.583684,7.0000,0.727268,0.761148
24,727,8,0.093197,0.054939,0.620918,0.130643,0.583684,8.0000,0.718813,0.761148
24,728,8,0.093197,0.054939,0.620918,0.130643,0.583684,6.0000,0.852958,0.761148
24,729,9,0.079612,0.055521,0.628358,0.111847,0.556256,12.0000,0.885744,0.776548
24,730,2,0.350047,0.084201,0.340756,0.000000,0.090394,3.0000,0.968274,0.224810
24,731,5,0.181764,0.118412,0.496036,0.108416,0.556775,9.0000,0.772890,0.542980
24,732,6,0.126677,0.113820,0.542853,0.133155,0.323206,5.0000,0.756186,0.638907
24,733,6,0.101172,0.071051,0.606104,0.088089,0.199485,13.0000,0.839305,0.753705
24,734,9,0.078076,0.042967,0.643097,0.147052,0.627287,10.0000,0.870658,0.828835
24,735,10,0.074992,0.042174,0.646298,0.136814,0.681328,9.0000,0.885553,0.835394
24,736,11,0.074992,0.043823,0.652447,0.120025,0.715339,6.0000,0.824315,0.847993
24,737,12,0.074563,0.044135,0.652499,0.114483,0.664441,10.0000,0.790581,0.848099
24,738,12,0.074539,0.044137,0.652608,0.114417,0.664477,5.0000,0.809933,0.848323
24,739,13,0.070566,0.042515,0.653666,0.102942,0.658615,9.0000,0.930808,0.850490
24,740,3,0.371378,0.019706,0.403877,1.105021,0.960350,5.0000,1.004188,0.366507
24,741,4,0.223978,0.019354,0.492487,0.618575,0.658939,3.0000,0.814645,0.546920
24,742,6,0.140104,0.077138,0.519304,0.214038,0.388977,4.0000,0.740156,0.601520
24,743,8,0.129571,0.064517,0.569561,0.136202,0.812428,17.0000,0.812503,0.703843
24,744,10,0.128674,0.070527,0.569915,0.078334,0.874543,7.0000,0.851770,0.704564
24,745,8,0.097063,0.020592,0.612047,0.229050,0.850792,5.0000,0.853926,0.790346
24,746,9,0.096557,0.022390,0.613188,0.221715,0.956383,3.0000,0.858347,0.792670
24,747,12,0.071980,0.045672,0.621905,0.122495,0.813654,11.0000,0.828419,0.810417
24,748,14,0.069309,0.055375,0.621955,0.086566,0.770120,10.0000,0.825184,0.810518
24,749,15,0.069252,0.054141,0.622134,0.086197,0.835541,9.0000,0.816525,0.810884
24,750,3,0.219284,0.054644,0.446172,0.425015,0.352295,4.0000,0.938034,0.509552
24,751,4,0.212763,0.052674,0.446472,0.561457,0.666665,3.0000,0.865422,0.510147
24,752,6,0.106849,0.064996,0.489322,0.157704,0.333745,9.0000,0.748631,0.595335
24,753,7,0.106628,0.087051,0.494230,0.150680,0.521366,7.0000,0.742744,0.605091
24,754,8,0.081246,0.062005,0.587851,0.103728,0.510498,10.0000,0.864502,0.791213
24,755,9,0.080619,0.059474,0.593031,0.105994,0.569283,4.0000,0.906935,0.796997
24,756,9,0.080619,0.059474,0.593031,0.105994,0.569283,2.0000,0.792973,0.796997
24,757,10,0.080503,0.056443,0.593520,0.120945,0.675717,7.0000,0.763230,0.797968
24,758,11,0.048392,0.033935,0.610889,0.097541,0.671459,7.0000,0.831881,0.832499
24,759,12,0.044569,0.034314,0.623987,0.076906,0.608965,9.0000,0.850076,0.854564
24,760,2,0.365338,0.204363,0.235312,0.000000,0.204065,2.0000,0.990398,0.218045
24,761,5,0.162972,0.076364,0.441061,0.350484,0.520148,6.0000,0.813101,0.542357
24,762,6,0.158259,0.130059,0.445151,0.187730,0.403329,2.0000,0.741701,0.550303
24,763,7,0.126712,0.092686,0.478567,0.210639,0.535266,3.0000,0.773387,0.615209
24,764,8,0.117454,0.088070,0.501032,0.142321,0.484560,4.0000,0.812496,0.658846
24,765,9,0.117454,0.107894,0.502066,0.075704,0.380809,5.0000,0.824575,0.660856
24,766,10,0.096849,0.055431,0.543699,0.109386,0.581686,11.0000,0.807283,0.740869
24,767,12,0.080917,0.049203,0.571337,0.047039,0.637730,14.0000,0.806226,0.791961
24,768,16,0.071136,0.052595,0.580972,0.044364,0.658064,14.0000,0.854097,0.810217
24,769,14,0.062259,0.046468,0.602899,0.069201,0.638642,8.0000,0.862850,0.852809
24,770,0,,,,,,0.0000,0.894729,0.000000
24,771,0,,,,,,0.0000,0.928069,0.000000
24,772,0,,,,,,0.0000,0.937731,0.000000
24,773,0,,,,,,0.0000,0.963170,0.000000
24,774,0,,,,,,0.0000,0.954666,0.000000
24,775,0,,,,,,0.0000,0.964158,0.000000
24,776,0,,,,,,0.0000,0.941705,0.000000
24,777,0,,,,,,0.0000,0.939753,0.000000
24,778,0,,,,,,0.0000,0.934965,0.000000
24,779,0,,,,,,0.0000,0.907823,0.000000
24,780,0,,,,,,0.0000,0.901027,0.000000
24,781,0,,,,,,0.0000,0.965655,0.000000
24,782,0,,,,,,0.0000,0.938253,0.000000
24,783,0,,,,,,0.0000,0.836184,0.000000
24,784,0,,,,,,0.0000,0.925445,0.000000
24,785,0,,,,,,0.0000,0.994974,0.000000
24,786,0,,,,,,0.0000,1.008327,0.000000
24,787,0,,,,,,0.0000,0.903297,0.000000
24,788,0,,,,,,0.0000,0.862865,0.000000
24,789,0,,,,,,0.0000,0.889230,0.000000
24,790,0,,,,,,0.0000,0.998870,0.000000
24,791,0,,,,,,0.0000,0.969236,0.000000
24,792,0,,,,,,0.0000,0.890245,0.000000
24,793,0,,,,,,0.0000,0.912621,0.000000
24,794,0,,,,,,0.0000,0.933256,0.000000
24,795,0,,,,,,0.0000,0.925432,0.000000
24,796,0,,,,,,0.0000,0.920954,0.000000
24,797,0,,,,,,0.0000,0.857217,0.000000
24,798,0,,,,,,0.0000,0.867392,0.000000
24,799,0,,,,,,0.0000,0.967168,0.000000
24,800,0,,,,,,0.0000,0.951820,0.000000
24,801,0,,,,,,0.0000,0.861481,0.000000
24,802,0,,,,,,0.0000,0.906938,0.000000
24,803,0,,,,,,0.0000,0.915136,0.000000
24,804,0,,,,,,0.0000,0.890276,0.000000
24,805,0,,,,,,0.0000,0.904356,0.000000
24,806,0,,,,,,0.0000,0.966032,0.000000
24,807,0,,,,,,0.0000,0.915592,0.000000
24,808,0,,,,,,0.0000,0.925863,0.000000
24,809,0,,,,,,0.0000,0.928558,0.000000
24,810,0,,,,,,0.0000,0.879808,0.000000
24,811,0,,,,,,0.0000,0.878886,0.000000
24,812,0,,,,,,0.0000,0.930838,0.000000
24,813,0,,,,,,0.0000,0.909561,0.000000
24,814,0,,,,,,0.0000,0.907383,0.000000
24,815,0,,,,,,0.0000,0.955414,0.000000
24,816,0,,,,,,0.0000,0.920689,0.000000
24,817,0,,,,,,0.0000,0.899513,0.000000
24,818,0,,,,,,0.0000,0.912565,0.000000
24,819,0,,,,,,0.0000,0.917735,0.000000
24,820,0,,,,,,0.0000,0.893058,0.000000
24,821,0,,,,,,0.0000,0.887743,0.000000
24,822,0,,,,,,0.0000,0.939432,0.000000
24,823,0,,,,,,0.0000,0.945715,0.000000
24,824,0,,,,,,0.0000,0.905566,0.000000
24,825,0,,,,,,0.0000,0.926623,0.000000
24,826,0,,,,,,0.0000,0.951940,0.000000
24,827,0,,,,,,0.0000,0.957893,0.000000
24,828,0,,,,,,0.0000,0.917440,0.000000
24,829,0,,,,,,0.0000,0.879479,0.000000
24,830,0,,,,,,0.0000,0.932889,0.000000
24,831,0,,,,,,0.0000,0.935981,0.000000
24,832,0,,,,,,0.0000,0.944992,0.000000
24,833,0,,,,,,0.0000,0.942108,0.000000
24,834,0,,,,,,0.0000,0.885775,0.000000
24,835,0,,,,,,0.0000,0.857247,0.000000
24,836,0,,,,,,0.0000,0.909132,0.000000
24,837,0,,,,,,0.0000,0.961692,0.000000
24,838,0,,,,,,0.0000,0.952032,0.000000
24,839,0,,,,,,0.0000,0.897383,0.000000
24,840,0,,,,,,0.0000,0.943120,0.000000
24,841,0,,,,,,0.0000,0.918275,0.000000
24,842,0,,,,,,0.0000,0.873045,0.000000
24,843,0,,,,,,0.0000,0.944019,0.000000
24,844,0,,,,,,0.0000,0.957425,0.000000
24,845,0,,,,,,0.0000,0.874018,0.000000
24,846,0,,,,,,0.0000,0.881505,0.000000
24,847,0,,,,,,0.0000,0.926941,0.000000
24,848,0,,,,,,0.0000,0.991143,0.000000
24,849,0,,,,,,0.0000,0.946231,0.000000
24,850,0,,,,,,0.0000,0.920812,0.000000
24,851,0,,,,,,0.0000,0.892335,0.000000
24,852,0,,,,,,0.0000,0.905771,0.000000
24,853,0,,,,,,0.0000,0.903941,0.000000
24,854,0,,,,,,0.0000,0.968864,0.000000
24,855,0,,,,,,0.0000,0.953042,0.000000
24,856,0,,,,,,0.0000,0.898918,0.000000
24,857,0,,,,,,0.0000,0.888751,0.000000
24,858,0,,,,,,0.0000,0.913514,0.000000
24,859,0,,,,,,0.0000,0.923333,0.000000
24,860,0,,,,,,0.0000,0.905110,0.000000
24,861,0,,,,,,0.0000,0.925512,0.000000
24,862,0,,,,,,0.0000,0.934217,0.000000
24,863,0,,,,,,0.0000,0.907131,0.000000
24,864,0,,,,,,0.0000,0.905765,0.000000
24,865,0,,,,,,0.0000,0.900443,0.000000
24,866,0,,,,,,0.0000,0.976220,0.000000
24,867,0,,,,,,0.0000,0.986324,0.000000
24,868,0,,,,,,0.0000,0.927802,0.000000
24,869,0,,,,,,0.0000,0.878391,0.000000
24,870,0,,,,,,0.0000,0.920799,0.000000
24,871,0,,,,,,0.0000,0.940401,0.000000
24,872,0,,,,,,0.0000,0.953092,0.000000
24,873,0,,,,,,0.0000,0.912368,0.000000
24,874,0,,,,,,0.0000,0.855435,0.000000
24,875,0,,,,,,0.0000,0.900417,0.000000
24,876,0,,,,,,0.0000,0.915328,0.000000
24,877,0,,,,,,0.0000,0.964293,0.000000
24,878,0,,,,,,0.0000,0.915127,0.000000
24,879,0,,,,,,0.0000,0.894064,0.000000
24,880,0,,,,,,0.0000,0.936957,0.000000
24,881,0,,,,,,0.0000,0.884928,0.000000
24,882,0,,,,,,0.0000,0.859154,0.000000
24,883,0,,,,,,0.0000,0.973822,0.000000
24,884,0,,,,,,0.0000,1.003372,0.000000
24,885,0,,,,,,0.0000,0.877832,0.000000
24,886,0,,,,,,0.0000,0.883204,0.000000
24,887,0,,,,,,0.0000,0.869039,0.000000
24,888,0,,,,,,0.0000,0.898116,0.000000
24,889,0,,,,,,0.0000,0.920807,0.000000
24,890,0,,,,,,0.0000,0.953028,0.000000
24,891,0,,,,,,0.0000,0.940453,0.000000
24,892,0,,,,,,0.0000,0.942158,0.000000
24,893,0,,,,,,0.0000,0.914847,0.000000
24,894,0,,,,,,0.0000,0.884528,0.000000
24,895,0,,,,,,0.0000,0.854638,0.000000
24,896,0,,,,,,0.0000,0.907274,0.000000
24,897,0,,,,,,0.0000,0.894356,0.000000
24,898,0,,,,,,0.0000,0.933446,0.000000
24,899,0,,,,,,0.0000,0.954493,0.000000
24,900,0,,,,,,0.0000,0.920379,0.000000
24,901,0,,,,,,0.0000,0.883772,0.000000
24,902,0,,,,,,0.0000,0.904949,0.000000
24,903,0,,,,,,0.0000,0.956377,0.000000
24,904,0,,,,,,0.0000,0.945515,0.000000
24,905,0,,,,,,0.0000,0.921856,0.000000
24,906,0,,,,,,0.0000,0.857018,0.000000
24,907,0,,,,,,0.0000,0.932140,0.000000
24,908,0,,,,,,0.0000,0.933506,0.000000
24,909,0,,,,,,0.0000,0.869580,0.000000
24,910,0,,,,,,0.0000,0.885599,0.000000
24,911,0,,,,,,0.0000,0.939027,0.000000
24,912,0,,,,,,0.0000,0.852014,0.000000
24,913,0,,,,,,0.0000,0.931978,0.000000
24,914,0,,,,,,0.0000,0.953602,0.000000
24,915,0,,,,,,0.0000,0.896312,0.000000
24,916,0,,,,,,0.0000,0.929701,0.000000
24,917,0,,,,,,0.0000,0.891317,0.000000
24,918,0,,,,,,0.0000,0.936014,0.000000
24,919,0,,,,,,0.0000,0.919947,0.000000
24,920,0,,,,,,0.0000,0.923741,0.000000
24,921,0,,,,,,0.0000,0.925023,0.000000
24,922,0,,,,,,0.0000,0.923297,0.000000
24,923,0,,,,,,0.0000,0.952914,0.000000
24,924,0,,,,,,0.0000,0.935299,0.000000
24,925,0,,,,,,0.0000,0.909832,0.000000
24,926,0,,,,,,0.0000,0.884267,0.000000
24,927,0,,,,,,0.0000,0.832748,0.000000
24,928,0,,,,,,0.0000,0.979453,0.000000
24,929,0,,,,,,0.0000,0.982656,0.000000
24,930,0,,,,,,0.0000,0.929519,0.000000
24,931,0,,,,,,0.0000,0.831066,0.000000
24,932,0,,,,,,0.0000,0.872654,0.000000
24,933,0,,,,,,0.0000,0.957193,0.000000
24,934,0,,,,,,0.0000,0.927879,0.000000
24,935,0,,,,,,0.0000,0.905803,0.000000
24,936,0,,,,,,0.0000,0.893869,0.000000
24,937,0,,,,,,0.0000,0.939799,0.000000
24,938,0,,,,,,0.0000,0.939715,0.000000
24,939,0,,,,,,0.0000,0.945118,0.000000
24,940,0,,,,,,0.0000,0.858706,0.000000
24,941,0,,,,,,0.0000,0.877652,0.000000
24,942,0,,,,,,0.0000,0.945744,0.000000
24,943,0,,,,,,0.0000,0.951259,0.000000
24,944,0,,,,,,0.0000,0.889965,0.000000
24,945,0,,,,,,0.0000,0.924292,0.000000
24,946,0,,,,,,0.0000,0.962714,0.000000
24,947,0,,,,,,0.0000,0.927818,0.000000
24,948,0,,,,,,0.0000,0.873102,0.000000
24,949,0,,,,,,0.0000,0.913496,0.000000
24,950,0,,,,,,0.0000,0.978385,0.000000
24,951,0,,,,,,0.0000,0.942458,0.000000
24,952,0,,,,,,0.0000,0.855374,0.000000
24,953,0,,,,,,0.0000,0.875273,0.000000
24,954,0,,,,,,0.0000,0.931471,0.000000
24,955,0,,,,,,0.0000,0.979526,0.000000
24,956,0,,,,,,0.0000,0.942298,0.000000
24,957,0,,,,,,0.0000,0.864237,0.000000
24,958,0,,,,,,0.0000,0.876885,0.000000
24,959,0,,,,,,0.0000,0.909866,0.000000
24,960,0,,,,,,0.0000,0.935801,0.000000
24,961,0,,,,,,0.0000,0.927533,0.000000
24,962,0,,,,,,0.0000,0.921187,0.000000
24,963,0,,,,,,0.0000,0.914050,0.000000
24,964,0,,,,,,0.0000,0.913799,0.000000
24,965,0,,,,,,0.0000,0.899328,0.000000
24,966,0,,,,,,0.0000,0.941547,0.000000
24,967,0,,,,,,0.0000,0.895766,0.000000
24,968,0,,,,,,0.0000,0.870454,0.000000
24,969,0,,,,,,0.0000,0.891734,0.000000
24,970,0,,,,,,0.0000,0.945091,0.000000
24,971,0,,,,,,0.0000,0.953497,0.000000
24,972,0,,,,,,0.0000,0.949808,0.000000
24,973,0,,,,,,0.0000,0.900599,0.000000
24,974,0,,,,,,0.0000,0.917063,0.000000
24,975,0,,,,,,0.0000,0.924643,0.000000
24,976,0,,,,,,0.0000,0.914684,0.000000
24,977,0,,,,,,0.0000,0.920707,0.000000
24,978,0,,,,,,0.0000,0.922460,0.000000
24,979,0,,,,,,0.0000,0.941484,0.000000
24,980,0,,,,,,0.0000,0.932373,0.000000
24,981,0,,,,,,0.0000,0.904223,0.000000
24,982,0,,,,,,0.0000,0.878099,0.000000
24,983,0,,,,,,0.0000,0.922316,0.000000
24,984,0,,,,,,0.0000,0.935041,0.000000
24,985,0,,,,,,0.0000,0.887144,0.000000
24,986,0,,,,,,0.0000,0.953303,0.000000
24,987,0,,,,,,0.0000,0.906079,0.000000
24,988,0,,,,,,0.0000,0.922886,0.000000
24,989,0,,,,,,0.0000,0.957358,0.000000
24,990,0,,,,,,0.0000,0.949240,0.000000
24,991,0,,,,,,0.0000,0.853465,0.000000
24,992,0,,,,,,0.0000,0.860742,0.000000
24,993,0,,,,,,0.0000,0.961093,0.000000
24,994,0,,,,,,0.0000,0.952565,0.000000
24,995,0,,,,,,0.0000,0.881368,0.000000
24,996,0,,,,,,0.0000,0.867047,0.000000
24,997,0,,,,,,0.0000,0.916845,0.000000
24,998,0,,,,,,0.0000,0.911370,0.000000
24,999,0,,,,,,0.0000,0.826905,0.000000
24,1000,0,,,,,,0.0000,0.874942,0.000000
25,1,7,0.145209,0.111650,0.639237,0.210203,0.710755,15.0000,0.716435,0.640129
25,2,9,0.127699,0.107368,0.671198,0.090077,0.478614,7.0000,0.633688,0.702844
25,3,9,0.127699,0.107368,0.671198,0.090077,0.478614,1.0000,0.606263,0.702844
25,4,9,0.082296,0.079389,0.711221,0.090686,0.455751,2.0000,0.708105,0.740570
25,5,11,0.077209,0.074207,0.725137,0.054384,0.503644,4.0000,0.740554,0.767876
25,6,12,0.070438,0.073901,0.747214,0.054102,0.456117,3.0000,0.641766,0.777425
25,7,12,0.070438,0.073901,0.747214,0.054102,0.456117,5.0000,0.604875,0.777425
25,8,13,0.068943,0.072279,0.752331,0.049820,0.528831,9.0000,0.706942,0.787465
25,9,12,0.064431,0.062545,0.764331,0.048305,0.600623,6.0000,0.735642,0.811012
25,10,1,0.809409,0.073600,0.211141,0.000000,1.000000,1.0000,0.825841,0.123369
25,11,2,0.451520,0.269091,0.268682,0.000000,0.437911,1.0000,0.725055,0.124915
25,12,6,0.143730,0.118925,0.560334,0.159762,0.509917,9.0000,0.654788,0.517160
25,13,9,0.115298,0.103707,0.651497,0.068266,0.721799,12.0000,0.681678,0.698487
25,14,13,0.105762,0.098449,0.677945,0.056191,0.752750,9.0000,0.736198,0.752268
25,15,13,0.105762,0.098449,0.677945,0.056191,0.752750,1.0000,0.761699,0.752268
25,16,15,0.105185,0.095541,0.687143,0.051865,0.738088,4.0000,0.689381,0.770973
25,17,16,0.103316,0.090879,0.701685,0.054319,0.747714,9.0000,0.707783,0.785219
25,18,16,0.103316,0.090879,0.701685,0.054319,0.747714,6.0000,0.661596,0.785219
25,19,14,0.051997,0.039295,0.768495,0.057105,0.786379,7.0000,0.731330,0.855165
25,20,1,0.802500,0.112779,0.245765,0.000000,1.000000,1.0000,0.914295,0.090092
25,21,4,0.165539,0.079279,0.573425,0.265709,0.498331,4.0000,0.717446,0.576209
25,22,4,0.169027,0.065524,0.606638,0.283199,0.507310,7.0000,0.663949,0.629715
25,23,6,0.165964,0.078729,0.621740,0.117326,0.687824,7.0000,0.686368,0.653272
25,24,7,0.124688,0.049551,0.684211,0.093943,0.629429,9.0000,0.743340,0.777805
25,25,9,0.109408,0.059235,0.691547,0.072342,0.675294,5.0000,0.689845,0.792540
25,26,11,0.102531,0.053906,0.706954,0.056806,0.637884,6.0000,0.738386,0.810288
25,27,11,0.102531,0.053906,0.706954,0.056806,0.637884,2.0000,0.700936,0.810288
25,28,12,0.063310,0.047751,0.732764,0.055574,0.559238,7.0000,0.701671,0.842573
25,29,12,0.063310,0.047751,0.732764,0.055574,0.559238,4.0000,0.781106,0.842573
25,30,0,,,,,,0.0000,0.864903,0.000000
25,31,0,,,,,,0.0000,0.833869,0.000000
25,32,0,,,,,,0.0000,0.774385,0.000000
25,33,0,,,,,,0.0000,0.833348,0.000000
25,34,0,,,,,,0.0000,0.847028,0.000000
25,35,0,,,,,,0.0000,0.816682,0.000000
25,36,0,,,,,,0.0000,0.822528,0.000000
25,37,0,,,,,,0.0000,0.829363,0.000000
25,38,0,,,,,,0.0000,0.819618,0.000000
25,39,0,,,,,,0.0000,0.829460,0.000000
25,40,0,,,,,,0.0000,0.808138,0.000000
25,41,0,,,,,,0.0000,0.798324,0.000000
25,42,0,,,,,,0.0000,0.789778,0.000000
25,43,0,,,,,,0.0000,0.824544,0.000000
25,44,0,,,,,,0.0000,0.843879,0.000000
25,45,0,,,,,,0.0000,0.797660,0.000000
25,46,0,,,,,,0.0000,0.767249,0.000000
25,47,0,,,,,,0.0000,0.796389,0.000000
25,48,0,,,,,,0.0000,0.838139,0.000000
25,49,0,,,,,,0.0000,0.816962,0.000000
25,50,0,,,,,,0.0000,0.772013,0.000000
25,51,0,,,,,,0.0000,0.815505,0.000000
25,52,0,,,,,,0.0000,0.822608,0.000000
25,53,0,,,,,,0.0000,0.817325,0.000000
25,54,0,,,,,,0.0000,0.801616,0.000000
25,55,0,,,,,,0.0000,0.851435,0.000000
25,56,0,,,,,,0.0000,0.823081,0.000000
25,57,0,,,,,,0.0000,0.804932,0.000000
25,58,0,,,,,,0.0000,0.793918,0.000000
25,59,0,,,,,,0.0000,0.804287,0.000000
25,60,0,,,,,,0.0000,0.826258,0.000000
25,61,0,,,,,,0.0000,0.795426,0.000000
25,62,0,,,,,,0.0000,0.764873,0.000000
25,63,0,,,,,,0.0000,0.814700,0.000000
25,64,0,,,,,,0.0000,0.821607,0.000000
25,65,0,,,,,,0.0000,0.793210,0.000000
25,66,0,,,,,,0.0000,0.804665,0.000000
25,67,0,,,,,,0.0000,0.819774,0.000000
25,68,0,,,,,,0.0000,0.803771,0.000000
25,69,0,,,,,,0.0000,0.760954,0.000000
25,70,0,,,,,,0.0000,0.777865,0.000000
25,71,0,,,,,,0.0000,0.808166,0.000000
25,72,0,,,,,,0.0000,0.843100,0.000000
25,73,0,,,,,,0.0000,0.809776,0.000000
25,74,0,,,,,,0.0000,0.788521,0.000000
25,75,0,,,,,,0.0000,0.800256,0.000000
25,76,0,,,,,,0.0000,0.800725,0.000000
25,77,0,,,,,,0.0000,0.805376,0.000000
25,78,0,,,,,,0.0000,0.809365,0.000000
25,79,0,,,,,,0.0000,0.816901,0.000000
25,80,0,,,,,,0.0000,0.762686,0.000000
25,81,0,,,,,,0.0000,0.830892,0.000000
25,82,0,,,,,,0.0000,0.846807,0.000000
25,83,0,,,,,,0.0000,0.805731,0.000000
25,84,0,,,,,,0.0000,0.785703,0.000000
25,85,0,,,,,,0.0000,0.802485,0.000000
25,86,0,,,,,,0.0000,0.839282,0.000000
25,87,0,,,,,,0.0000,0.812897,0.000000
25,88,0,,,,,,0.0000,0.783130,0.000000
25,89,0,,,,,,0.0000,0.785268,0.000000
25,90,0,,,,,,0.0000,0.826753,0.000000
25,91,0,,,,,,0.0000,0.838523,0.000000
25,92,0,,,,,,0.0000,0.788039,0.000000
25,93,0,,,,,,0.0000,0.763174,0.000000
25,94,0,,,,,,0.0000,0.793951,0.000000
25,95,0,,,,,,0.0000,0.870871,0.000000
25,96,0,,,,,,0.0000,0.817555,0.000000
25,97,0,,,,,,0.0000,0.787060,0.000000
25,98,0,,,,,,0.0000,0.789018,0.000000
25,99,0,,,,,,0.0000,0.836520,0.000000
25,100,0,,,,,,0.0000,0.814478,0.000000
25,101,0,,,,,,0.0000,0.798513,0.000000
25,102,0,,,,,,0.0000,0.812115,0.000000
25,103,0,,,,,,0.0000,0.817814,0.000000
25,104,0,,,,,,0.0000,0.795834,0.000000
25,105,0,,,,,,0.0000,0.783240,0.000000
25,106,0,,,,,,0.0000,0.821507,0.000000
25,107,0,,,,,,0.0000,0.832886,0.000000
25,108,0,,,,,,0.0000,0.806049,0.000000
25,109,0,,,,,,0.0000,0.773667,0.000000
25,110,0,,,,,,0.0000,0.792465,0.000000
25,111,0,,,,,,0.0000,0.805461,0.000000
25,112,0,,,,,,0.0000,0.807392,0.000000
25,113,0,,,,,,0.0000,0.805904,0.000000
25,114,0,,,,,,0.0000,0.781343,0.000000
25,115,0,,,,,,0.0000,0.785674,0.000000
25,116,0,,,,,,0.0000,0.817257,0.000000
25,117,0,,,,,,0.0000,0.820634,0.000000
25,118,0,,,,,,0.0000,0.792294,0.000000
25,119,0,,,,,,0.0000,0.771519,0.000000
25,120,0,,,,,,0.0000,0.786280,0.000000
25,121,0,,,,,,0.0000,0.816586,0.000000
25,122,0,,,,,,0.0000,0.823002,0.000000
25,123,0,,,,,,0.0000,0.796079,0.000000
25,124,0,,,,,,0.0000,0.787818,0.000000
25,125,0,,,,,,0.0000,0.809429,0.000000
25,126,0,,,,,,0.0000,0.808166,0.000000
25,127,0,,,,,,0.0000,0.799095,0.000000
25,128,0,,,,,,0.0000,0.792171,0.000000
25,129,0,,,,,,0.0000,0.823032,0.000000
25,130,0,,,,,,0.0000,0.841899,0.000000
25,131,0,,,,,,0.0000,0.810917,0.000000
25,132,0,,,,,,0.0000,0.779945,0.000000
25,133,0,,,,,,0.0000,0.798665,0.000000
25,134,0,,,,,,0.0000,0.796856,0.000000
25,135,0,,,,,,0.0000,0.860429,0.000000
25,136,0,,,,,,0.0000,0.797753,0.000000
25,137,0,,,,,,0.0000,0.779800,0.000000
25,138,0,,,,,,0.0000,0.805443,0.000000
25,139,0,,,,,,0.0000,0.848666,0.000000
25,140,0,,,,,,0.0000,0.843660,0.000000
25,141,0,,,,,,0.0000,0.810579,0.000000
25,142,0,,,,,,0.0000,0.787164,0.000000
25,143,0,,,,,,0.0000,0.799503,0.000000
25,144,0,,,,,,0.0000,0.806002,0.000000
25,145,0,,,,,,0.0000,0.814557,0.000000
25,146,0,,,,,,0.0000,0.811227,0.000000
25,147,0,,,,,,0.0000,0.801537,0.000000
25,148,0,,,,,,0.0000,0.818855,0.000000
25,149,0,,,,,,0.0000,0.811527,0.000000
25,150,0,,,,,,0.0000,0.817018,0.000000
25,151,0,,,,,,0.0000,0.798406,0.000000
25,152,0,,,,,,0.0000,0.780571,0.000000
25,153,0,,,,,,0.0000,0.778053,0.000000
25,154,0,,,,,,0.0000,0.801131,0.000000
25,155,0,,,,,,0.0000,0.820414,0.000000
25,156,0,,,,,,0.0000,0.825779,0.000000
25,157,0,,,,,,0.0000,0.767338,0.000000
25,158,0,,,,,,0.0000,0.798299,0.000000
25,159,0,,,,,,0.0000,0.805942,0.000000
25,160,0,,,,,,0.0000,0.806905,0.000000
25,161,0,,,,,,0.0000,0.809870,0.000000
25,162,0,,,,,,0.0000,0.783465,0.000000
25,163,0,,,,,,0.0000,0.815668,0.000000
25,164,0,,,,,,0.0000,0.832868,0.000000
25,165,0,,,,,,0.0000,0.788845,0.000000
25,166,0,,,,,,0.0000,0.787953,0.000000
25,167,0,,,,,,0.0000,0.809037,0.000000
25,168,0,,,,,,0.0000,0.826747,0.000000
25,169,0,,,,,,0.0000,0.809323,0.000000
25,170,0,,,,,,0.0000,0.815225,0.000000
25,171,0,,,,,,0.0000,0.845505,0.000000
25,172,0,,,,,,0.0000,0.782426,0.000000
25,173,0,,,,,,0.0000,0.774733,0.000000
25,174,0,,,,,,0.0000,0.805394,0.000000
25,175,0,,,,,,0.0000,0.827138,0.000000
25,176,0,,,,,,0.0000,0.814256,0.000000
25,177,0,,,,,,0.0000,0.797315,0.000000
25,178,0,,,,,,0.0000,0.789389,0.000000
25,179,0,,,,,,0.0000,0.796284,0.000000
25,180,0,,,,,,0.0000,0.818557,0.000000
25,181,0,,,,,,0.0000,0.812883,0.000000
25,182,0,,,,,,0.0000,0.805782,0.000000
25,183,0,,,,,,0.0000,0.799221,0.000000
25,184,0,,,,,,0.0000,0.821295,0.000000
25,185,0,,,,,,0.0000,0.848310,0.000000
25,186,0,,,,,,0.0000,0.797167,0.000000
25,187,0,,,,,,0.0000,0.796266,0.000000
25,188,0,,,,,,0.0000,0.825950,0.000000
25,189,0,,,,,,0.0000,0.818763,0.000000
25,190,0,,,,,,0.0000,0.806884,0.000000
25,191,0,,,,,,0.0000,0.835718,0.000000
25,192,0,,,,,,0.0000,0.793492,0.000000
25,193,0,,,,,,0.0000,0.781848,0.000000
25,194,0,,,,,,0.0000,0.819782,0.000000
25,195,0,,,,,,0.0000,0.811103,0.000000
25,196,0,,,,,,0.0000,0.764585,0.000000
25,197,0,,,,,,0.0000,0.765818,0.000000
25,198,0,,,,,,0.0000,0.822988,0.000000
25,199,0,,,,,,0.0000,0.832124,0.000000
25,200,0,,,,,,0.0000,0.798082,0.000000
25,201,0,,,,,,0.0000,0.817554,0.000000
25,202,0,,,,,,0.0000,0.822119,0.000000
25,203,0,,,,,,0.0000,0.837061,0.000000
25,204,0,,,,,,0.0000,0.825166,0.000000
25,205,0,,,,,,0.0000,0.788337,0.000000
25,206,0,,,,,,0.0000,0.793266,0.000000
25,207,0,,,,,,0.0000,0.819812,0.000000
25,208,0,,,,,,0.0000,0.821012,0.000000
25,209,0,,,,,,0.0000,0.815089,0.000000
25,210,0,,,,,,0.0000,0.773495,0.000000
25,211,0,,,,,,0.0000,0.805618,0.000000
25,212,0,,,,,,0.0000,0.813324,0.000000
25,213,0,,,,,,0.0000,0.829850,0.000000
25,214,0,,,,,,0.0000,0.797393,0.000000
25,215,0,,,,,,0.0000,0.804617,0.000000
25,216,0,,,,,,0.0000,0.825730,0.000000
25,217,0,,,,,,0.0000,0.803133,0.000000
25,218,0,,,,,,0.0000,0.785468,0.000000
25,219,0,,,,,,0.0000,0.789965,0.000000
25,220,0,,,,,,0.0000,0.794995,0.000000
25,221,0,,,,,,0.0000,0.799481,0.000000
25,222,0,,,,,,0.0000,0.792873,0.000000
25,223,0,,,,,,0.0000,0.792636,0.000000
25,224,0,,,,,,0.0000,0.800561,0.000000
25,225,0,,,,,,0.0000,0.799156,0.000000
25,226,0,,,,,,0.0000,0.798366,0.000000
25,227,0,,,,,,0.0000,0.813505,0.000000
25,228,0,,,,,,0.0000,0.833009,0.000000
25,229,0,,,,,,0.0000,0.822226,0.000000
25,230,0,,,,,,0.0000,0.793559,0.000000
25,231,0,,,,,,0.0000,0.796500,0.000000
25,232,0,,,,,,0.0000,0.822844,0.000000
25,233,0,,,,,,0.0000,0.816921,0.000000
25,234,0,,,,,,0.0000,0.816355,0.000000
25,235,0,,,,,,0.0000,0.810445,0.000000
25,236,0,,,,,,0.0000,0.786362,0.000000
25,237,0,,,,,,0.0000,0.793440,0.000000
25,238,0,,,,,,0.0000,0.822350,0.000000
25,239,0,,,,,,0.0000,0.791581,0.000000
25,240,0,,,,,,0.0000,0.839438,0.000000
25,241,0,,,,,,0.0000,0.802863,0.000000
25,242,0,,,,,,0.0000,0.778126,0.000000
25,243,2,0.388835,0.001722,0.691778,0.000000,0.001945,2.0000,0.767198,0.398317
25,244,3,0.293320,0.058977,0.753738,0.748876,0.618489,2.0000,0.651052,0.518670
25,245,6,0.151948,0.102195,0.825638,0.098222,0.422702,4.0000,0.652615,0.658330
25,246,9,0.140781,0.085535,0.844876,0.089034,0.701421,13.0000,0.670004,0.695697
25,247,9,0.126185,0.064205,0.862343,0.062554,0.708985,7.0000,0.728177,0.729626
25,248,9,0.126185,0.064205,0.862343,0.062554,0.708985,8.0000,0.799347,0.729626
25,249,11,0.092725,0.070138,0.883858,0.088334,0.610192,8.0000,0.717151,0.771418
25,250,2,0.327149,0.139538,0.611533,0.000000,0.175007,4.0000,0.810182,0.281085
25,251,3,0.203444,0.019053,0.820049,0.317135,0.259891,4.0000,0.753696,0.602794
25,252,5,0.137220,0.085672,0.851267,0.136467,0.307287,7.0000,0.722368,0.664856
25,253,6,0.098406,0.059362,0.912461,0.156506,0.350218,11.0000,0.692067,0.786511
25,254,7,0.093391,0.055081,0.935948,0.149824,0.426125,12.0000,0.675775,0.833204
25,255,7,0.093391,0.055081,0.935948,0.149824,0.426125,4.0000,0.738617,0.833204
25,256,7,0.093388,0.055074,0.935981,0.149973,0.426203,6.0000,0.780119,0.833269
25,257,7,0.074031,0.021399,0.952489,0.164906,0.537251,2.0000,0.744741,0.866087
25,258,9,0.069324,0.026976,0.956739,0.048467,0.576100,4.0000,0.685862,0.874537
25,259,10,0.055807,0.034010,0.962898,0.051142,0.578960,8.0000,0.716663,0.886780
25,260,2,0.835306,0.025158,0.438375,0.000000,0.989389,3.0000,0.920312,0.166842
25,261,3,0.299958,0.075071,0.747531,0.849555,0.697325,7.0000,0.738153,0.412881
25,262,5,0.182435,0.082918,0.861310,0.443174,0.675097,6.0000,0.605561,0.644538
25,263,7,0.146096,0.076260,0.904268,0.152615,0.588797,7.0000,0.722269,0.728278
25,264,8,0.135001,0.073513,0.909010,0.110332,0.622702,7.0000,0.844796,0.737932
25,265,9,0.096981,0.073998,0.919276,0.121494,0.521136,7.0000,0.767054,0.758835
25,266,9,0.096981,0.073998,0.919276,0.121494,0.521136,9.0000,0.705838,0.758835
25,267,10,0.085988,0.059895,0.931378,0.133601,0.664214,12.0000,0.696782,0.783474
25,268,11,0.083865,0.057305,0.932812,0.128523,0.691784,11.0000,0.731067,0.786395
25,269,11,0.083865,0.057305,0.932812,0.128523,0.691784,7.0000,0.738941,0.786395
25,270,2,0.361806,0.014265,0.730817,0.000000,0.018587,3.0000,0.904086,0.347351
25,271,3,0.178729,0.049827,0.827737,0.206191,0.176840,1.0000,0.724501,0.545939
25,272,5,0.146110,0.078580,0.844656,0.264699,0.507349,6.0000,0.626127,0.580605
25,273,7,0.126739,0.065335,0.897156,0.044551,0.486939,11.0000,0.750795,0.688178
25,274,9,0.086870,0.048198,0.937923,0.038172,0.446269,11.0000,0.856477,0.771708
25,275,11,0.085885,0.051733,0.963965,0.058487,0.477775,7.0000,0.769157,0.825069
25,276,11,0.085236,0.051450,0.966279,0.056466,0.472204,4.0000,0.667282,0.829810
25,277,14,0.069908,0.060179,0.972190,0.062438,0.430924,7.0000,0.667025,0.841923
25,278,15,0.069112,0.058187,0.972898,0.059956,0.486878,12.0000,0.662674,0.843373
25,279,17,0.059582,0.052998,0.977885,0.051123,0.557898,11.0000,0.706116,0.853590
25,280,3,0.449169,0.130354,0.535704,0.329251,0.763121,5.0000,0.854758,0.257499
25,281,6,0.130182,0.085912,0.884982,0.106104,0.409284,8.0000,0.724259,0.671525
25,282,10,0.092943,0.084276,0.918657,0.120927,0.579269,19.0000,0.658960,0.709465
25,283,10,0.089724,0.074001,0.922723,0.124908,0.594073,10.0000,0.648875,0.717882
25,284,13,0.083472,0.071137,0.953366,0.104410,0.719955,9.0000,0.785713,0.781313
25,285,12,0.073458,0.053529,0.981877,0.127452,0.740198,10.0000,0.774536,0.840333
25,286,12,0.073435,0.053096,0.982121,0.129480,0.744777,10.0000,0.694195,0.840838
25,287,12,0.072349,0.035681,1.008674,0.120689,0.768307,11.0000,0.647988,0.895802
25,288,12,0.072349,0.035681,1.008674,0.120689,0.768307,8.0000,0.705240,0.895802
25,289,12,0.064354,0.037232,1.015267,0.128203,0.692392,9.0000,0.707854,0.909450
25,290,3,0.350133,0.035102,0.744419,1.078266,0.955750,3.0000,0.876031,0.324286
25,291,4,0.228776,0.096740,0.775086,0.546310,0.639334,4.0000,0.726013,0.388877
25,292,7,0.148846,0.120058,0.878160,0.259134,0.674698,10.0000,0.660695,0.605977
25,293,8,0.099456,0.076869,0.919612,0.221113,0.607869,9.0000,0.657266,0.693286
25,294,11,0.070054,0.066714,0.949845,0.108807,0.660192,9.0000,0.750993,0.756965
25,295,12,0.066120,0.065468,0.956927,0.072409,0.547114,7.0000,0.704455,0.771880
25,296,14,0.059865,0.058019,0.991465,0.043431,0.582378,12.0000,0.683840,0.844626
25,297,15,0.054210,0.059177,0.993804,0.032822,0.574815,8.0000,0.715024,0.849553
25,298,16,0.045575,0.049426,1.006767,0.033884,0.563242,12.0000,0.720903,0.876856
25,299,16,0.045575,0.049426,1.006767,0.033884,0.563242,10.0000,0.703648,0.876856
25,300,3,0.299794,0.036687,0.767693,0.966887,0.913945,5.0000,0.850035,0.416536
25,301,5,0.190956,0.087945,0.845583,0.257201,0.681075,4.0000,0.698723,0.579667
25,302,6,0.147840,0.049393,0.890158,0.172399,0.803790,15.0000,0.605610,0.673023
25,303,10,0.070275,0.053311,0.957434,0.088645,0.721013,20.0000,0.637180,0.813923
25,304,12,0.068285,0.048236,0.986677,0.086454,0.757884,12.0000,0.720114,0.829829
25,305,13,0.066479,0.045917,0.988799,0.077565,0.802882,9.0000,0.763800,0.834275
25,306,14,0.065658,0.047188,0.989828,0.075405,0.823588,10.0000,0.667610,0.836428
25,307,14,0.065658,0.047188,0.989828,0.075405,0.823588,8.0000,0.680609,0.836428
25,308,15,0.060807,0.046900,0.990700,0.082691,0.720829,8.0000,0.716679,0.838255
25,309,16,0.060093,0.045433,0.991742,0.080137,0.758857,9.0000,0.768046,0.840438
25,310,3,0.269212,0.093589,0.775860,0.721941,0.572538,8.0000,0.878331,0.390507
25,311,4,0.156865,0.082518,0.856196,0.163710,0.266104,4.0000,0.748272,0.559715
25,312,6,0.145624,0.021173,0.927551,0.180702,0.801147,12.0000,0.650132,0.710007
25,313,6,0.145624,0.021173,0.927551,0.180702,0.801147,10.0000,0.705432,0.710007
25,314,9,0.108139,0.048875,0.969070,0.046434,0.680483,7.0000,0.817513,0.797457
25,315,13,0.096270,0.045211,0.977503,0.037793,0.750078,11.0000,0.763546,0.815218
25,316,14,0.051251,0.044943,1.000883,0.052644,0.626484,12.0000,0.624419,0.864462
25,317,16,0.041993,0.042090,1.007639,0.038199,0.601074,12.0000,0.660335,0.878693
25,318,16,0.041993,0.042090,1.007639,0.038199,0.601074,4.0000,0.717926,0.878693
25,319,16,0.041993,0.042090,1.007639,0.038199,0.601074,9.0000,0.726643,0.878693
25,320,1,0.833295,0.010169,0.390036,0.000000,1.000000,2.0000,0.801891,0.186363
25,321,3,0.326861,0.109106,0.597797,0.408104,0.706462,3.0000,0.721771,0.395835
25,322,5,0.303045,0.059929,0.670229,0.040485,0.861392,8.0000,0.625045,0.545771
25,323,8,0.263009,0.162866,0.713325,0.065672,0.662946,13.0000,0.646301,0.585272
25,324,11,0.092348,0.051819,0.914415,0.064769,0.527437,17.0000,0.691638,0.824519
25,325,12,0.066510,0.047663,0.991004,0.091188,0.487702,11.0000,0.738004,0.859225
25,326,13,0.063009,0.047455,0.993330,0.086496,0.533001,11.0000,0.657331,0.864041
25,327,13,0.059472,0.046383,0.999340,0.079892,0.516314,4.0000,0.632797,0.876480
25,328,13,0.059472,0.046383,0.999340,0.079892,0.516314,10.0000,0.697584,0.876480
25,329,14,0.059425,0.044775,1.000998,0.080548,0.556443,11.0000,0.752204,0.879914
25,330,0,,,,,,0.0000,0.917165,0.000000
25,331,0,,,,,,0.0000,0.848881,0.000000
25,332,0,,,,,,0.0000,0.765449,0.000000
25,333,1,0.837096,0.003795,0.390141,0.000000,1.000000,5.0000,0.725651,0.200891
25,334,5,0.139334,0.030801,0.897901,0.254249,0.702785,8.0000,0.617352,0.735410
25,335,8,0.089570,0.049104,0.938384,0.117856,0.577787,13.0000,0.677286,0.798051
25,336,9,0.089570,0.064010,0.940352,0.109200,0.577550,10.0000,0.706430,0.802085
25,337,10,0.084607,0.060725,0.941909,0.066268,0.561856,6.0000,0.758438,0.805274
25,338,10,0.084607,0.060725,0.941909,0.066268,0.561856,8.0000,0.764570,0.805274
25,339,9,0.073073,0.042935,0.964107,0.083339,0.589536,9.0000,0.693782,0.850758
25,340,4,0.189196,0.140440,0.775659,0.213190,0.306442,5.0000,0.883385,0.466428
25,341,4,0.129860,0.069137,0.847499,0.187211,0.265868,3.0000,0.769033,0.612694
25,342,5,0.120433,0.074765,0.868635,0.198324,0.315273,8.0000,0.649806,0.655728
25,343,6,0.097990,0.068968,0.904791,0.104719,0.297680,7.0000,0.683563,0.729343
25,344,6,0.097734,0.068482,0.906934,0.111574,0.298187,4.0000,0.769101,0.733706
25,345,7,0.088761,0.066440,0.915027,0.116339,0.379011,5.0000,0.827698,0.750184
25,346,7,0.088752,0.066439,0.915059,0.116316,0.378986,6.0000,0.723283,0.750249
25,347,6,0.087907,0.040272,0.947999,0.112941,0.292719,6.0000,0.658519,0.817315
25,348,6,0.087907,0.040272,0.947999,0.112941,0.292719,5.0000,0.714608,0.817315
25,349,6,0.075620,0.012177,0.960039,0.157896,0.429007,8.0000,0.766425,0.841828
25,350,1,0.848729,0.005772,0.440571,0.000000,1.000000,1.0000,0.875969,0.198544
25,351,5,0.147949,0.081810,0.798148,0.325074,0.640705,5.0000,0.681490,0.627559
25,352,6,0.128846,0.057293,0.838776,0.325625,0.626279,5.0000,0.657462,0.674565
25,353,10,0.082725,0.058631,0.913811,0.183233,0.537595,11.0000,0.730063,0.789194
25,354,11,0.051546,0.055903,0.940817,0.039205,0.473518,11.0000,0.737788,0.842882
25,355,12,0.041532,0.048059,0.957324,0.046128,0.461132,4.0000,0.773538,0.875700
25,356,12,0.039196,0.034907,0.962703,0.042544,0.569548,6.0000,0.697672,0.886393
25,357,13,0.038628,0.033598,0.963362,0.046415,0.614648,11.0000,0.692353,0.887703
25,358,13,0.038628,0.033598,0.963362,0.046415,0.614648,7.0000,0.729487,0.887703
25,359,14,0.036766,0.032886,0.963790,0.044601,0.643319,9.0000,0.787330,0.888553
25,360,3,0.547631,0.211971,0.323197,0.040461,0.863748,3.0000,0.884402,0.216530
25,361,4,0.290623,0.199703,0.515788,0.394875,0.713627,6.0000,0.756475,0.381857
25,362,7,0.135186,0.109917,0.755576,0.083104,0.601557,11.0000,0.684979,0.650605
25,363,8,0.130591,0.100763,0.767161,0.082574,0.604242,5.0000,0.705738,0.673108
25,364,10,0.106182,0.084308,0.871298,0.097929,0.473718,8.0000,0.774809,0.750437
25,365,10,0.100356,0.075260,0.900221,0.087501,0.601084,4.0000,0.821423,0.803202
25,366,10,0.100356,0.075260,0.900221,0.087501,0.601084,4.0000,0.710619,0.803202
25,367,10,0.100356,0.075260,0.900221,0.087501,0.601084,4.0000,0.744591,0.803202
25,368,10,0.100356,0.075260,0.900221,0.087501,0.601084,9.0000,0.674445,0.803202
25,369,11,0.086313,0.058265,0.911492,0.082929,0.769428,12.0000,0.668453,0.825094
25,370,1,0.616804,0.212062,0.203881,0.000000,1.000000,1.0000,0.917119,0.131074
25,371,3,0.210657,0.122865,0.701847,0.212696,0.244922,6.0000,0.740099,0.541737
25,372,8,0.093943,0.034159,0.837349,0.126871,0.706934,11.0000,0.603452,0.774351
25,373,13,0.051428,0.037261,0.885990,0.056935,0.580763,7.0000,0.631740,0.868075
25,374,13,0.051428,0.037261,0.885990,0.056935,0.580763,4.0000,0.751087,0.868075
25,375,13,0.050766,0.036251,0.886955,0.055446,0.569679,7.0000,0.770880,0.869935
25,376,14,0.049879,0.035116,0.893466,0.055221,0.649415,7.0000,0.713042,0.880348
25,377,14,0.044238,0.031505,0.902087,0.050663,0.520069,6.0000,0.678565,0.889608
25,378,16,0.043686,0.029567,0.906300,0.058477,0.623783,8.0000,0.717347,0.892376
25,379,17,0.039417,0.030315,0.906681,0.056602,0.573871,7.0000,0.720136,0.893111
25,380,2,0.456821,0.279734,0.271379,0.000000,0.497401,2.0000,0.814575,0.072017
25,381,5,0.139173,0.104100,0.683714,0.281559,0.628242,7.0000,0.745044,0.634042
25,382,8,0.090127,0.076122,0.778947,0.140466,0.631304,9.0000,0.708983,0.745019
25,383,10,0.086592,0.073560,0.799962,0.132858,0.683672,6.0000,0.683820,0.757022
25,384,11,0.083625,0.074772,0.802902,0.035258,0.656063,6.0000,0.695505,0.762681
25,385,12,0.082697,0.071363,0.807755,0.037858,0.690743,7.0000,0.716016,0.766850
25,386,12,0.082697,0.071363,0.807755,0.037858,0.690743,4.0000,0.698184,0.766850
25,387,13,0.072219,0.064570,0.817571,0.038662,0.757398,6.0000,0.686055,0.785747
25,388,14,0.064887,0.063464,0.819656,0.034388,0.693399,8.0000,0.719411,0.789761
25,389,13,0.064807,0.055563,0.842136,0.040157,0.689254,7.0000,0.739334,0.833037
25,390,2,0.767587,0.163494,0.263053,0.000000,0.973624,2.0000,0.858170,0.063057
25,391,5,0.194599,0.118514,0.628167,0.421981,0.715357,3.0000,0.745880,0.516459
25,392,7,0.107115,0.046601,0.762569,0.154989,0.635245,10.0000,0.679892,0.734370
25,393,8,0.106904,0.044857,0.763192,0.162576,0.770492,5.0000,0.696583,0.735597
25,394,9,0.102946,0.042979,0.769809,0.084171,0.730487,7.0000,0.721851,0.748636
25,395,12,0.099332,0.037922,0.778543,0.056724,0.861243,6.0000,0.692968,0.765498
25,396,13,0.092460,0.060320,0.791999,0.064936,0.860300,8.0000,0.682182,0.792012
25,397,13,0.051108,0.026445,0.825600,0.067986,0.836627,6.0000,0.736431,0.858218
25,398,13,0.048423,0.028151,0.835612,0.073578,0.801867,8.0000,0.697087,0.877945
25,399,14,0.039991,0.029368,0.836143,0.067461,0.728289,7.0000,0.660720,0.878991
25,400,1,0.596215,0.133289,0.242093,0.000000,1.000000,1.0000,0.840100,0.169672
25,401,3,0.377468,0.104537,0.393735,0.134099,0.814611,4.0000,0.752426,0.392888
25,402,8,0.101294,0.079231,0.689022,0.088893,0.503336,13.0000,0.634912,0.709636
25,403,8,0.100262,0.077742,0.696606,0.088212,0.480447,4.0000,0.654657,0.717024
25,404,8,0.067355,0.051089,0.751458,0.100042,0.477986,3.0000,0.732037,0.778953
25,405,10,0.056600,0.045785,0.783414,0.058414,0.516913,9.0000,0.725616,0.823468
25,406,11,0.056242,0.034845,0.804748,0.073862,0.618093,6.0000,0.688008,0.865330
25,407,11,0.056242,0.034845,0.804748,0.073862,0.618093,6.0000,0.714292,0.865330
25,408,12,0.047807,0.034421,0.806080,0.066318,0.525772,5.0000,0.720176,0.867945
25,409,13,0.045372,0.033128,0.807438,0.070797,0.575439,3.0000,0.732113,0.870609
25,410,1,0.599794,0.242180,0.161428,0.000000,1.000000,1.0000,0.874064,0.101273
25,411,5,0.159357,0.101436,0.575972,0.188995,0.526737,6.0000,0.706126,0.497842
25,412,8,0.130938,0.101017,0.604419,0.188350,0.697726,7.0000,0.661496,0.555690
25,413,8,0.121484,0.093280,0.646162,0.226019,0.723516,12.0000,0.676783,0.638294
25,414,8,0.096329,0.068140,0.691856,0.174852,0.677996,11.0000,0.728913,0.731215
25,415,9,0.095821,0.081926,0.693273,0.105188,0.597678,3.0000,0.774069,0.734095
25,416,9,0.095821,0.081926,0.693273,0.105188,0.597678,3.0000,0.723534,0.734095
25,417,10,0.094018,0.069769,0.710575,0.055779,0.712308,4.0000,0.727077,0.769279
25,418,12,0.056200,0.049337,0.752997,0.063108,0.543751,5.0000,0.702086,0.829331
25,419,13,0.056200,0.061686,0.753379,0.052856,0.524669,4.0000,0.688385,0.830109
25,420,2,0.417692,0.219510,0.383379,0.000000,0.373986,2.0000,0.827639,0.248760
25,421,3,0.276179,0.070534,0.598595,0.686533,0.745597,3.0000,0.781844,0.594253
25,422,7,0.180575,0.077509,0.683439,0.104464,0.772261,11.0000,0.656908,0.732536
25,423,7,0.180575,0.077509,0.683439,0.104464,0.772261,3.0000,0.698912,0.732536
25,424,7,0.178460,0.068100,0.687935,0.104198,0.779337,2.0000,0.776973,0.741568
25,425,8,0.178263,0.066371,0.690204,0.108478,0.858588,4.0000,0.735920,0.746125
25,426,10,0.098388,0.063610,0.730489,0.110911,0.660906,5.0000,0.698863,0.827042
25,427,11,0.074032,0.052021,0.747883,0.076865,0.564339,11.0000,0.694650,0.861981
25,428,12,0.064785,0.050503,0.751106,0.063415,0.558531,4.0000,0.694055,0.868456
25,429,12,0.058059,0.048845,0.762492,0.052227,0.562599,6.0000,0.663790,0.891326
25,430,1,0.591496,0.226254,0.129404,0.000000,1.000000,1.0000,0.854157,0.108039
25,431,3,0.212957,0.073311,0.522977,0.159626,0.248913,4.0000,0.802019,0.487491
25,432,6,0.152436,0.065603,0.577266,0.250348,0.849086,6.0000,0.651982,0.598357
25,433,8,0.109770,0.063370,0.620655,0.090393,0.728638,7.0000,0.630653,0.671202
25,434,10,0.107673,0.056784,0.625715,0.018211,0.796106,4.0000,0.759196,0.681537
25,435,10,0.107673,0.056784,0.625715,0.018211,0.796106,3.0000,0.820309,0.681537
25,436,11,0.107668,0.054669,0.626441,0.030119,0.848010,4.0000,0.766659,0.682243
25,437,11,0.107668,0.054669,0.626441,0.030119,0.848010,1.0000,0.688626,0.682243
25,438,11,0.107668,0.054669,0.626441,0.030119,0.848010,4.0000,0.692865,0.682243
25,439,10,0.098763,0.032469,0.679323,0.208091,0.845182,4.0000,0.728476,0.772374
25,440,0,,,,,,0.0000,0.808040,0.000000
25,441,0,,,,,,0.0000,0.889083,0.000000
25,442,0,,,,,,0.0000,0.815004,0.000000
25,443,0,,,,,,0.0000,0.793453,0.000000
25,444,0,,,,,,0.0000,0.808468,0.000000
25,445,0,,,,,,0.0000,0.808717,0.000000
25,446,0,,,,,,0.0000,0.797330,0.000000
25,447,0,,,,,,0.0000,0.800275,0.000000
25,448,0,,,,,,0.0000,0.816044,0.000000
25,449,0,,,,,,0.0000,0.850116,0.000000
25,450,0,,,,,,0.0000,0.807850,0.000000
25,451,0,,,,,,0.0000,0.771298,0.000000
25,452,0,,,,,,0.0000,0.832391,0.000000
25,453,0,,,,,,0.0000,0.837304,0.000000
25,454,0,,,,,,0.0000,0.806515,0.000000
25,455,0,,,,,,0.0000,0.791308,0.000000
25,456,0,,,,,,0.0000,0.810690,0.000000
25,457,0,,,,,,0.0000,0.859014,0.000000
25,458,0,,,,,,0.0000,0.782237,0.000000
25,459,0,,,,,,0.0000,0.805090,0.000000
25,460,0,,,,,,0.0000,0.811876,0.000000
25,461,0,,,,,,0.0000,0.840919,0.000000
25,462,0,,,,,,0.0000,0.816135,0.000000
25,463,0,,,,,,0.0000,0.774086,0.000000
25,464,0,,,,,,0.0000,0.813882,0.000000
25,465,0,,,,,,0.0000,0.834623,0.000000
25,466,0,,,,,,0.0000,0.808986,0.000000
25,467,0,,,,,,0.0000,0.791676,0.000000
25,468,0,,,,,,0.0000,0.784034,0.000000
25,469,0,,,,,,0.0000,0.840306,0.000000
25,470,0,,,,,,0.0000,0.846307,0.000000
25,471,0,,,,,,0.0000,0.791985,0.000000
25,472,0,,,,,,0.0000,0.801812,0.000000
25,473,0,,,,,,0.0000,0.780401,0.000000
25,474,0,,,,,,0.0000,0.809235,0.000000
25,475,0,,,,,,0.0000,0.821414,0.000000
25,476,0,,,,,,0.0000,0.787808,0.000000
25,477,0,,,,,,0.0000,0.803640,0.000000
25,478,0,,,,,,0.0000,0.813282,0.000000
25,479,0,,,,,,0.0000,0.788564,0.000000
25,480,0,,,,,,0.0000,0.840302,0.000000
25,481,0,,,,,,0.0000,0.825673,0.000000
25,482,0,,,,,,0.0000,0.789446,0.000000
25,483,0,,,,,,0.0000,0.787945,0.000000
25,484,0,,,,,,0.0000,0.791321,0.000000
25,485,0,,,,,,0.0000,0.854676,0.000000
25,486,0,,,,,,0.0000,0.828205,0.000000
25,487,0,,,,,,0.0000,0.796263,0.000000
25,488,0,,,,,,0.0000,0.796698,0.000000
25,489,0,,,,,,0.0000,0.834801,0.000000
25,490,0,,,,,,0.0000,0.803050,0.000000
25,491,0,,,,,,0.0000,0.791676,0.000000
25,492,0,,,,,,0.0000,0.793765,0.000000
25,493,0,,,,,,0.0000,0.829558,0.000000
25,494,0,,,,,,0.0000,0.834905,0.000000
25,495,0,,,,,,0.0000,0.771029,0.000000
25,496,0,,,,,,0.0000,0.799735,0.000000
25,497,0,,,,,,0.0000,0.814553,0.000000
25,498,0,,,,,,0.0000,0.835436,0.000000
25,499,0,,,,,,0.0000,0.822935,0.000000
25,500,0,,,,,,0.0000,0.811161,0.000000
25,501,0,,,,,,0.0000,0.791910,0.000000
25,502,0,,,,,,0.0000,0.813895,0.000000
25,503,0,,,,,,0.0000,0.783656,0.000000
25,504,0,,,,,,0.0000,0.799033,0.000000
25,505,0,,,,,,0.0000,0.842394,0.000000
25,506,0,,,,,,0.0000,0.802287,0.000000
25,507,0,,,,,,0.0000,0.798019,0.000000
25,508,0,,,,,,0.0000,0.798107,0.000000
25,509,0,,,,,,0.0000,0.831554,0.000000
25,510,0,,,,,,0.0000,0.847646,0.000000
25,511,0,,,,,,0.0000,0.785596,0.000000
25,512,0,,,,,,0.0000,0.793463,0.000000
25,513,0,,,,,,0.0000,0.836775,0.000000
25,514,0,,,,,,0.0000,0.842416,0.000000
25,515,0,,,,,,0.0000,0.813880,0.000000
25,516,0,,,,,,0.0000,0.795929,0.000000
25,517,0,,,,,,0.0000,0.776323,0.000000
25,518,0,,,,,,0.0000,0.816063,0.000000
25,519,0,,,,,,0.0000,0.843622,0.000000
25,520,0,,,,,,0.0000,0.822714,0.000000
25,521,0,,,,,,0.0000,0.794182,0.000000
25,522,0,,,,,,0.0000,0.806192,0.000000
25,523,0,,,,,,0.0000,0.790853,0.000000
25,524,0,,,,,,0.0000,0.808347,0.000000
25,525,0,,,,,,0.0000,0.783186,0.000000
25,526,0,,,,,,0.0000,0.794872,0.000000
25,527,0,,,,,,0.0000,0.810645,0.000000
25,528,0,,,,,,0.0000,0.832088,0.000000
25,529,0,,,,,,0.0000,0.789225,0.000000
25,530,0,,,,,,0.0000,0.798574,0.000000
25,531,0,,,,,,0.0000,0.810432,0.000000
25,532,0,,,,,,0.0000,0.791990,0.000000
25,533,0,,,,,,0.0000,0.784690,0.000000
25,534,0,,,,,,0.0000,0.798959,0.000000
25,535,0,,,,,,0.0000,0.799765,0.000000
25,536,0,,,,,,0.0000,0.810735,0.000000
25,537,0,,,,,,0.0000,0.806778,0.000000
25,538,0,,,,,,0.0000,0.827984,0.000000
25,539,0,,,,,,0.0000,0.817461,0.000000
25,540,0,,,,,,0.0000,0.839119,0.000000
25,541,0,,,,,,0.0000,0.807917,0.000000
25,542,0,,,,,,0.0000,0.808153,0.000000
25,543,0,,,,,,0.0000,0.827289,0.000000
25,544,0,,,,,,0.0000,0.853199,0.000000
25,545,0,,,,,,0.0000,0.832185,0.000000
25,546,0,,,,,,0.0000,0.789361,0.000000
25,547,0,,,,,,0.0000,0.805593,0.000000
25,548,0,,,,,,0.0000,0.823431,0.000000
25,549,0,,,,,,0.0000,0.824315,0.000000
25,550,0,,,,,,0.0000,0.805730,0.000000
25,551,0,,,,,,0.0000,0.822987,0.000000
25,552,0,,,,,,0.0000,0.821387,0.000000
25,553,0,,,,,,0.0000,0.823301,0.000000
25,554,0,,,,,,0.0000,0.834686,0.000000
25,555,0,,,,,,0.0000,0.803147,0.000000
25,556,0,,,,,,0.0000,0.801064,0.000000
25,557,0,,,,,,0.0000,0.784329,0.000000
25,558,0,,,,,,0.0000,0.790332,0.000000
25,559,0,,,,,,0.0000,0.838532,0.000000
25,560,0,,,,,,0.0000,0.826634,0.000000
25,561,0,,,,,,0.0000,0.767853,0.000000
25,562,0,,,,,,0.0000,0.789533,0.000000
25,563,0,,,,,,0.0000,0.840974,0.000000
25,564,0,,,,,,0.0000,0.823999,0.000000
25,565,0,,,,,,0.0000,0.780529,0.000000
25,566,0,,,,,,0.0000,0.776800,0.000000
25,567,0,,,,,,0.0000,0.827618,0.000000
25,568,0,,,,,,0.0000,0.834454,0.000000
25,569,0,,,,,,0.0000,0.807609,0.000000
25,570,0,,,,,,0.0000,0.793180,0.000000
25,571,0,,,,,,0.0000,0.811188,0.000000
25,572,0,,,,,,0.0000,0.792035,0.000000
25,573,0,,,,,,0.0000,0.781507,0.000000
25,574,0,,,,,,0.0000,0.803007,0.000000
25,575,0,,,,,,0.0000,0.806119,0.000000
25,576,0,,,,,,0.0000,0.832716,0.000000
25,577,0,,,,,,0.0000,0.830523,0.000000
25,578,0,,,,,,0.0000,0.819571,0.000000
25,579,0,,,,,,0.0000,0.807750,0.000000
25,580,0,,,,,,0.0000,0.828067,0.000000
25,581,0,,,,,,0.0000,0.822477,0.000000
25,582,0,,,,,,0.0000,0.827344,0.000000
25,583,0,,,,,,0.0000,0.821658,0.000000
25,584,0,,,,,,0.0000,0.808112,0.000000
25,585,0,,,,,,0.0000,0.793722,0.000000
25,586,0,,,,,,0.0000,0.818132,0.000000
25,587,0,,,,,,0.0000,0.810789,0.000000
25,588,0,,,,,,0.0000,0.820720,0.000000
25,589,0,,,,,,0.0000,0.842979,0.000000
25,590,0,,,,,,0.0000,0.809171,0.000000
25,591,0,,,,,,0.0000,0.811057,0.000000
25,592,0,,,,,,0.0000,0.784639,0.000000
25,593,0,,,,,,0.0000,0.801658,0.000000
25,594,0,,,,,,0.0000,0.850660,0.000000
25,595,0,,,,,,0.0000,0.826026,0.000000
25,596,0,,,,,,0.0000,0.792298,0.000000
25,597,0,,,,,,0.0000,0.791864,0.000000
25,598,0,,,,,,0.0000,0.812599,0.000000
25,599,0,,,,,,0.0000,0.818076,0.000000
25,600,0,,,,,,0.0000,0.808049,0.000000
25,601,0,,,,,,0.0000,0.766892,0.000000
25,602,0,,,,,,0.0000,0.801541,0.000000
25,603,0,,,,,,0.0000,0.832541,0.000000
25,604,0,,,,,,0.0000,0.829233,0.000000
25,605,0,,,,,,0.0000,0.781653,0.000000
25,606,0,,,,,,0.0000,0.834391,0.000000
25,607,0,,,,,,0.0000,0.804132,0.000000
25,608,0,,,,,,0.0000,0.844801,0.000000
25,609,0,,,,,,0.0000,0.805226,0.000000
25,610,0,,,,,,0.0000,0.811606,0.000000
25,611,0,,,,,,0.0000,0.794041,0.000000
25,612,0,,,,,,0.0000,0.826332,0.000000
25,613,0,,,,,,0.0000,0.810693,0.000000
25,614,0,,,,,,0.0000,0.774690,0.000000
25,615,0,,,,,,0.0000,0.761434,0.000000
25,616,0,,,,,,0.0000,0.798378,0.000000
25,617,0,,,,,,0.0000,0.835660,0.000000
25,618,0,,,,,,0.0000,0.810142,0.000000
25,619,0,,,,,,0.0000,0.796246,0.000000
25,620,0,,,,,,0.0000,0.800255,0.000000
25,621,0,,,,,,0.0000,0.813812,0.000000
25,622,0,,,,,,0.0000,0.829420,0.000000
25,623,0,,,,,,0.0000,0.819779,0.000000
25,624,0,,,,,,0.0000,0.776546,0.000000
25,625,0,,,,,,0.0000,0.779677,0.000000
25,626,0,,,,,,0.0000,0.801155,0.000000
25,627,0,,,,,,0.0000,0.807171,0.000000
25,628,0,,,,,,0.0000,0.796302,0.000000
25,629,0,,,,,,0.0000,0.803756,0.000000
25,630,0,,,,,,0.0000,0.793716,0.000000
25,631,0,,,,,,0.0000,0.789181,0.000000
25,632,0,,,,,,0.0000,0.792194,0.000000
25,633,0,,,,,,0.0000,0.809348,0.000000
25,634,0,,,,,,0.0000,0.808694,0.000000
25,635,0,,,,,,0.0000,0.797218,0.000000
25,636,0,,,,,,0.0000,0.793075,0.000000
25,637,0,,,,,,0.0000,0.806580,0.000000
25,638,0,,,,,,0.0000,0.792148,0.000000
25,639,0,,,,,,0.0000,0.777067,0.000000
25,640,0,,,,,,0.0000,0.817748,0.000000
25,641,0,,,,,,0.0000,0.830171,0.000000
25,642,0,,,,,,0.0000,0.816144,0.000000
25,643,0,,,,,,0.0000,0.802022,0.000000
25,644,1,0.856724,0.002111,0.350278,0.000000,1.000000,2.0000,0.794022,0.206936
25,645,5,0.287903,0.157564,0.626777,0.181475,0.558598,6.0000,0.549048,0.547705
25,646,9,0.092059,0.060133,0.840471,0.107774,0.506730,11.0000,0.642847,0.720537
25,647,9,0.090885,0.060406,0.845675,0.107876,0.503984,5.0000,0.745786,0.730644
25,648,10,0.090449,0.060218,0.846488,0.109520,0.514760,8.0000,0.794933,0.732225
25,649,9,0.054389,0.038117,0.900331,0.078816,0.540745,7.0000,0.659909,0.836810
25,650,2,0.289453,0.066888,0.622048,0.000000,0.459298,2.0000,0.803042,0.466201
25,651,4,0.178631,0.048376,0.763720,0.507997,0.631009,6.0000,0.747643,0.565650
25,652,7,0.139266,0.064208,0.868024,0.136054,0.719021,13.0000,0.655683,0.698168
25,653,10,0.081107,0.069387,0.897389,0.108558,0.507656,16.0000,0.631280,0.756547
25,654,11,0.080885,0.070888,0.897605,0.090851,0.542865,6.0000,0.755338,0.756977
25,655,11,0.080885,0.070888,0.897605,0.090851,0.542865,4.0000,0.739880,0.756977
25,656,11,0.080885,0.070888,0.897605,0.090851,0.542865,6.0000,0.703239,0.756977
25,657,14,0.079773,0.073881,0.898197,0.090620,0.667259,6.0000,0.660622,0.758152
25,658,14,0.079773,0.073881,0.898197,0.090620,0.667259,6.0000,0.704418,0.758152
25,659,16,0.075420,0.072778,0.913447,0.062253,0.602858,10.0000,0.746151,0.788470
25,660,1,0.669254,0.265841,0.201874,0.000000,1.000000,1.0000,0.906532,0.035812
25,661,6,0.161377,0.118160,0.809533,0.164821,0.564066,13.0000,0.708770,0.590916
25,662,8,0.160788,0.128753,0.816864,0.113171,0.672924,4.0000,0.611588,0.604597
25,663,7,0.125660,0.091983,0.857683,0.155216,0.406728,8.0000,0.655404,0.670623
25,664,10,0.102360,0.087978,0.894507,0.134144,0.683733,6.0000,0.775628,0.745598
25,665,9,0.079917,0.055472,0.929950,0.116549,0.515917,5.0000,0.752892,0.788087
25,666,10,0.078807,0.055496,0.936465,0.113857,0.602482,7.0000,0.713777,0.793832
25,667,10,0.078663,0.050984,0.951823,0.111535,0.601079,5.0000,0.707409,0.825100
25,668,11,0.078447,0.048687,0.951990,0.118251,0.684239,7.0000,0.778780,0.825441
25,669,11,0.072274,0.041881,0.972706,0.141713,0.742764,12.0000,0.810103,0.867620
25,670,2,0.344558,0.081090,0.619384,0.000000,0.108744,2.0000,0.856780,0.184387
25,671,3,0.297771,0.072868,0.736173,0.876981,0.801284,2.0000,0.735581,0.423687
25,672,4,0.191621,0.071914,0.807409,0.151151,0.608338,5.0000,0.697665,0.568774
25,673,5,0.136651,0.074061,0.865033,0.125491,0.269348,7.0000,0.731742,0.622357
25,674,6,0.115279,0.059116,0.890667,0.200540,0.548606,10.0000,0.742897,0.674881
25,675,7,0.115279,0.086439,0.891805,0.145097,0.438446,8.0000,0.754483,0.677214
25,676,8,0.133583,0.083622,0.909146,0.136995,0.594731,9.0000,0.713142,0.712745
25,677,9,0.133583,0.089290,0.912553,0.132402,0.637060,8.0000,0.718330,0.719727
25,678,10,0.075879,0.063303,0.968448,0.128556,0.517496,9.0000,0.691582,0.834256
25,679,11,0.074443,0.061428,0.969944,0.129896,0.602889,7.0000,0.740483,0.837320
25,680,2,0.743687,0.017662,0.524032,0.000000,0.919077,5.0000,0.843538,0.284307
25,681,5,0.186283,0.045449,0.841307,0.164664,0.726468,11.0000,0.727212,0.569926
25,682,7,0.156425,0.045660,0.898735,0.161596,0.889004,14.0000,0.659151,0.668228
25,683,8,0.105790,0.047890,0.913390,0.160352,0.713417,13.0000,0.697523,0.698563
25,684,9,0.094157,0.052768,0.938279,0.150678,0.571457,9.0000,0.730651,0.750083
25,685,12,0.087009,0.064159,0.951747,0.096524,0.564509,8.0000,0.724312,0.777963
25,686,11,0.069111,0.054030,0.986719,0.094093,0.514321,7.0000,0.717821,0.850356
25,687,11,0.069111,0.054030,0.986719,0.094093,0.514321,6.0000,0.736315,0.850356
25,688,11,0.067957,0.050386,0.991282,0.095170,0.546373,11.0000,0.703320,0.859801
25,689,12,0.064671,0.053554,0.992898,0.066044,0.576797,5.0000,0.703989,0.863147
25,690,3,0.266241,0.080372,0.812325,0.713769,0.600767,5.0000,0.838523,0.467313
25,691,3,0.265939,0.080239,0.814249,0.717794,0.600422,4.0000,0.834018,0.471366
25,692,5,0.163253,0.053317,0.915883,0.441670,0.667062,12.0000,0.668062,0.685431
25,693,5,0.163253,0.053317,0.915883,0.441670,0.667062,5.0000,0.686488,0.685431
25,694,7,0.112132,0.065318,0.936861,0.235141,0.514291,7.0000,0.734124,0.729616
25,695,7,0.112132,0.065318,0.936861,0.235141,0.514291,9.0000,0.809057,0.729616
25,696,7,0.112132,0.065318,0.936861,0.235141,0.514291,7.0000,0.732197,0.729616
25,697,8,0.106323,0.066102,0.952035,0.124590,0.372582,6.0000,0.657052,0.761576
25,698,9,0.090859,0.065912,0.956528,0.073424,0.335157,8.0000,0.658625,0.771041
25,699,10,0.082397,0.062384,0.971685,0.080619,0.447737,6.0000,0.782865,0.802964
25,700,2,0.668907,0.029210,0.539552,0.000000,0.842686,4.0000,0.939978,0.405668
25,701,4,0.269556,0.203437,0.684510,0.067373,0.668973,5.0000,0.714606,0.443157
25,702,6,0.076541,0.018797,0.958427,0.195053,0.484229,10.0000,0.592131,0.816138
25,703,8,0.058078,0.020606,0.988256,0.124936,0.449604,9.0000,0.666448,0.833138
25,704,9,0.057406,0.019487,0.988726,0.139658,0.598323,5.0000,0.736790,0.834121
25,705,10,0.051048,0.018726,1.002293,0.133346,0.653126,8.0000,0.747334,0.862536
25,706,10,0.051048,0.018726,1.002293,0.133346,0.653126,6.0000,0.743516,0.862536
25,707,13,0.049991,0.022350,1.008587,0.105528,0.810713,10.0000,0.682781,0.875717
25,708,13,0.049991,0.022350,1.008587,0.105528,0.810713,11.0000,0.708649,0.875717
25,709,14,0.043211,0.033616,1.012779,0.064109,0.711572,13.0000,0.681845,0.884497
25,710,1,0.828280,0.008766,0.400337,0.000000,1.000000,1.0000,0.882043,0.190082
25,711,2,0.354830,0.008214,0.764599,0.000000,0.011940,4.0000,0.822483,0.366790
25,712,4,0.286974,0.054067,0.809800,0.793511,1.046135,7.0000,0.652132,0.461995
25,713,9,0.086812,0.060310,0.925283,0.105147,0.511006,10.0000,0.700875,0.705230
25,714,11,0.074095,0.059221,0.961821,0.084044,0.616807,12.0000,0.750675,0.782189
25,715,11,0.066550,0.051126,0.978394,0.084367,0.709282,8.0000,0.753698,0.817094
25,716,11,0.066550,0.051126,0.978394,0.084367,0.709282,5.0000,0.712227,0.817094
25,717,13,0.063560,0.051496,0.980948,0.039097,0.736932,6.0000,0.711873,0.822474
25,718,12,0.057260,0.043907,0.998229,0.051816,0.717184,11.0000,0.675245,0.858873
25,719,12,0.056602,0.042754,0.998950,0.051799,0.717873,10.0000,0.760566,0.860392
25,720,2,0.370349,0.288337,0.315946,0.000000,0.375641,2.0000,0.895864,0.000000
25,721,4,0.288795,0.183917,0.572144,0.391480,0.631115,4.0000,0.788659,0.276732
25,722,9,0.167732,0.145121,0.748867,0.122142,0.710110,12.0000,0.706332,0.446900
25,723,7,0.129739,0.083534,0.856434,0.223883,0.659825,16.0000,0.664444,0.601233
25,724,7,0.122442,0.071031,0.863180,0.225521,0.686859,9.0000,0.733323,0.615199
25,725,8,0.145386,0.055127,0.930723,0.138288,0.763514,7.0000,0.769615,0.734443
25,726,9,0.097955,0.057165,0.943445,0.124742,0.630960,6.0000,0.724143,0.760777
25,727,11,0.078535,0.042991,0.973567,0.116339,0.679147,10.0000,0.668883,0.823131
25,728,12,0.077529,0.042847,0.974813,0.115039,0.754744,7.0000,0.749338,0.825709
25,729,13,0.077464,0.041802,0.974923,0.114605,0.827938,7.0000,0.806921,0.825937
25,730,2,0.328412,0.075329,0.668538,0.000000,0.102429,2.0000,0.890207,0.274145
25,731,2,0.326794,0.075124,0.678499,0.000000,0.099014,3.0000,0.748233,0.294554
25,732,4,0.213416,0.101777,0.790688,0.401540,0.480210,4.0000,0.696271,0.491664
25,733,4,0.185174,0.065954,0.849295,0.434585,0.499807,6.0000,0.742881,0.590111
25,734,7,0.171607,0.070716,0.855250,0.040447,0.964897,8.0000,0.789297,0.602312
25,735,8,0.119928,0.057944,0.915812,0.081295,0.650498,6.0000,0.718729,0.726403
25,736,8,0.119928,0.057944,0.915812,0.081295,0.650498,8.0000,0.651097,0.726403
25,737,10,0.072719,0.060655,0.941209,0.085455,0.556620,11.0000,0.720413,0.778442
25,738,10,0.072149,0.059557,0.942286,0.090276,0.587697,7.0000,0.742322,0.780648
25,739,11,0.072149,0.058055,0.943016,0.086686,0.596247,7.0000,0.718220,0.782145
25,740,2,0.662388,0.124041,0.381565,0.000000,0.913186,3.0000,0.849733,0.240954
25,741,3,0.446965,0.105633,0.523547,0.153032,0.829276,1.0000,0.698924,0.433033
25,742,5,0.125177,0.074128,0.803459,0.150801,0.475299,9.0000,0.628554,0.705125
25,743,6,0.084403,0.062166,0.876088,0.131672,0.450974,5.0000,0.742262,0.753078
25,744,8,0.083561,0.058814,0.885499,0.154754,0.634474,5.0000,0.742231,0.772239
25,745,10,0.070784,0.039710,0.953664,0.112527,0.557810,13.0000,0.647963,0.828850
25,746,10,0.070784,0.039710,0.953664,0.112527,0.557810,7.0000,0.686015,0.828850
25,747,10,0.070784,0.039710,0.953664,0.112527,0.557810,2.0000,0.743979,0.828850
25,748,11,0.058672,0.040114,0.955494,0.058127,0.463396,8.0000,0.749303,0.832576
25,749,11,0.061470,0.036382,0.962253,0.078161,0.712836,14.0000,0.687406,0.846337
25,750,2,0.639927,0.119193,0.464437,0.000000,0.820349,2.0000,0.807490,0.257930
25,751,6,0.154945,0.090945,0.879275,0.169922,0.516897,10.0000,0.767620,0.720535
25,752,8,0.102269,0.088114,0.898485,0.156456,0.512531,8.0000,0.724700,0.758726
25,753,8,0.094331,0.074087,0.912694,0.125458,0.543434,8.0000,0.632080,0.786973
25,754,9,0.076800,0.034415,0.946212,0.154987,0.664087,11.0000,0.680786,0.853607
25,755,9,0.076445,0.029571,0.956872,0.155315,0.677439,7.0000,0.730433,0.874799
25,756,9,0.076445,0.029571,0.956872,0.155315,0.677439,6.0000,0.701002,0.874799
25,757,10,0.072745,0.019261,0.963577,0.167139,0.785154,6.0000,0.713282,0.888129
25,758,12,0.068370,0.020583,0.976246,0.119909,0.823773,10.0000,0.680758,0.913316
25,759,12,0.068370,0.020583,0.976246,0.119909,0.823773,8.0000,0.733219,0.913316
25,760,1,0.714507,0.021020,0.422300,0.000000,1.000000,1.0000,0.931355,0.351088
25,761,5,0.149953,0.023998,0.814188,0.397639,0.874223,5.0000,0.692445,0.720061
25,762,8,0.140742,0.053427,0.848200,0.063447,0.939861,7.0000,0.594841,0.740391
25,763,10,0.120672,0.044239,0.872545,0.054288,0.918757,9.0000,0.668355,0.767564
25,764,11,0.112703,0.043357,0.876713,0.056410,0.788667,9.0000,0.774102,0.775661
25,765,11,0.106905,0.027004,0.886674,0.055273,0.790102,6.0000,0.760084,0.795008
25,766,13,0.051660,0.039639,0.902775,0.066286,0.544145,6.0000,0.713191,0.826283
25,767,13,0.051660,0.039639,0.902775,0.066286,0.544145,8.0000,0.692934,0.826283
25,768,13,0.051660,0.039639,0.902775,0.066286,0.544145,4.0000,0.703061,0.826283
25,769,14,0.051266,0.040848,0.918996,0.068971,0.588682,7.0000,0.685620,0.839671
25,770,1,0.784823,0.117198,0.253409,0.000000,1.000000,1.0000,0.848571,0.117320
25,771,4,0.372749,0.259218,0.408319,0.200664,0.757137,5.0000,0.716288,0.247283
25,772,6,0.361177,0.259451,0.515469,0.141664,0.744923,11.0000,0.599856,0.416025
25,773,6,0.159406,0.097378,0.794532,0.058522,0.491794,10.0000,0.671357,0.689458
25,774,7,0.128525,0.060826,0.797139,0.156791,0.590301,10.0000,0.782546,0.694481
25,775,8,0.101225,0.057895,0.815512,0.127182,0.668263,7.0000,0.768094,0.729884
25,776,10,0.086872,0.057004,0.848104,0.121334,0.670447,4.0000,0.669081,0.792683
25,777,10,0.083120,0.051582,0.852809,0.124581,0.678677,4.0000,0.601561,0.801751
25,778,10,0.083197,0.051227,0.858657,0.125394,0.663309,6.0000,0.694391,0.806993
25,779,13,0.079950,0.061745,0.862843,0.040283,0.749189,10.0000,0.766570,0.815060
25,780,2,0.480111,0.145916,0.358558,0.000000,0.554465,2.0000,0.894075,0.258743
25,781,6,0.192737,0.146430,0.676521,0.097771,0.580683,5.0000,0.714578,0.585757
25,782,5,0.211980,0.094123,0.725193,0.338930,0.824726,8.0000,0.670775,0.672971
25,783,6,0.157988,0.052377,0.760816,0.158238,0.822183,4.0000,0.691784,0.741547
25,784,6,0.157988,0.052377,0.760816,0.158238,0.822183,7.0000,0.779888,0.741547
25,785,7,0.103351,0.048610,0.801490,0.149689,0.655661,6.0000,0.815776,0.819849
25,786,8,0.103198,0.049225,0.802859,0.156499,0.773825,10.0000,0.678599,0.822485
25,787,8,0.103198,0.049225,0.802859,0.156499,0.773825,4.0000,0.607087,0.822485
25,788,7,0.103815,0.023921,0.818692,0.217908,0.784442,6.0000,0.699887,0.852964
25,789,8,0.103701,0.022550,0.821177,0.215557,0.882152,2.0000,0.821672,0.855028
25,790,1,0.744192,0.090758,0.282271,0.000000,1.000000,1.0000,0.900941,0.207520
25,791,3,0.298135,0.087028,0.554781,0.847851,0.841943,2.0000,0.722008,0.383462
25,792,8,0.185407,0.070766,0.689009,0.131618,1.081261,9.0000,0.606039,0.636521
25,793,8,0.131643,0.055298,0.725521,0.278624,0.890000,9.0000,0.642699,0.689172
25,794,9,0.123625,0.055626,0.754806,0.147515,0.883124,7.0000,0.750021,0.737092
25,795,9,0.123625,0.055626,0.754806,0.147515,0.883124,8.0000,0.727841,0.737092
25,796,11,0.076342,0.045603,0.776821,0.147386,0.859684,9.0000,0.691413,0.780470
25,797,12,0.076342,0.047386,0.783937,0.135696,0.859506,5.0000,0.750067,0.794490
25,798,13,0.075020,0.050054,0.789369,0.074444,0.756635,10.0000,0.797140,0.803748
25,799,15,0.073605,0.065789,0.794183,0.047406,0.709364,10.0000,0.655675,0.813234
25,800,0,,,,,,0.0000,0.772857,0.000000
25,801,0,,,,,,0.0000,0.915771,0.000000
25,802,0,,,,,,0.0000,0.915358,0.000000
25,803,0,,,,,,0.0000,0.804349,0.000000
25,804,0,,,,,,0.0000,0.784523,0.000000
25,805,0,,,,,,0.0000,0.817703,0.000000
25,806,0,,,,,,0.0000,0.855814,0.000000
25,807,0,,,,,,0.0000,0.820186,0.000000
25,808,0,,,,,,0.0000,0.797662,0.000000
25,809,0,,,,,,0.0000,0.789158,0.000000
25,810,0,,,,,,0.0000,0.850029,0.000000
25,811,0,,,,,,0.0000,0.849467,0.000000
25,812,0,,,,,,0.0000,0.801299,0.000000
25,813,0,,,,,,0.0000,0.773076,0.000000
25,814,0,,,,,,0.0000,0.792574,0.000000
25,815,0,,,,,,0.0000,0.849606,0.000000
25,816,0,,,,,,0.0000,0.834575,0.000000
25,817,0,,,,,,0.0000,0.773247,0.000000
25,818,0,,,,,,0.0000,0.781244,0.000000
25,819,0,,,,,,0.0000,0.832322,0.000000
25,820,0,,,,,,0.0000,0.849735,0.000000
25,821,0,,,,,,0.0000,0.799612,0.000000
25,822,0,,,,,,0.0000,0.779421,0.000000
25,823,0,,,,,,0.0000,0.825795,0.000000
25,824,0,,,,,,0.0000,0.821082,0.000000
25,825,0,,,,,,0.0000,0.787915,0.000000
25,826,0,,,,,,0.0000,0.788664,0.000000
25,827,0,,,,,,0.0000,0.819358,0.000000
25,828,0,,,,,,0.0000,0.815917,0.000000
25,829,0,,,,,,0.0000,0.794908,0.000000
25,830,0,,,,,,0.0000,0.792845,0.000000
25,831,0,,,,,,0.0000,0.783463,0.000000
25,832,0,,,,,,0.0000,0.808932,0.000000
25,833,0,,,,,,0.0000,0.802010,0.000000
25,834,0,,,,,,0.0000,0.800324,0.000000
25,835,0,,,,,,0.0000,0.785521,0.000000
25,836,0,,,,,,0.0000,0.802383,0.000000
25,837,0,,,,,,0.0000,0.800690,0.000000
25,838,0,,,,,,0.0000,0.823682,0.000000
25,839,0,,,,,,0.0000,0.813812,0.000000
25,840,0,,,,,,0.0000,0.794897,0.000000
25,841,0,,,,,,0.0000,0.775277,0.000000
25,842,0,,,,,,0.0000,0.809330,0.000000
25,843,0,,,,,,0.0000,0.803504,0.000000
25,844,0,,,,,,0.0000,0.772942,0.000000
25,845,0,,,,,,0.0000,0.810799,0.000000
25,846,0,,,,,,0.0000,0.810308,0.000000
25,847,0,,,,,,0.0000,0.844259,0.000000
25,848,0,,,,,,0.0000,0.769591,0.000000
25,849,0,,,,,,0.0000,0.804027,0.000000
25,850,0,,,,,,0.0000,0.825897,0.000000
25,851,0,,,,,,0.0000,0.843382,0.000000
25,852,0,,,,,,0.0000,0.825145,0.000000
25,853,0,,,,,,0.0000,0.802708,0.000000
25,854,0,,,,,,0.0000,0.804660,0.000000
25,855,0,,,,,,0.0000,0.799011,0.000000
25,856,0,,,,,,0.0000,0.810322,0.000000
25,857,0,,,,,,0.0000,0.792136,0.000000
25,858,0,,,,,,0.0000,0.805784,0.000000
25,859,0,,,,,,0.0000,0.809819,0.000000
25,860,0,,,,,,0.0000,0.806611,0.000000
25,861,0,,,,,,0.0000,0.809828,0.000000
25,862,0,,,,,,0.0000,0.795037,0.000000
25,863,0,,,,,,0.0000,0.797976,0.000000
25,864,0,,,,,,0.0000,0.820874,0.000000
25,865,0,,,,,,0.0000,0.766424,0.000000
25,866,0,,,,,,0.0000,0.803402,0.000000
25,867,0,,,,,,0.0000,0.819623,0.000000
25,868,0,,,,,,0.0000,0.829632,0.000000
25,869,0,,,,,,0.0000,0.796569,0.000000
25,870,0,,,,,,0.0000,0.790591,0.000000
25,871,0,,,,,,0.0000,0.804639,0.000000
25,872,0,,,,,,0.0000,0.780694,0.000000
25,873,0,,,,,,0.0000,0.808744,0.000000
25,874,0,,,,,,0.0000,0.824789,0.000000
25,875,0,,,,,,0.0000,0.815893,0.000000
25,876,0,,,,,,0.0000,0.801575,0.000000
25,877,0,,,,,,0.0000,0.798545,0.000000
25,878,0,,,,,,0.0000,0.823433,0.000000
25,879,0,,,,,,0.0000,0.820082,0.000000
25,880,0,,,,,,0.0000,0.799212,0.000000
25,881,0,,,,,,0.0000,0.792130,0.000000
25,882,0,,,,,,0.0000,0.822344,0.000000
25,883,0,,,,,,0.0000,0.794849,0.000000
25,884,0,,,,,,0.0000,0.808347,0.000000
25,885,0,,,,,,0.0000,0.797677,0.000000
25,886,0,,,,,,0.0000,0.806379,0.000000
25,887,0,,,,,,0.0000,0.790266,0.000000
25,888,0,,,,,,0.0000,0.769668,0.000000
25,889,0,,,,,,0.0000,0.827547,0.000000
25,890,0,,,,,,0.0000,0.833092,0.000000
25,891,0,,,,,,0.0000,0.803643,0.000000
25,892,0,,,,,,0.0000,0.764161,0.000000
25,893,0,,,,,,0.0000,0.792932,0.000000
25,894,0,,,,,,0.0000,0.839709,0.000000
25,895,0,,,,,,0.0000,0.815412,0.000000
25,896,0,,,,,,0.0000,0.765782,0.000000
25,897,0,,,,,,0.0000,0.811761,0.000000
25,898,0,,,,,,0.0000,0.830117,0.000000
25,899,0,,,,,,0.0000,0.802247,0.000000
25,900,0,,,,,,0.0000,0.812776,0.000000
25,901,0,,,,,,0.0000,0.840384,0.000000
25,902,0,,,,,,0.0000,0.801803,0.000000
25,903,0,,,,,,0.0000,0.799452,0.000000
25,904,0,,,,,,0.0000,0.797529,0.000000
25,905,0,,,,,,0.0000,0.800520,0.000000
25,906,0,,,,,,0.0000,0.788648,0.000000
25,907,0,,,,,,0.0000,0.781478,0.000000
25,908,0,,,,,,0.0000,0.788702,0.000000
25,909,0,,,,,,0.0000,0.808538,0.000000
25,910,0,,,,,,0.0000,0.833740,0.000000
25,911,0,,,,,,0.0000,0.810535,0.000000
25,912,0,,,,,,0.0000,0.783431,0.000000
25,913,0,,,,,,0.0000,0.821749,0.000000
25,914,0,,,,,,0.0000,0.822165,0.000000
25,915,0,,,,,,0.0000,0.806559,0.000000
25,916,0,,,,,,0.0000,0.813015,0.000000
25,917,0,,,,,,0.0000,0.781671,0.000000
25,918,0,,,,,,0.0000,0.826001,0.000000
25,919,0,,,,,,0.0000,0.807846,0.000000
25,920,0,,,,,,0.0000,0.803884,0.000000
25,921,0,,,,,,0.0000,0.811052,0.000000
25,922,0,,,,,,0.0000,0.803265,0.000000
25,923,0,,,,,,0.0000,0.818484,0.000000
25,924,0,,,,,,0.0000,0.789382,0.000000
25,925,0,,,,,,0.0000,0.779941,0.000000
25,926,0,,,,,,0.0000,0.809255,0.000000
25,927,0,,,,,,0.0000,0.828678,0.000000
25,928,0,,,,,,0.0000,0.807561,0.000000
25,929,0,,,,,,0.0000,0.816857,0.000000
25,930,0,,,,,,0.0000,0.835080,0.000000
25,931,0,,,,,,0.0000,0.802508,0.000000
25,932,0,,,,,,0.0000,0.816379,0.000000
25,933,0,,,,,,0.0000,0.780580,0.000000
25,934,0,,,,,,0.0000,0.809502,0.000000
25,935,0,,,,,,0.0000,0.812006,0.000000
25,936,0,,,,,,0.0000,0.790974,0.000000
25,937,0,,,,,,0.0000,0.813176,0.000000
25,938,0,,,,,,0.0000,0.826023,0.000000
25,939,0,,,,,,0.0000,0.808933,0.000000
25,940,0,,,,,,0.0000,0.797346,0.000000
25,941,0,,,,,,0.0000,0.810602,0.000000
25,942,0,,,,,,0.0000,0.802150,0.000000
25,943,0,,,,,,0.0000,0.794381,0.000000
25,944,0,,,,,,0.0000,0.822090,0.000000
25,945,0,,,,,,0.0000,0.797722,0.000000
25,946,0,,,,,,0.0000,0.778836,0.000000
25,947,0,,,,,,0.0000,0.805782,0.000000
25,948,0,,,,,,0.0000,0.838294,0.000000
25,949,0,,,,,,0.0000,0.799767,0.000000
25,950,0,,,,,,0.0000,0.805761,0.000000
25,951,0,,,,,,0.0000,0.781986,0.000000
25,952,0,,,,,,0.0000,0.804652,0.000000
25,953,0,,,,,,0.0000,0.813645,0.000000
25,954,0,,,,,,0.0000,0.807393,0.000000
25,955,0,,,,,,0.0000,0.801968,0.000000
25,956,0,,,,,,0.0000,0.806592,0.000000
25,957,0,,,,,,0.0000,0.813474,0.000000
25,958,0,,,,,,0.0000,0.812535,0.000000
25,959,0,,,,,,0.0000,0.818453,0.000000
25,960,0,,,,,,0.0000,0.817455,0.000000
25,961,0,,,,,,0.0000,0.808316,0.000000
25,962,0,,,,,,0.0000,0.775557,0.000000
25,963,0,,,,,,0.0000,0.783497,0.000000
25,964,0,,,,,,0.0000,0.836713,0.000000
25,965,0,,,,,,0.0000,0.837459,0.000000
25,966,0,,,,,,0.0000,0.812672,0.000000
25,967,0,,,,,,0.0000,0.796473,0.000000
25,968,0,,,,,,0.0000,0.805595,0.000000
25,969,0,,,,,,0.0000,0.832613,0.000000
25,970,0,,,,,,0.0000,0.801965,0.000000
25,971,0,,,,,,0.0000,0.785849,0.000000
25,972,0,,,,,,0.0000,0.832019,0.000000
25,973,0,,,,,,0.0000,0.824285,0.000000
25,974,0,,,,,,0.0000,0.810827,0.000000
25,975,0,,,,,,0.0000,0.788226,0.000000
25,976,0,,,,,,0.0000,0.823120,0.000000
25,977,0,,,,,,0.0000,0.830649,0.000000
25,978,0,,,,,,0.0000,0.810714,0.000000
25,979,0,,,,,,0.0000,0.791630,0.000000
25,980,0,,,,,,0.0000,0.808316,0.000000
25,981,0,,,,,,0.0000,0.781597,0.000000
25,982,0,,,,,,0.0000,0.807924,0.000000
25,983,0,,,,,,0.0000,0.843792,0.000000
25,984,0,,,,,,0.0000,0.804720,0.000000
25,985,0,,,,,,0.0000,0.789596,0.000000
25,986,0,,,,,,0.0000,0.816635,0.000000
25,987,0,,,,,,0.0000,0.803904,0.000000
25,988,0,,,,,,0.0000,0.804952,0.000000
25,989,0,,,,,,0.0000,0.813259,0.000000
25,990,0,,,,,,0.0000,0.775871,0.000000
25,991,0,,,,,,0.0000,0.813332,0.000000
25,992,0,,,,,,0.0000,0.833688,0.000000
25,993,0,,,,,,0.0000,0.799711,0.000000
25,994,0,,,,,,0.0000,0.819977,0.000000
25,995,0,,,,,,0.0000,0.817270,0.000000
25,996,0,,,,,,0.0000,0.808799,0.000000
25,997,0,,,,,,0.0000,0.815672,0.000000
25,998,0,,,,,,0.0000,0.784105,0.000000
25,999,0,,,,,,0.0000,0.805576,0.000000
25,1000,0,,,,,,0.0000,0.814028,0.000000
26,1,7,0.114122,0.101303,0.611085,0.102900,0.305214,15.0000,0.885405,0.641387
26,2,6,0.111408,0.073080,0.651198,0.108568,0.409359,5.0000,1.020236,0.720098
26,3,6,0.111408,0.073080,0.651198,0.108568,0.409359,3.0000,1.043850,0.720098
26,4,7,0.110796,0.069495,0.659724,0.088534,0.439961,5.0000,0.997965,0.736829
26,5,8,0.094401,0.056700,0.684832,0.108975,0.496529,5.0000,0.985919,0.773593
26,6,9,0.088994,0.055215,0.697349,0.090877,0.560172,4.0000,1.077051,0.795194
26,7,8,0.088658,0.051155,0.714670,0.079161,0.552661,6.0000,1.035028,0.829181
26,8,8,0.088658,0.051155,0.714670,0.079161,0.552661,5.0000,0.926689,0.829181
26,9,10,0.070678,0.046515,0.727759,0.070694,0.543840,10.0000,0.952386,0.854866
26,10,0,,,,,,0.0000,1.172748,0.000000
26,11,0,,,,,,0.0000,1.236566,0.000000
26,12,0,,,,,,0.0000,1.118343,0.000000
26,13,0,,,,,,0.0000,1.072928,0.000000
26,14,0,,,,,,0.0000,1.158309,0.000000
26,15,0,,,,,,0.0000,1.206930,0.000000
26,16,0,,,,,,0.0000,1.156297,0.000000
26,17,0,,,,,,0.0000,1.102610,0.000000
26,18,0,,,,,,0.0000,1.123061,0.000000
26,19,0,,,,,,0.0000,1.167984,0.000000
26,20,0,,,,,,0.0000,1.107204,0.000000
26,21,0,,,,,,0.0000,1.087677,0.000000
26,22,0,,,,,,0.0000,1.115251,0.000000
26,23,0,,,,,,0.0000,1.156307,0.000000
26,24,0,,,,,,0.0000,1.135398,0.000000
26,25,0,,,,,,0.0000,1.109265,0.000000
26,26,0,,,,,,0.0000,1.125439,0.000000
26,27,0,,,,,,0.0000,1.135714,0.000000
26,28,0,,,,,,0.0000,1.118543,0.000000
26,29,0,,,,,,0.0000,1.139468,0.000000
26,30,0,,,,,,0.0000,1.107649,0.000000
26,31,0,,,,,,0.0000,1.143872,0.000000
26,32,0,,,,,,0.0000,1.155366,0.000000
26,33,0,,,,,,0.0000,1.122754,0.000000
26,34,0,,,,,,0.0000,1.083856,0.000000
26,35,0,,,,,,0.0000,1.104622,0.000000
26,36,0,,,,,,0.0000,1.150233,0.000000
26,37,0,,,,,,0.0000,1.126247,0.000000
26,38,0,,,,,,0.0000,1.106246,0.000000
26,39,0,,,,,,0.0000,1.140289,0.000000
26,40,0,,,,,,0.0000,1.129741,0.000000
26,41,0,,,,,,0.0000,1.126765,0.000000
26,42,0,,,,,,0.0000,1.117789,0.000000
26,43,0,,,,,,0.0000,1.141367,0.000000
26,44,0,,,,,,0.0000,1.157837,0.000000
26,45,0,,,,,,0.0000,1.144119,0.000000
26,46,0,,,,,,0.0000,1.147329,0.000000
26,47,0,,,,,,0.0000,1.162226,0.000000
26,48,0,,,,,,0.0000,1.123028,0.000000
26,49,0,,,,,,0.0000,1.111160,0.000000
26,50,0,,,,,,0.0000,1.132411,0.000000
26,51,0,,,,,,0.0000,1.142485,0.000000
26,52,0,,,,,,0.0000,1.114380,0.000000
26,53,0,,,,,,0.0000,1.119902,0.000000
26,54,0,,,,,,0.0000,1.126994,0.000000
26,55,0,,,,,,0.0000,1.146501,0.000000
26,56,0,,,,,,0.0000,1.088677,0.000000
26,57,0,,,,,,0.0000,1.142632,0.000000
26,58,0,,,,,,0.0000,1.172800,0.000000
26,59,0,,,,,,0.0000,1.137217,0.000000
26,60,0,,,,,,0.0000,1.094110,0.000000
26,61,0,,,,,,0.0000,1.133265,0.000000
26,62,0,,,,,,0.0000,1.186447,0.000000
26,63,0,,,,,,0.0000,1.147585,0.000000
26,64,0,,,,,,0.0000,1.099696,0.000000
26,65,0,,,,,,0.0000,1.070735,0.000000
26,66,0,,,,,,0.0000,1.143086,0.000000
26,67,0,,,,,,0.0000,1.183796,0.000000
26,68,0,,,,,,0.0000,1.132075,0.000000
26,69,0,,,,,,0.0000,1.110994,0.000000
26,70,0,,,,,,0.0000,1.175738,0.000000
26,71,0,,,,,,0.0000,1.164832,0.000000
26,72,0,,,,,,0.0000,1.104399,0.000000
26,73,0,,,,,,0.0000,1.114592,0.000000
26,74,0,,,,,,0.0000,1.168579,0.000000
26,75,0,,,,,,0.0000,1.185344,0.000000
26,76,0,,,,,,0.0000,1.134074,0.000000
26,77,0,,,,,,0.0000,1.089887,0.000000
26,78,0,,,,,,0.0000,1.104637,0.000000
26,79,0,,,,,,0.0000,1.147814,0.000000
26,80,0,,,,,,0.0000,1.176454,0.000000
26,81,0,,,,,,0.0000,1.088608,0.000000
26,82,0,,,,,,0.0000,1.078949,0.000000
26,83,0,,,,,,0.0000,1.141602,0.000000
26,84,0,,,,,,0.0000,1.151350,0.000000
26,85,0,,,,,,0.0000,1.130124,0.000000
26,86,0,,,,,,0.0000,1.061807,0.000000
26,87,0,,,,,,0.0000,1.125209,0.000000
26,88,0,,,,,,0.0000,1.168498,0.000000
26,89,0,,,,,,0.0000,1.127925,0.000000
26,90,0,,,,,,0.0000,1.113271,0.000000
26,91,0,,,,,,0.0000,1.094340,0.000000
26,92,0,,,,,,0.0000,1.123510,0.000000
26,93,0,,,,,,0.0000,1.142666,0.000000
26,94,0,,,,,,0.0000,1.134425,0.000000
26,95,0,,,,,,0.0000,1.115226,0.000000
26,96,0,,,,,,0.0000,1.105692,0.000000
26,97,0,,,,,,0.0000,1.145386,0.000000
26,98,0,,,,,,0.0000,1.135925,0.000000
26,99,0,,,,,,0.0000,1.128690,0.000000
26,100,0,,,,,,0.0000,1.131567,0.000000
26,101,0,,,,,,0.0000,1.149396,0.000000
26,102,0,,,,,,0.0000,1.114963,0.000000
26,103,0,,,,,,0.0000,1.099350,0.000000
26,104,0,,,,,,0.0000,1.118078,0.000000
26,105,0,,,,,,0.0000,1.158750,0.000000
26,106,0,,,,,,0.0000,1.103650,0.000000
26,107,0,,,,,,0.0000,1.107931,0.000000
26,108,0,,,,,,0.0000,1.160977,0.000000
26,109,0,,,,,,0.0000,1.138841,0.000000
26,110,0,,,,,,0.0000,1.131281,0.000000
26,111,0,,,,,,0.0000,1.136191,0.000000
26,112,0,,,,,,0.0000,1.138333,0.000000
26,113,0,,,,,,0.0000,1.159739,0.000000
26,114,0,,,,,,0.0000,1.103419,0.000000
26,115,0,,,,,,0.0000,1.087540,0.000000
26,116,0,,,,,,0.0000,1.127096,0.000000
26,117,0,,,,,,0.0000,1.137189,0.000000
26,118,0,,,,,,0.0000,1.132041,0.000000
26,119,0,,,,,,0.0000,1.117578,0.000000
26,120,0,,,,,,0.0000,1.132814,0.000000
26,121,0,,,,,,0.0000,1.136526,0.000000
26,122,0,,,,,,0.0000,1.131590,0.000000
26,123,0,,,,,,0.0000,1.128445,0.000000
26,124,0,,,,,,0.0000,1.106460,0.000000
26,125,0,,,,,,0.0000,1.160321,0.000000
26,126,0,,,,,,0.0000,1.148739,0.000000
26,127,0,,,,,,0.0000,1.119462,0.000000
26,128,0,,,,,,0.0000,1.114581,0.000000
26,129,0,,,,,,0.0000,1.124220,0.000000
26,130,0,,,,,,0.0000,1.144623,0.000000
26,131,0,,,,,,0.0000,1.140648,0.000000
26,132,0,,,,,,0.0000,1.101942,0.000000
26,133,0,,,,,,0.0000,1.116418,0.000000
26,134,0,,,,,,0.0000,1.122374,0.000000
26,135,0,,,,,,0.0000,1.138232,0.000000
26,136,0,,,,,,0.0000,1.122002,0.000000
26,137,0,,,,,,0.0000,1.106561,0.000000
26,138,0,,,,,,0.0000,1.095349,0.000000
26,139,0,,,,,,0.0000,1.112418,0.000000
26,140,0,,,,,,0.0000,1.103814,0.000000
26,141,0,,,,,,0.0000,1.116989,0.000000
26,142,0,,,,,,0.0000,1.147731,0.000000
26,143,0,,,,,,0.0000,1.150687,0.000000
26,144,0,,,,,,0.0000,1.127951,0.000000
26,145,0,,,,,,0.0000,1.157316,0.000000
26,146,0,,,,,,0.0000,1.130726,0.000000
26,147,0,,,,,,0.0000,1.094387,0.000000
26,148,0,,,,,,0.0000,1.110220,0.000000
26,149,0,,,,,,0.0000,1.144771,0.000000
26,150,0,,,,,,0.0000,1.150953,0.000000
26,151,0,,,,,,0.0000,1.091594,0.000000
26,152,0,,,,,,0.0000,1.123164,0.000000
26,153,0,,,,,,0.0000,1.156476,0.000000
26,154,0,,,,,,0.0000,1.172273,0.000000
26,155,0,,,,,,0.0000,1.098798,0.000000
26,156,0,,,,,,0.0000,1.117038,0.000000
26,157,0,,,,,,0.0000,1.143805,0.000000
26,158,0,,,,,,0.0000,1.152289,0.000000
26,159,0,,,,,,0.0000,1.115223,0.000000
26,160,0,,,,,,0.0000,1.113161,0.000000
26,161,0,,,,,,0.0000,1.131746,0.000000
26,162,0,,,,,,0.0000,1.130381,0.000000
26,163,0,,,,,,0.0000,1.156358,0.000000
26,164,0,,,,,,0.0000,1.124704,0.000000
26,165,0,,,,,,0.0000,1.093258,0.000000
26,166,0,,,,,,0.0000,1.119271,0.000000
26,167,0,,,,,,0.0000,1.098604,0.000000
26,168,0,,,,,,0.0000,1.101495,0.000000
26,169,0,,,,,,0.0000,1.140797,0.000000
26,170,0,,,,,,0.0000,1.138293,0.000000
26,171,0,,,,,,0.0000,1.150304,0.000000
26,172,0,,,,,,0.0000,1.098009,0.000000
26,173,0,,,,,,0.0000,1.105816,0.000000
26,174,0,,,,,,0.0000,1.126794,0.000000
26,175,0,,,,,,0.0000,1.119816,0.000000
26,176,0,,,,,,0.0000,1.149067,0.000000
26,177,0,,,,,,0.0000,1.111000,0.000000
26,178,0,,,,,,0.0000,1.119193,0.000000
26,179,0,,,,,,0.0000,1.149848,0.000000
26,180,0,,,,,,0.0000,1.152318,0.000000
26,181,0,,,,,,0.0000,1.139652,0.000000
26,182,0,,,,,,0.0000,1.090192,0.000000
26,183,0,,,,,,0.0000,1.113173,0.000000
26,184,0,,,,,,0.0000,1.149124,0.000000
26,185,0,,,,,,0.0000,1.139097,0.000000
26,186,0,,,,,,0.0000,1.126160,0.000000
26,187,0,,,,,,0.0000,1.142780,0.000000
26,188,0,,,,,,0.0000,1.139965,0.000000
26,189,0,,,,,,0.0000,1.155194,0.000000
26,190,0,,,,,,0.0000,1.138763,0.000000
26,191,0,,,,,,0.0000,1.101994,0.000000
26,192,0,,,,,,0.0000,1.141009,0.000000
26,193,0,,,,,,0.0000,1.149818,0.000000
26,194,0,,,,,,0.0000,1.139721,0.000000
26,195,0,,,,,,0.0000,1.123583,0.000000
26,196,0,,,,,,0.0000,1.098932,0.000000
26,197,0,,,,,,0.0000,1.162578,0.000000
26,198,0,,,,,,0.0000,1.138803,0.000000
26,199,0,,,,,,0.0000,1.103335,0.000000
26,200,0,,,,,,0.0000,1.111530,0.000000
26,201,0,,,,,,0.0000,1.152390,0.000000
26,202,0,,,,,,0.0000,1.122419,0.000000
26,203,0,,,,,,0.0000,1.131674,0.000000
26,204,0,,,,,,0.0000,1.147557,0.000000
26,205,0,,,,,,0.0000,1.153503,0.000000
26,206,0,,,,,,0.0000,1.152577,0.000000
26,207,0,,,,,,0.0000,1.078306,0.000000
26,208,0,,,,,,0.0000,1.084447,0.000000
26,209,0,,,,,,0.0000,1.117813,0.000000
26,210,0,,,,,,0.0000,1.158026,0.000000
26,211,0,,,,,,0.0000,1.158467,0.000000
26,212,0,,,,,,0.0000,1.093434,0.000000
26,213,0,,,,,,0.0000,1.100575,0.000000
26,214,0,,,,,,0.0000,1.136179,0.000000
26,215,0,,,,,,0.0000,1.171339,0.000000
26,216,0,,,,,,0.0000,1.125248,0.000000
26,217,0,,,,,,0.0000,1.089200,0.000000
26,218,0,,,,,,0.0000,1.104822,0.000000
26,219,0,,,,,,0.0000,1.155152,0.000000
26,220,0,,,,,,0.0000,1.169458,0.000000
26,221,0,,,,,,0.0000,1.103697,0.000000
26,222,0,,,,,,0.0000,1.083026,0.000000
26,223,0,,,,,,0.0000,1.157679,0.000000
26,224,0,,,,,,0.0000,1.152441,0.000000
26,225,0,,,,,,0.0000,1.095884,0.000000
26,226,0,,,,,,0.0000,1.112977,0.000000
26,227,0,,,,,,0.0000,1.129806,0.000000
26,228,0,,,,,,0.0000,1.136824,0.000000
26,229,0,,,,,,0.0000,1.113880,0.000000
26,230,0,,,,,,0.0000,1.114848,0.000000
26,231,0,,,,,,0.0000,1.154930,0.000000
26,232,0,,,,,,0.0000,1.142336,0.000000
26,233,0,,,,,,0.0000,1.143443,0.000000
26,234,0,,,,,,0.0000,1.101196,0.000000
26,235,0,,,,,,0.0000,1.136555,0.000000
26,236,0,,,,,,0.0000,1.174644,0.000000
26,237,0,,,,,,0.0000,1.142773,0.000000
26,238,0,,,,,,0.0000,1.091636,0.000000
26,239,0,,,,,,0.0000,1.140715,0.000000
26,240,1,0.856768,0.002197,0.351624,0.000000,1.000000,1.0000,1.081823,0.206752
26,241,3,0.286644,0.040415,0.638306,0.452433,0.748958,5.0000,0.887756,0.592471
26,242,6,0.098506,0.049342,0.801045,0.194555,0.494808,11.0000,0.875735,0.799329
26,243,10,0.074340,0.041953,0.869037,0.112146,0.672343,4.0000,0.950158,0.864521
26,244,10,0.074340,0.041953,0.869037,0.112146,0.672343,2.0000,1.064330,0.864521
26,245,11,0.071949,0.043088,0.869660,0.101134,0.715786,4.0000,0.980965,0.865731
26,246,12,0.063105,0.041405,0.876483,0.096781,0.661701,5.0000,0.954352,0.878984
26,247,13,0.061412,0.045041,0.876591,0.037694,0.584302,7.0000,0.968003,0.879195
26,248,14,0.061410,0.051754,0.877530,0.034011,0.554971,8.0000,0.904946,0.881018
26,249,15,0.060650,0.052187,0.878243,0.035449,0.604713,7.0000,0.946901,0.882404
26,250,0,,,,,,0.0000,1.197241,0.000000
26,251,0,,,,,,0.0000,1.249539,0.000000
26,252,0,,,,,,0.0000,1.162782,0.000000
26,253,1,0.846954,0.002246,0.368096,0.000000,1.000000,1.0000,1.092050,0.206118
26,254,3,0.220931,0.084695,0.669347,0.033723,0.030285,6.0000,0.798724,0.431796
26,255,7,0.092958,0.051434,0.811301,0.208486,0.611406,15.0000,0.882949,0.714003
26,256,5,0.106456,0.029739,0.828500,0.212364,0.296603,15.0000,0.985843,0.744348
26,257,8,0.085487,0.055028,0.856815,0.116844,0.409602,11.0000,1.021708,0.800639
26,258,9,0.085487,0.061481,0.860449,0.114068,0.420910,4.0000,1.045943,0.807863
26,259,9,0.084060,0.052448,0.872770,0.119575,0.487068,5.0000,1.065161,0.832358
26,260,1,0.846693,0.024703,0.355537,0.000000,1.000000,1.0000,1.189463,0.156890
26,261,4,0.160156,0.062564,0.726164,0.365466,0.460472,7.0000,0.953215,0.504933
26,262,5,0.151498,0.069726,0.781980,0.253083,0.445329,8.0000,0.873820,0.607063
26,263,6,0.131287,0.063722,0.809216,0.238994,0.481770,7.0000,0.915859,0.662515
26,264,7,0.114767,0.067546,0.832709,0.269625,0.526314,5.0000,0.979289,0.710349
26,265,8,0.108268,0.068777,0.852172,0.138097,0.340511,4.0000,0.978364,0.749975
26,266,9,0.096462,0.065020,0.857606,0.114840,0.432450,5.0000,0.997045,0.761039
26,267,9,0.094071,0.062091,0.889307,0.094844,0.428833,11.0000,0.970673,0.825583
26,268,9,0.094071,0.062091,0.889307,0.094844,0.428833,3.0000,1.009860,0.825583
26,269,9,0.074672,0.047409,0.900131,0.082768,0.370773,12.0000,0.991575,0.847621
26,270,2,0.312386,0.021809,0.682697,0.000000,0.098583,2.0000,1.240913,0.427739
26,271,2,0.312386,0.021809,0.682697,0.000000,0.098583,6.0000,1.024422,0.427739
26,272,6,0.220811,0.046803,0.815944,0.097822,0.945765,6.0000,0.821717,0.655783
26,273,7,0.218168,0.043115,0.820964,0.047727,1.012797,13.0000,1.012058,0.666069
26,274,7,0.218167,0.043102,0.821001,0.047880,1.013013,7.0000,1.082163,0.666145
26,275,8,0.136172,0.042092,0.873440,0.121708,0.863605,3.0000,0.973325,0.773592
26,276,9,0.077022,0.039918,0.909187,0.138687,0.689762,3.0000,1.005719,0.846837
26,277,9,0.077022,0.039918,0.909187,0.138687,0.689762,3.0000,1.022093,0.846837
26,278,10,0.071971,0.026285,0.923801,0.128874,0.742701,8.0000,1.006180,0.871353
26,279,11,0.061256,0.027119,0.936603,0.089523,0.721040,13.0000,0.925566,0.897584
26,280,4,0.134845,0.063263,0.797465,0.196405,0.186066,9.0000,1.103297,0.610463
26,281,6,0.133157,0.055727,0.814872,0.274925,0.700501,4.0000,0.988150,0.624527
26,282,7,0.127027,0.070400,0.821630,0.239478,0.777378,6.0000,0.931556,0.638517
26,283,7,0.127027,0.070400,0.821630,0.239478,0.777378,6.0000,0.941458,0.638517
26,284,9,0.117071,0.083256,0.861777,0.093841,0.738775,14.0000,0.957898,0.721623
26,285,11,0.100070,0.078784,0.882872,0.096909,0.727236,8.0000,1.020263,0.765289
26,286,11,0.086771,0.053120,0.899009,0.102162,0.735412,5.0000,1.015121,0.798694
26,287,11,0.086771,0.053120,0.899009,0.102162,0.735412,6.0000,0.959525,0.798694
26,288,12,0.065282,0.042613,0.922881,0.103916,0.689511,10.0000,0.958725,0.848110
26,289,13,0.064173,0.045401,0.923000,0.075350,0.650257,6.0000,0.999573,0.848354
26,290,3,0.225336,0.151653,0.661464,0.293300,0.241887,6.0000,1.245454,0.337290
26,291,6,0.191539,0.159254,0.719244,0.229366,0.514136,7.0000,1.015995,0.403435
26,292,8,0.112759,0.095074,0.832689,0.117797,0.471603,14.0000,0.822024,0.642377
26,293,9,0.101880,0.091923,0.873119,0.104129,0.479078,6.0000,0.929515,0.727532
26,294,9,0.095562,0.080469,0.890583,0.104598,0.544059,7.0000,0.940647,0.764316
26,295,10,0.085896,0.079095,0.895501,0.099060,0.492392,8.0000,1.018543,0.774674
26,296,11,0.076506,0.074936,0.900023,0.046282,0.482267,7.0000,1.014965,0.784200
26,297,11,0.076491,0.074901,0.900213,0.046468,0.482034,7.0000,1.007008,0.784599
26,298,10,0.061046,0.052802,0.917709,0.037516,0.419603,10.0000,0.963862,0.821450
26,299,11,0.057649,0.048723,0.924439,0.055236,0.539882,6.0000,0.968081,0.835625
26,300,2,0.327469,0.068255,0.629325,0.000000,0.084850,3.0000,1.218936,0.261995
26,301,2,0.345341,0.005823,0.707741,0.000000,0.007517,4.0000,1.060418,0.377066
26,302,5,0.147127,0.072897,0.875797,0.037808,0.350193,10.0000,0.886978,0.729034
26,303,7,0.087021,0.051927,0.927931,0.126388,0.257771,10.0000,0.916673,0.838221
26,304,8,0.082145,0.054340,0.930211,0.147978,0.445483,11.0000,0.999797,0.842996
26,305,9,0.077506,0.053029,0.932874,0.137963,0.584867,5.0000,1.002425,0.848573
26,306,11,0.065793,0.053708,0.938359,0.112894,0.664149,7.0000,0.960791,0.860061
26,307,12,0.064002,0.045890,0.945452,0.107063,0.710240,12.0000,0.954338,0.874917
26,308,13,0.062702,0.044129,0.949724,0.103258,0.715665,11.0000,0.980422,0.883863
26,309,13,0.061323,0.049735,0.954161,0.101173,0.629556,11.0000,1.037364,0.893156
26,310,2,0.357548,0.019060,0.688480,0.000000,0.021779,3.0000,1.169796,0.338638
26,311,6,0.150499,0.075232,0.812772,0.245900,0.789252,9.0000,1.022600,0.600427
26,312,7,0.148210,0.087232,0.825725,0.146286,0.643903,9.0000,0.918066,0.627709
26,313,8,0.132637,0.059860,0.873581,0.109414,0.677765,13.0000,0.902808,0.728506
26,314,8,0.132637,0.059860,0.873581,0.109414,0.677765,7.0000,0.965472,0.728506
26,315,9,0.113242,0.061249,0.878591,0.095807,0.580474,4.0000,1.052176,0.739058
26,316,10,0.108843,0.058835,0.882114,0.078769,0.665295,5.0000,1.012913,0.746479
26,317,12,0.088263,0.053205,0.904160,0.072894,0.602792,11.0000,0.935468,0.792912
26,318,15,0.050550,0.053052,0.921969,0.069347,0.568539,10.0000,0.921021,0.830423
26,319,17,0.047487,0.053805,0.926941,0.044365,0.615937,13.0000,0.976091,0.840894
26,320,4,0.276321,0.193190,0.570389,0.427195,0.608908,4.0000,1.302025,0.186521
26,321,7,0.208955,0.165488,0.673348,0.089382,0.682784,6.0000,1.086445,0.397885
26,322,9,0.084413,0.069436,0.838140,0.075857,0.465324,8.0000,0.809148,0.725354
26,323,8,0.066745,0.056777,0.869598,0.071763,0.441891,7.0000,0.887442,0.790472
26,324,11,0.066503,0.066642,0.872540,0.101641,0.636046,12.0000,1.048761,0.790996
26,325,11,0.066490,0.060396,0.878336,0.101777,0.642112,4.0000,1.036868,0.791417
26,326,12,0.061865,0.055263,0.902578,0.071848,0.606702,7.0000,0.937253,0.806082
26,327,12,0.056566,0.052161,0.906321,0.073633,0.607698,5.0000,0.939674,0.813829
26,328,12,0.054674,0.049478,0.909623,0.075994,0.621787,5.0000,0.999227,0.820664
26,329,12,0.054674,0.049478,0.909623,0.075994,0.621787,9.0000,0.982307,0.820664
26,330,3,0.728674,0.022751,0.451002,0.044942,0.938943,4.0000,1.191474,0.303390
26,331,6,0.223491,0.073875,0.669991,0.141979,0.811320,8.0000,0.989751,0.547514
26,332,7,0.085645,0.053994,0.846649,0.173938,0.609820,6.0000,0.865308,0.742823
26,333,9,0.084644,0.049024,0.857387,0.143510,0.796817,11.0000,0.942958,0.749700
26,334,9,0.084644,0.049024,0.857387,0.143510,0.796817,7.0000,1.075691,0.749700
26,335,9,0.078073,0.043842,0.889536,0.176718,0.782320,3.0000,0.931155,0.801145
26,336,10,0.077190,0.043126,0.890664,0.173457,0.862969,7.0000,0.984795,0.803456
26,337,12,0.067967,0.045487,0.905743,0.105399,0.766413,5.0000,1.015513,0.834353
26,338,13,0.066368,0.045628,0.908060,0.058949,0.667168,5.0000,0.989546,0.839100
26,339,13,0.066368,0.045628,0.908060,0.058949,0.667168,9.0000,0.946855,0.839100
26,340,2,0.475891,0.120524,0.429767,0.000000,0.547318,3.0000,1.173466,0.248895
26,341,7,0.192631,0.107065,0.689240,0.097834,0.502415,11.0000,1.005622,0.581021
26,342,8,0.094154,0.030917,0.861321,0.128073,0.703805,15.0000,0.822062,0.801653
26,343,9,0.078929,0.044280,0.873001,0.146515,0.788629,10.0000,0.924374,0.825434
26,344,9,0.062737,0.043448,0.892349,0.116948,0.674959,11.0000,0.996032,0.864827
26,345,9,0.062737,0.043448,0.892349,0.116948,0.674959,5.0000,1.012952,0.864827
26,346,12,0.054678,0.039749,0.920876,0.073897,0.632543,7.0000,0.904606,0.889858
26,347,15,0.046882,0.040545,0.928584,0.059299,0.648017,8.0000,0.914608,0.905551
26,348,15,0.041877,0.035004,0.933864,0.063018,0.687906,5.0000,0.917817,0.916302
26,349,15,0.041877,0.035004,0.933864,0.063018,0.687906,10.0000,1.060797,0.916302
26,350,1,0.784484,0.315648,0.112466,0.000000,1.000000,1.0000,1.209432,0.000000
26,351,5,0.144640,0.083569,0.692012,0.197607,0.663098,12.0000,1.035315,0.599151
26,352,7,0.122009,0.089165,0.722444,0.097854,0.666781,9.0000,0.840629,0.659651
26,353,8,0.121244,0.084306,0.731109,0.108115,0.710297,5.0000,0.907340,0.664941
26,354,9,0.120892,0.082386,0.731908,0.108521,0.792920,7.0000,1.061521,0.666530
26,355,10,0.103065,0.077420,0.817879,0.104348,0.622760,8.0000,1.001765,0.723233
26,356,11,0.102278,0.084683,0.823386,0.065111,0.515207,10.0000,0.940764,0.734181
26,357,12,0.099171,0.081413,0.834177,0.061750,0.550822,6.0000,0.926243,0.755633
26,358,12,0.099171,0.081413,0.834177,0.061750,0.550822,9.0000,0.978819,0.755633
26,359,12,0.099171,0.081413,0.834177,0.061750,0.550822,1.0000,1.034845,0.755633
26,360,1,0.851157,0.044090,0.299339,0.000000,1.000000,2.0000,1.150452,0.129753
26,361,4,0.243504,0.175198,0.542933,0.340404,0.551111,6.0000,1.035804,0.365050
26,362,6,0.156941,0.135894,0.696200,0.224584,0.550196,6.0000,0.890747,0.623367
26,363,7,0.154855,0.114487,0.704695,0.225806,0.677974,5.0000,0.976155,0.639869
26,364,10,0.150058,0.115054,0.712566,0.119882,0.678139,5.0000,1.040907,0.655157
26,365,9,0.113770,0.083181,0.735302,0.118896,0.562397,5.0000,1.047680,0.687266
26,366,11,0.092578,0.083847,0.774763,0.073914,0.541393,7.0000,0.927459,0.733693
26,367,9,0.076938,0.067875,0.805617,0.090200,0.432286,6.0000,0.916853,0.777269
26,368,9,0.076938,0.067875,0.805617,0.090200,0.432286,4.0000,1.033484,0.777269
26,369,9,0.076938,0.066318,0.806262,0.090132,0.434340,4.0000,0.984808,0.778522
26,370,1,0.775629,0.285690,0.122829,0.000000,1.000000,1.0000,1.174294,0.000000
26,371,3,0.189872,0.057867,0.628205,0.010305,0.325472,5.0000,1.018789,0.593770
26,372,6,0.173780,0.129842,0.653759,0.050938,0.333390,8.0000,0.864548,0.619009
26,373,7,0.167731,0.110983,0.663616,0.143311,0.561190,3.0000,0.887891,0.638001
26,374,7,0.113945,0.081041,0.713879,0.057868,0.364596,4.0000,1.005208,0.714320
26,375,8,0.086644,0.062471,0.746114,0.056879,0.333525,6.0000,0.982805,0.763410
26,376,7,0.079437,0.049849,0.811122,0.134863,0.435263,7.0000,0.967710,0.855836
26,377,8,0.076932,0.050598,0.812439,0.122744,0.505227,4.0000,0.917703,0.858375
26,378,8,0.076932,0.050598,0.812439,0.122744,0.505227,3.0000,0.957790,0.858375
26,379,9,0.072594,0.062187,0.832364,0.130789,0.548712,4.0000,0.998130,0.874799
26,380,0,,,,,,0.0000,1.239664,0.000000
26,381,0,,,,,,0.0000,1.269743,0.000000
26,382,0,,,,,,0.0000,1.153761,0.000000
26,383,0,,,,,,0.0000,1.073576,0.000000
26,384,0,,,,,,0.0000,1.150708,0.000000
26,385,0,,,,,,0.0000,1.138114,0.000000
26,386,0,,,,,,0.0000,1.140853,0.000000
26,387,0,,,,,,0.0000,1.172851,0.000000
26,388,0,,,,,,0.0000,1.106264,0.000000
26,389,0,,,,,,0.0000,1.105377,0.000000
26,390,0,,,,,,0.0000,1.126351,0.000000
26,391,0,,,,,,0.0000,1.102316,0.000000
26,392,0,,,,,,0.0000,1.129028,0.000000
26,393,0,,,,,,0.0000,1.139682,0.000000
26,394,0,,,,,,0.0000,1.085422,0.000000
26,395,0,,,,,,0.0000,1.097166,0.000000
26,396,0,,,,,,0.0000,1.136285,0.000000
26,397,0,,,,,,0.0000,1.118342,0.000000
26,398,0,,,,,,0.0000,1.154751,0.000000
26,399,0,,,,,,0.0000,1.160080,0.000000
26,400,0,,,,,,0.0000,1.125673,0.000000
26,401,0,,,,,,0.0000,1.105987,0.000000
26,402,0,,,,,,0.0000,1.145670,0.000000
26,403,0,,,,,,0.0000,1.151893,0.000000
26,404,0,,,,,,0.0000,1.131984,0.000000
26,405,0,,,,,,0.0000,1.113955,0.000000
26,406,0,,,,,,0.0000,1.078545,0.000000
26,407,0,,,,,,0.0000,1.125957,0.000000
26,408,0,,,,,,0.0000,1.160848,0.000000
26,409,0,,,,,,0.0000,1.137382,0.000000
26,410,0,,,,,,0.0000,1.083934,0.000000
26,411,0,,,,,,0.0000,1.098731,0.000000
26,412,0,,,,,,0.0000,1.147598,0.000000
26,413,0,,,,,,0.0000,1.147330,0.000000
26,414,0,,,,,,0.0000,1.114599,0.000000
26,415,0,,,,,,0.0000,1.129803,0.000000
26,416,0,,,,,,0.0000,1.130278,0.000000
26,417,0,,,,,,0.0000,1.109889,0.000000
26,418,0,,,,,,0.0000,1.105855,0.000000
26,419,0,,,,,,0.0000,1.152965,0.000000
26,420,0,,,,,,0.0000,1.164187,0.000000
26,421,0,,,,,,0.0000,1.106824,0.000000
26,422,0,,,,,,0.0000,1.062729,0.000000
26,423,0,,,,,,0.0000,1.100905,0.000000
26,424,0,,,,,,0.0000,1.173754,0.000000
26,425,0,,,,,,0.0000,1.141602,0.000000
26,426,0,,,,,,0.0000,1.119533,0.000000
26,427,0,,,,,,0.0000,1.111208,0.000000
26,428,0,,,,,,0.0000,1.119667,0.000000
26,429,0,,,,,,0.0000,1.142756,0.000000
26,430,0,,,,,,0.0000,1.138665,0.000000
26,431,0,,,,,,0.0000,1.094834,0.000000
26,432,0,,,,,,0.0000,1.119831,0.000000
26,433,0,,,,,,0.0000,1.135459,0.000000
26,434,0,,,,,,0.0000,1.152182,0.000000
26,435,0,,,,,,0.0000,1.114423,0.000000
26,436,0,,,,,,0.0000,1.141722,0.000000
26,437,0,,,,,,0.0000,1.176164,0.000000
26,438,0,,,,,,0.0000,1.142908,0.000000
26,439,0,,,,,,0.0000,1.137801,0.000000
26,440,0,,,,,,0.0000,1.140847,0.000000
26,441,0,,,,,,0.0000,1.100856,0.000000
26,442,0,,,,,,0.0000,1.104133,0.000000
26,443,0,,,,,,0.0000,1.126545,0.000000
26,444,0,,,,,,0.0000,1.125963,0.000000
26,445,0,,,,,,0.0000,1.161023,0.000000
26,446,0,,,,,,0.0000,1.156301,0.000000
26,447,0,,,,,,0.0000,1.108932,0.000000
26,448,0,,,,,,0.0000,1.108508,0.000000
26,449,0,,,,,,0.0000,1.136560,0.000000
26,450,0,,,,,,0.0000,1.135355,0.000000
26,451,0,,,,,,0.0000,1.121146,0.000000
26,452,0,,,,,,0.0000,1.130512,0.000000
26,453,0,,,,,,0.0000,1.141864,0.000000
26,454,0,,,,,,0.0000,1.122453,0.000000
26,455,0,,,,,,0.0000,1.118519,0.000000
26,456,0,,,,,,0.0000,1.102862,0.000000
26,457,0,,,,,,0.0000,1.087718,0.000000
26,458,0,,,,,,0.0000,1.178928,0.000000
26,459,0,,,,,,0.0000,1.194529,0.000000
26,460,0,,,,,,0.0000,1.114450,0.000000
26,461,0,,,,,,0.0000,1.056642,0.000000
26,462,0,,,,,,0.0000,1.147539,0.000000
26,463,0,,,,,,0.0000,1.154444,0.000000
26,464,0,,,,,,0.0000,1.104796,0.000000
26,465,0,,,,,,0.0000,1.080990,0.000000
26,466,0,,,,,,0.0000,1.114020,0.000000
26,467,0,,,,,,0.0000,1.171017,0.000000
26,468,0,,,,,,0.0000,1.147433,0.000000
26,469,0,,,,,,0.0000,1.089214,0.000000
26,470,0,,,,,,0.0000,1.110599,0.000000
26,471,0,,,,,,0.0000,1.118752,0.000000
26,472,0,,,,,,0.0000,1.148910,0.000000
26,473,0,,,,,,0.0000,1.120553,0.000000
26,474,0,,,,,,0.0000,1.110841,0.000000
26,475,0,,,,,,0.0000,1.108669,0.000000
26,476,0,,,,,,0.0000,1.138022,0.000000
26,477,0,,,,,,0.0000,1.162085,0.000000
26,478,0,,,,,,0.0000,1.121552,0.000000
26,479,0,,,,,,0.0000,1.141912,0.000000
26,480,0,,,,,,0.0000,1.116047,0.000000
26,481,0,,,,,,0.0000,1.132559,0.000000
26,482,0,,,,,,0.0000,1.145193,0.000000
26,483,0,,,,,,0.0000,1.136382,0.000000
26,484,0,,,,,,0.0000,1.119861,0.000000
26,485,0,,,,,,0.0000,1.144107,0.000000
26,486,0,,,,,,0.0000,1.168851,0.000000
26,487,0,,,,,,0.0000,1.092822,0.000000
26,488,0,,,,,,0.0000,1.108678,0.000000
26,489,0,,,,,,0.0000,1.146269,0.000000
26,490,0,,,,,,0.0000,1.199288,0.000000
26,491,0,,,,,,0.0000,1.145957,0.000000
26,492,0,,,,,,0.0000,1.104474,0.000000
26,493,0,,,,,,0.0000,1.141794,0.000000
26,494,0,,,,,,0.0000,1.155376,0.000000
26,495,0,,,,,,0.0000,1.116826,0.000000
26,496,0,,,,,,0.0000,1.091688,0.000000
26,497,0,,,,,,0.0000,1.122667,0.000000
26,498,0,,,,,,0.0000,1.159537,0.000000
26,499,0,,,,,,0.0000,1.130437,0.000000
26,500,0,,,,,,0.0000,1.125031,0.000000
26,501,0,,,,,,0.0000,1.106980,0.000000
26,502,0,,,,,,0.0000,1.111459,0.000000
26,503,0,,,,,,0.0000,1.131576,0.000000
26,504,0,,,,,,0.0000,1.120661,0.000000
26,505,0,,,,,,0.0000,1.147545,0.000000
26,506,0,,,,,,0.0000,1.118295,0.000000
26,507,0,,,,,,0.0000,1.088217,0.000000
26,508,0,,,,,,0.0000,1.087414,0.000000
26,509,0,,,,,,0.0000,1.158758,0.000000
26,510,0,,,,,,0.0000,1.124832,0.000000
26,511,0,,,,,,0.0000,1.128018,0.000000
26,512,0,,,,,,0.0000,1.167143,0.000000
26,513,0,,,,,,0.0000,1.132288,0.000000
26,514,0,,,,,,0.0000,1.120779,0.000000
26,515,0,,,,,,0.0000,1.136062,0.000000
26,516,0,,,,,,0.0000,1.093058,0.000000
26,517,0,,,,,,0.0000,1.135072,0.000000
26,518,0,,,,,,0.0000,1.201857,0.000000
26,519,0,,,,,,0.0000,1.148745,0.000000
26,520,0,,,,,,0.0000,1.085338,0.000000
26,521,0,,,,,,0.0000,1.105079,0.000000
26,522,0,,,,,,0.0000,1.178137,0.000000
26,523,0,,,,,,0.0000,1.157881,0.000000
26,524,0,,,,,,0.0000,1.119471,0.000000
26,525,0,,,,,,0.0000,1.123706,0.000000
26,526,0,,,,,,0.0000,1.168003,0.000000
26,527,0,,,,,,0.0000,1.154428,0.000000
26,528,0,,,,,,0.0000,1.102379,0.000000
26,529,0,,,,,,0.0000,1.116929,0.000000
26,530,0,,,,,,0.0000,1.147438,0.000000
26,531,0,,,,,,0.0000,1.138410,0.000000
26,532,0,,,,,,0.0000,1.074860,0.000000
26,533,0,,,,,,0.0000,1.087484,0.000000
26,534,0,,,,,,0.0000,1.122263,0.000000
26,535,0,,,,,,0.0000,1.181840,0.000000
26,536,0,,,,,,0.0000,1.170484,0.000000
26,537,0,,,,,,0.0000,1.108064,0.000000
26,538,0,,,,,,0.0000,1.069882,0.000000
26,539,0,,,,,,0.0000,1.117231,0.000000
26,540,0,,,,,,0.0000,1.190369,0.000000
26,541,0,,,,,,0.0000,1.126002,0.000000
26,542,0,,,,,,0.0000,1.103240,0.000000
26,543,0,,,,,,0.0000,1.088647,0.000000
26,544,0,,,,,,0.0000,1.103114,0.000000
26,545,0,,,,,,0.0000,1.106190,0.000000
26,546,0,,,,,,0.0000,1.152047,0.000000
26,547,0,,,,,,0.0000,1.122307,0.000000
26,548,0,,,,,,0.0000,1.116391,0.000000
26,549,0,,,,,,0.0000,1.124054,0.000000
26,550,0,,,,,,0.0000,1.143062,0.000000
26,551,0,,,,,,0.0000,1.138203,0.000000
26,552,0,,,,,,0.0000,1.117912,0.000000
26,553,0,,,,,,0.0000,1.123089,0.000000
26,554,0,,,,,,0.0000,1.130282,0.000000
26,555,0,,,,,,0.0000,1.134138,0.000000
26,556,0,,,,,,0.0000,1.117146,0.000000
26,557,0,,,,,,0.0000,1.081873,0.000000
26,558,0,,,,,,0.0000,1.146990,0.000000
26,559,0,,,,,,0.0000,1.146229,0.000000
26,560,0,,,,,,0.0000,1.146547,0.000000
26,561,0,,,,,,0.0000,1.148716,0.000000
26,562,0,,,,,,0.0000,1.092161,0.000000
26,563,0,,,,,,0.0000,1.102463,0.000000
26,564,0,,,,,,0.0000,1.150981,0.000000
26,565,0,,,,,,0.0000,1.134560,0.000000
26,566,0,,,,,,0.0000,1.102198,0.000000
26,567,0,,,,,,0.0000,1.114440,0.000000
26,568,0,,,,,,0.0000,1.158022,0.000000
26,569,0,,,,,,0.0000,1.133498,0.000000
26,570,0,,,,,,0.0000,1.077045,0.000000
26,571,0,,,,,,0.0000,1.126325,0.000000
26,572,0,,,,,,0.0000,1.182703,0.000000
26,573,0,,,,,,0.0000,1.141380,0.000000
26,574,0,,,,,,0.0000,1.138319,0.000000
26,575,0,,,,,,0.0000,1.121293,0.000000
26,576,0,,,,,,0.0000,1.138443,0.000000
26,577,0,,,,,,0.0000,1.164770,0.000000
26,578,0,,,,,,0.0000,1.129986,0.000000
26,579,0,,,,,,0.0000,1.117135,0.000000
26,580,0,,,,,,0.0000,1.132958,0.000000
26,581,0,,,,,,0.0000,1.157013,0.000000
26,582,0,,,,,,0.0000,1.130754,0.000000
26,583,0,,,,,,0.0000,1.084008,0.000000
26,584,0,,,,,,0.0000,1.092532,0.000000
26,585,0,,,,,,0.0000,1.198089,0.000000
26,586,0,,,,,,0.0000,1.173565,0.000000
26,587,0,,,,,,0.0000,1.094669,0.000000
26,588,0,,,,,,0.0000,1.060980,0.000000
26,589,0,,,,,,0.0000,1.146513,0.000000
26,590,0,,,,,,0.0000,1.200758,0.000000
26,591,0,,,,,,0.0000,1.165943,0.000000
26,592,0,,,,,,0.0000,1.097697,0.000000
26,593,0,,,,,,0.0000,1.123412,0.000000
26,594,0,,,,,,0.0000,1.150877,0.000000
26,595,0,,,,,,0.0000,1.138168,0.000000
26,596,0,,,,,,0.0000,1.099383,0.000000
26,597,0,,,,,,0.0000,1.131403,0.000000
26,598,0,,,,,,0.0000,1.157928,0.000000
26,599,0,,,,,,0.0000,1.121549,0.000000
26,600,0,,,,,,0.0000,1.099582,0.000000
26,601,0,,,,,,0.0000,1.119120,0.000000
26,602,0,,,,,,0.0000,1.154382,0.000000
26,603,0,,,,,,0.0000,1.160467,0.000000
26,604,0,,,,,,0.0000,1.101366,0.000000
26,605,0,,,,,,0.0000,1.083954,0.000000
26,606,0,,,,,,0.0000,1.141971,0.000000
26,607,0,,,,,,0.0000,1.161370,0.000000
26,608,0,,,,,,0.0000,1.158019,0.000000
26,609,0,,,,,,0.0000,1.138821,0.000000
26,610,0,,,,,,0.0000,1.082226,0.000000
26,611,0,,,,,,0.0000,1.114403,0.000000
26,612,0,,,,,,0.0000,1.150108,0.000000
26,613,0,,,,,,0.0000,1.158019,0.000000
26,614,0,,,,,,0.0000,1.134066,0.000000
26,615,0,,,,,,0.0000,1.091195,0.000000
26,616,0,,,,,,0.0000,1.075967,0.000000
26,617,0,,,,,,0.0000,1.161494,0.000000
26,618,0,,,,,,0.0000,1.168896,0.000000
26,619,0,,,,,,0.0000,1.141075,0.000000
26,620,0,,,,,,0.0000,1.107907,0.000000
26,621,0,,,,,,0.0000,1.117826,0.000000
26,622,0,,,,,,0.0000,1.155662,0.000000
26,623,0,,,,,,0.0000,1.176564,0.000000
26,624,0,,,,,,0.0000,1.111296,0.000000
26,625,0,,,,,,0.0000,1.110582,0.000000
26,626,0,,,,,,0.0000,1.137983,0.000000
26,627,0,,,,,,0.0000,1.147205,0.000000
26,628,0,,,,,,0.0000,1.133119,0.000000
26,629,0,,,,,,0.0000,1.099004,0.000000
26,630,0,,,,,,0.0000,1.112572,0.000000
26,631,0,,,,,,0.0000,1.145993,0.000000
26,632,0,,,,,,0.0000,1.159868,0.000000
26,633,0,,,,,,0.0000,1.135676,0.000000
26,634,0,,,,,,0.0000,1.097349,0.000000
26,635,0,,,,,,0.0000,1.102262,0.000000
26,636,0,,,,,,0.0000,1.144262,0.000000
26,637,0,,,,,,0.0000,1.170898,0.000000
26,638,0,,,,,,0.0000,1.112894,0.000000
26,639,0,,,,,,0.0000,1.119962,0.000000
26,640,0,,,,,,0.0000,1.133798,0.000000
26,641,2,0.387954,0.001802,0.634059,0.000000,0.001963,2.0000,1.154032,0.408093
26,642,4,0.175097,0.057537,0.759821,0.248861,0.369556,8.0000,0.881386,0.652377
26,643,7,0.114533,0.075354,0.815720,0.190711,0.544394,9.0000,0.847143,0.760957
26,644,8,0.096496,0.076172,0.819347,0.177541,0.482808,2.0000,1.000722,0.768002
26,645,8,0.096353,0.062863,0.830893,0.171177,0.480602,6.0000,1.020604,0.790429
26,646,9,0.096353,0.065198,0.832960,0.128579,0.515134,8.0000,1.060665,0.794444
26,647,11,0.079416,0.073642,0.838617,0.068269,0.399232,4.0000,0.968180,0.805433
26,648,11,0.079416,0.073642,0.838617,0.068269,0.399232,3.0000,0.938925,0.805433
26,649,12,0.077290,0.074444,0.840365,0.078534,0.463000,5.0000,0.975522,0.808829
26,650,3,0.406834,0.248925,0.422237,0.184042,0.700735,3.0000,1.209261,0.369392
26,651,4,0.253552,0.103884,0.608269,0.488211,0.857104,6.0000,1.107590,0.492674
26,652,5,0.223523,0.099338,0.638836,0.167211,0.631702,8.0000,0.940146,0.553440
26,653,6,0.118173,0.072118,0.771457,0.188252,0.610003,7.0000,0.889315,0.667559
26,654,6,0.118173,0.072118,0.771457,0.188252,0.610003,4.0000,1.037150,0.667559
26,655,7,0.114144,0.059028,0.825154,0.163221,0.623693,6.0000,1.010054,0.742020
26,656,10,0.094872,0.074199,0.843639,0.060109,0.567468,6.0000,0.923115,0.778769
26,657,9,0.082519,0.055881,0.867687,0.094767,0.539479,4.0000,0.895849,0.826577
26,658,9,0.082519,0.055881,0.867687,0.094767,0.539479,7.0000,1.022079,0.826577
26,659,12,0.070944,0.049935,0.873415,0.105230,0.687554,10.0000,1.039296,0.837965
26,660,3,0.304603,0.066635,0.630980,0.865739,0.748853,4.0000,1.203119,0.322833
26,661,6,0.113318,0.059079,0.811035,0.149168,0.429324,6.0000,1.068064,0.666220
26,662,6,0.104649,0.054916,0.822549,0.123855,0.419000,7.0000,0.897282,0.689662
26,663,6,0.104649,0.054916,0.822549,0.123855,0.419000,8.0000,0.968228,0.689662
26,664,6,0.153255,0.038460,0.836006,0.168174,0.735571,6.0000,1.054566,0.717060
26,665,9,0.141969,0.045238,0.854494,0.076048,0.953781,10.0000,1.099922,0.754703
26,666,9,0.141168,0.042970,0.879258,0.053205,0.880120,6.0000,0.963606,0.805124
26,667,12,0.071578,0.051450,0.894261,0.069454,0.713857,7.0000,0.892481,0.835670
26,668,12,0.071578,0.051450,0.894261,0.069454,0.713857,5.0000,0.950502,0.835670
26,669,15,0.065402,0.047057,0.902720,0.044480,0.745519,11.0000,1.038356,0.852891
26,670,4,0.145431,0.057863,0.812427,0.246314,0.429277,5.0000,1.225727,0.683086
26,671,5,0.133737,0.059181,0.826876,0.228404,0.603414,3.0000,0.945921,0.712693
26,672,7,0.118624,0.062086,0.875358,0.094045,0.446326,8.0000,0.837135,0.774010
26,673,9,0.118022,0.060461,0.877070,0.109273,0.666566,9.0000,0.933886,0.777518
26,674,9,0.117603,0.053010,0.881624,0.108877,0.653131,6.0000,1.108550,0.786849
26,675,9,0.117603,0.053010,0.881624,0.108877,0.653131,5.0000,1.066848,0.786849
26,676,9,0.117603,0.053010,0.881624,0.108877,0.653131,2.0000,0.934299,0.786849
26,677,9,0.117603,0.053010,0.881624,0.108877,0.653131,7.0000,0.927311,0.786849
26,678,13,0.109076,0.047321,0.899370,0.065626,0.804058,13.0000,0.945075,0.821294
26,679,12,0.109076,0.047925,0.899427,0.067346,0.774870,7.0000,0.973025,0.821411
26,680,1,0.767535,0.165589,0.259407,0.000000,1.000000,1.0000,1.186449,0.033504
26,681,5,0.162887,0.112321,0.682286,0.090413,0.269700,6.0000,1.051585,0.436130
26,682,6,0.128002,0.079321,0.786716,0.107480,0.236704,7.0000,0.880402,0.566800
26,683,6,0.140900,0.062077,0.851159,0.056239,0.373508,8.0000,0.947778,0.700199
26,684,7,0.137567,0.057577,0.855714,0.104516,0.532594,8.0000,1.041130,0.709628
26,685,8,0.136798,0.056169,0.856142,0.127896,0.664682,6.0000,0.963575,0.710514
26,686,9,0.135618,0.051170,0.866073,0.140850,0.764408,9.0000,0.936632,0.731072
26,687,11,0.133885,0.063583,0.875444,0.066545,0.715612,8.0000,0.956930,0.750469
26,688,13,0.078864,0.059549,0.878323,0.079456,0.624292,5.0000,1.047282,0.755874
26,689,15,0.076523,0.063009,0.896097,0.078548,0.620621,9.0000,1.006624,0.792665
26,690,1,0.843516,0.037772,0.362444,0.000000,1.000000,1.0000,1.184571,0.126194
26,691,4,0.181707,0.093555,0.759991,0.444461,0.621739,7.0000,0.953569,0.551594
26,692,7,0.095919,0.061300,0.870414,0.082971,0.322956,9.0000,0.936425,0.721835
26,693,7,0.094548,0.058787,0.874693,0.088548,0.338396,8.0000,1.005340,0.730848
26,694,8,0.089889,0.064395,0.880685,0.093799,0.470847,6.0000,1.009269,0.743468
26,695,8,0.089089,0.053568,0.886477,0.119049,0.504099,6.0000,0.928993,0.755668
26,696,9,0.079974,0.049689,0.910587,0.082540,0.559009,8.0000,0.919392,0.806450
26,697,11,0.079427,0.048568,0.913175,0.093979,0.704449,6.0000,0.992698,0.811900
26,698,12,0.079427,0.051120,0.913354,0.088256,0.758676,6.0000,0.977790,0.812278
26,699,12,0.079427,0.051120,0.913354,0.088256,0.758676,4.0000,0.963876,0.812278
26,700,2,0.291686,0.013152,0.746413,0.000000,0.139448,4.0000,1.169501,0.522948
26,701,5,0.146424,0.042890,0.846211,0.387671,0.607738,8.0000,1.026669,0.667071
26,702,7,0.115386,0.043861,0.921185,0.089343,0.515385,7.0000,0.860125,0.824093
26,703,8,0.065440,0.038823,0.942586,0.074860,0.465789,8.0000,0.943542,0.868915
26,704,9,0.058819,0.037215,0.948710,0.086362,0.486589,8.0000,0.994029,0.881740
26,705,9,0.058819,0.037215,0.948710,0.086362,0.486589,3.0000,1.024245,0.881740
26,706,10,0.058799,0.039450,0.949748,0.097191,0.587776,8.0000,0.995592,0.883914
26,707,10,0.058569,0.039354,0.950377,0.096071,0.585471,10.0000,0.960937,0.885231
26,708,11,0.054599,0.038948,0.951216,0.075202,0.616970,5.0000,0.947514,0.886989
26,709,12,0.054351,0.038193,0.952218,0.081978,0.674548,8.0000,1.006630,0.889088
26,710,2,0.308330,0.061345,0.589381,0.000000,0.366060,2.0000,1.211959,0.368843
26,711,5,0.167021,0.054978,0.808999,0.240982,0.728984,9.0000,1.067196,0.592479
26,712,9,0.113625,0.062322,0.874038,0.205575,0.815501,12.0000,0.890183,0.729467
26,713,9,0.096915,0.047067,0.886762,0.186951,0.596564,7.0000,0.911471,0.756269
26,714,10,0.064293,0.044021,0.915891,0.053083,0.554906,6.0000,1.065890,0.817620
26,715,10,0.064293,0.044021,0.915891,0.053083,0.554906,8.0000,1.075248,0.817620
26,716,13,0.062201,0.041952,0.942417,0.038698,0.591560,9.0000,0.983025,0.873492
26,717,14,0.061332,0.039660,0.946673,0.043552,0.538264,11.0000,0.949377,0.882456
26,718,14,0.061332,0.039660,0.946673,0.043552,0.538264,6.0000,0.990250,0.882456
26,719,14,0.061332,0.039660,0.946673,0.043552,0.538264,5.0000,1.056742,0.882456
26,720,1,0.808493,0.134108,0.256595,0.000000,1.000000,1.0000,1.203599,0.005727
26,721,5,0.216005,0.164028,0.645856,0.114760,0.667908,9.0000,0.980829,0.408385
26,722,5,0.140893,0.067608,0.811989,0.077720,0.394839,8.0000,0.837428,0.618561
26,723,6,0.105081,0.066961,0.860511,0.068971,0.219733,6.0000,0.923300,0.719002
26,724,8,0.094755,0.059243,0.874840,0.118612,0.504726,9.0000,0.964689,0.748664
26,725,9,0.090732,0.062608,0.876517,0.099820,0.393743,7.0000,0.976454,0.752135
26,726,11,0.089303,0.076391,0.878417,0.100874,0.535959,7.0000,0.999198,0.756068
26,727,9,0.069634,0.048741,0.908117,0.112280,0.482520,6.0000,0.956362,0.817546
26,728,11,0.065678,0.046782,0.912001,0.085128,0.573600,8.0000,0.944227,0.825586
26,729,12,0.064886,0.045575,0.912790,0.084333,0.645218,10.0000,0.963236,0.827221
26,730,3,0.263882,0.089104,0.710010,0.743451,0.661410,3.0000,1.207363,0.458838
26,731,3,0.263882,0.089104,0.710010,0.743451,0.661410,5.0000,1.022458,0.458838
26,732,6,0.154635,0.115399,0.768165,0.232455,0.541343,4.0000,0.923008,0.552455
26,733,6,0.144433,0.067946,0.832901,0.164252,0.574041,5.0000,0.952793,0.685099
26,734,7,0.142765,0.062961,0.836373,0.175520,0.696987,7.0000,1.025960,0.692213
26,735,8,0.140881,0.030430,0.867202,0.188931,0.890994,10.0000,0.974543,0.755382
26,736,9,0.139770,0.029095,0.869980,0.179040,0.966060,10.0000,0.850675,0.761074
26,737,13,0.105023,0.048689,0.896874,0.058772,0.794153,8.0000,0.910787,0.816179
26,738,13,0.082932,0.041590,0.912453,0.069567,0.718164,14.0000,1.063973,0.848100
26,739,13,0.082932,0.041590,0.912453,0.069567,0.718164,5.0000,0.997020,0.848100
26,740,2,0.458834,0.004895,0.577623,0.000000,0.628279,4.0000,1.102312,0.498213
26,741,5,0.167198,0.116026,0.748032,0.212107,0.417976,4.0000,1.022253,0.618801
26,742,7,0.108104,0.065088,0.843411,0.144079,0.390235,8.0000,0.869154,0.732138
26,743,11,0.085672,0.070281,0.878896,0.086044,0.489573,15.0000,0.920799,0.804385
26,744,11,0.085452,0.070258,0.879738,0.085264,0.487646,5.0000,1.090013,0.806101
26,745,11,0.085452,0.070258,0.879738,0.085264,0.487646,4.0000,0.957680,0.806101
26,746,12,0.074294,0.067353,0.888567,0.082418,0.419786,4.0000,0.916418,0.824075
26,747,13,0.070145,0.063779,0.896900,0.057310,0.408973,8.0000,1.012368,0.841042
26,748,13,0.058136,0.039497,0.920926,0.081231,0.475911,8.0000,0.963909,0.889960
26,749,12,0.056645,0.034511,0.925222,0.083193,0.467538,7.0000,0.957878,0.898706
26,750,1,0.844419,0.002825,0.374057,0.000000,1.000000,1.0000,1.139767,0.217009
26,751,2,0.317251,0.079452,0.609765,0.000000,0.141708,2.0000,1.042440,0.387107
26,752,5,0.139917,0.056991,0.803920,0.129041,0.577174,8.0000,0.837692,0.767453
26,753,5,0.138577,0.037492,0.809092,0.184339,0.628740,3.0000,0.908736,0.777734
26,754,5,0.138577,0.037492,0.809092,0.184339,0.628740,6.0000,1.046756,0.777734
26,755,6,0.137045,0.033689,0.817448,0.181903,0.779301,10.0000,1.025508,0.792546
26,756,8,0.092916,0.054397,0.847299,0.063925,0.604902,4.0000,0.955186,0.837100
26,757,9,0.077300,0.054514,0.860310,0.051756,0.591574,8.0000,0.890748,0.852266
26,758,13,0.074267,0.050670,0.863344,0.047778,0.809158,10.0000,0.929016,0.858298
26,759,13,0.065865,0.041334,0.868759,0.037520,0.861355,6.0000,1.045977,0.869063
26,760,0,,,,,,0.0000,1.238490,0.000000
26,761,0,,,,,,0.0000,1.187277,0.000000
26,762,1,0.857233,0.003124,0.350445,0.000000,1.000000,1.0000,1.083964,0.204783
26,763,3,0.251682,0.107553,0.590056,0.453252,0.462598,2.0000,1.016207,0.376727
26,764,7,0.125063,0.086861,0.736321,0.044906,0.568341,14.0000,0.866751,0.654516
26,765,8,0.126031,0.074041,0.760031,0.017648,0.644660,12.0000,0.968783,0.700570
26,766,10,0.088143,0.076758,0.778472,0.033208,0.411134,5.0000,1.030181,0.736393
26,767,12,0.088143,0.080315,0.780041,0.055089,0.407616,4.0000,1.000679,0.739439
26,768,14,0.086556,0.076000,0.782623,0.066718,0.527486,4.0000,0.933831,0.744454
26,769,12,0.082723,0.067303,0.788836,0.064136,0.472018,6.0000,0.931146,0.756523
26,770,0,,,,,,0.0000,1.229048,0.000000
26,771,0,,,,,,0.0000,1.277768,0.000000
26,772,0,,,,,,0.0000,1.082595,0.000000
26,773,0,,,,,,0.0000,1.071015,0.000000
26,774,0,,,,,,0.0000,1.173232,0.000000
26,775,0,,,,,,0.0000,1.194255,0.000000
26,776,0,,,,,,0.0000,1.114615,0.000000
26,777,0,,,,,,0.0000,1.067750,0.000000
26,778,0,,,,,,0.0000,1.121477,0.000000
26,779,0,,,,,,0.0000,1.186022,0.000000
26,780,0,,,,,,0.0000,1.127897,0.000000
26,781,0,,,,,,0.0000,1.090310,0.000000
26,782,0,,,,,,0.0000,1.068266,0.000000
26,783,0,,,,,,0.0000,1.145254,0.000000
26,784,0,,,,,,0.0000,1.159862,0.000000
26,785,0,,,,,,0.0000,1.167199,0.000000
26,786,0,,,,,,0.0000,1.117032,0.000000
26,787,0,,,,,,0.0000,1.119522,0.000000
26,788,0,,,,,,0.0000,1.130499,0.000000
26,789,0,,,,,,0.0000,1.120530,0.000000
26,790,0,,,,,,0.0000,1.132880,0.000000
26,791,0,,,,,,0.0000,1.153008,0.000000
26,792,0,,,,,,0.0000,1.134289,0.000000
26,793,0,,,,,,0.0000,1.112254,0.000000
26,794,0,,,,,,0.0000,1.120724,0.000000
26,795,0,,,,,,0.0000,1.106563,0.000000
26,796,0,,,,,,0.0000,1.115058,0.000000
26,797,0,,,,,,0.0000,1.130708,0.000000
26,798,0,,,,,,0.0000,1.152422,0.000000
26,799,0,,,,,,0.0000,1.170333,0.000000
26,800,0,,,,,,0.0000,1.152140,0.000000
26,801,0,,,,,,0.0000,1.102510,0.000000
26,802,0,,,,,,0.0000,1.116707,0.000000
26,803,0,,,,,,0.0000,1.123792,0.000000
26,804,0,,,,,,0.0000,1.197834,0.000000
26,805,0,,,,,,0.0000,1.145994,0.000000
26,806,0,,,,,,0.0000,1.108398,0.000000
26,807,0,,,,,,0.0000,1.118396,0.000000
26,808,0,,,,,,0.0000,1.118609,0.000000
26,809,0,,,,,,0.0000,1.129917,0.000000
26,810,0,,,,,,0.0000,1.123833,0.000000
26,811,0,,,,,,0.0000,1.192637,0.000000
26,812,0,,,,,,0.0000,1.166359,0.000000
26,813,0,,,,,,0.0000,1.111943,0.000000
26,814,0,,,,,,0.0000,1.045696,0.000000
26,815,0,,,,,,0.0000,1.126372,0.000000
26,816,0,,,,,,0.0000,1.178981,0.000000
26,817,0,,,,,,0.0000,1.196121,0.000000
26,818,0,,,,,,0.0000,1.113369,0.000000
26,819,0,,,,,,0.0000,1.094634,0.000000
26,820,0,,,,,,0.0000,1.146657,0.000000
26,821,0,,,,,,0.0000,1.142116,0.000000
26,822,0,,,,,,0.0000,1.115891,0.000000
26,823,0,,,,,,0.0000,1.147452,0.000000
26,824,0,,,,,,0.0000,1.115791,0.000000
26,825,0,,,,,,0.0000,1.128118,0.000000
26,826,0,,,,,,0.0000,1.100683,0.000000
26,827,0,,,,,,0.0000,1.140461,0.000000
26,828,0,,,,,,0.0000,1.136457,0.000000
26,829,0,,,,,,0.0000,1.101281,0.000000
26,830,0,,,,,,0.0000,1.117782,0.000000
26,831,0,,,,,,0.0000,1.160329,0.000000
26,832,0,,,,,,0.0000,1.118014,0.000000
26,833,0,,,,,,0.0000,1.144396,0.000000
26,834,0,,,,,,0.0000,1.132969,0.000000
26,835,0,,,,,,0.0000,1.106825,0.000000
26,836,0,,,,,,0.0000,1.115285,0.000000
26,837,0,,,,,,0.0000,1.143170,0.000000
26,838,0,,,,,,0.0000,1.097922,0.000000
26,839,0,,,,,,0.0000,1.057407,0.000000
26,840,0,,,,,,0.0000,1.088988,0.000000
26,841,0,,,,,,0.0000,1.156769,0.000000
26,842,0,,,,,,0.0000,1.153815,0.000000
26,843,0,,,,,,0.0000,1.145980,0.000000
26,844,0,,,,,,0.0000,1.116915,0.000000
26,845,0,,,,,,0.0000,1.131143,0.000000
26,846,0,,,,,,0.0000,1.099953,0.000000
26,847,0,,,,,,0.0000,1.086963,0.000000
26,848,0,,,,,,0.0000,1.136074,0.000000
26,849,0,,,,,,0.0000,1.128689,0.000000
26,850,0,,,,,,0.0000,1.148289,0.000000
26,851,0,,,,,,0.0000,1.117884,0.000000
26,852,0,,,,,,0.0000,1.110672,0.000000
26,853,0,,,,,,0.0000,1.113569,0.000000
26,854,0,,,,,,0.0000,1.129211,0.000000
26,855,0,,,,,,0.0000,1.161710,0.000000
26,856,0,,,,,,0.0000,1.142578,0.000000
26,857,0,,,,,,0.0000,1.146042,0.000000
26,858,0,,,,,,0.0000,1.100906,0.000000
26,859,0,,,,,,0.0000,1.108485,0.000000
26,860,0,,,,,,0.0000,1.132508,0.000000
26,861,0,,,,,,0.0000,1.157009,0.000000
26,862,0,,,,,,0.0000,1.136338,0.000000
26,863,0,,,,,,0.0000,1.097646,0.000000
26,864,0,,,,,,0.0000,1.053410,0.000000
26,865,0,,,,,,0.0000,1.134109,0.000000
26,866,0,,,,,,0.0000,1.202015,0.000000
26,867,0,,,,,,0.0000,1.133781,0.000000
26,868,0,,,,,,0.0000,1.104957,0.000000
26,869,0,,,,,,0.0000,1.127985,0.000000
26,870,0,,,,,,0.0000,1.114802,0.000000
26,871,0,,,,,,0.0000,1.131897,0.000000
26,872,0,,,,,,0.0000,1.154901,0.000000
26,873,0,,,,,,0.0000,1.155214,0.000000
26,874,0,,,,,,0.0000,1.124782,0.000000
26,875,0,,,,,,0.0000,1.106599,0.000000
26,876,0,,,,,,0.0000,1.098132,0.000000
26,877,0,,,,,,0.0000,1.132170,0.000000
26,878,0,,,,,,0.0000,1.191209,0.000000
26,879,0,,,,,,0.0000,1.113342,0.000000
26,880,0,,,,,,0.0000,1.080638,0.000000
26,881,0,,,,,,0.0000,1.085503,0.000000
26,882,0,,,,,,0.0000,1.190735,0.000000
26,883,0,,,,,,0.0000,1.185294,0.000000
26,884,0,,,,,,0.0000,1.085830,0.000000
26,885,0,,,,,,0.0000,1.090992,0.000000
26,886,0,,,,,,0.0000,1.146323,0.000000
26,887,0,,,,,,0.0000,1.133126,0.000000
26,888,0,,,,,,0.0000,1.127643,0.000000
26,889,0,,,,,,0.0000,1.105268,0.000000
26,890,0,,,,,,0.0000,1.084327,0.000000
26,891,0,,,,,,0.0000,1.137972,0.000000
26,892,0,,,,,,0.0000,1.118475,0.000000
26,893,0,,,,,,0.0000,1.092874,0.000000
26,894,0,,,,,,0.0000,1.123423,0.000000
26,895,0,,,,,,0.0000,1.148432,0.000000
26,896,0,,,,,,0.0000,1.132044,0.000000
26,897,0,,,,,,0.0000,1.129427,0.000000
26,898,0,,,,,,0.0000,1.107075,0.000000
26,899,0,,,,,,0.0000,1.108863,0.000000
26,900,0,,,,,,0.0000,1.137345,0.000000
26,901,0,,,,,,0.0000,1.156243,0.000000
26,902,0,,,,,,0.0000,1.091913,0.000000
26,903,0,,,,,,0.0000,1.109366,0.000000
26,904,0,,,,,,0.0000,1.113667,0.000000
26,905,0,,,,,,0.0000,1.137195,0.000000
26,906,0,,,,,,0.0000,1.162642,0.000000
26,907,0,,,,,,0.0000,1.143717,0.000000
26,908,0,,,,,,0.0000,1.144124,0.000000
26,909,0,,,,,,0.0000,1.124563,0.000000
26,910,0,,,,,,0.0000,1.148985,0.000000
26,911,0,,,,,,0.0000,1.110428,0.000000
26,912,0,,,,,,0.0000,1.109752,0.000000
26,913,0,,,,,,0.0000,1.097878,0.000000
26,914,0,,,,,,0.0000,1.118281,0.000000
26,915,0,,,,,,0.0000,1.172369,0.000000
26,916,0,,,,,,0.0000,1.120040,0.000000
26,917,0,,,,,,0.0000,1.125952,0.000000
26,918,0,,,,,,0.0000,1.118212,0.000000
26,919,0,,,,,,0.0000,1.151451,0.000000
26,920,0,,,,,,0.0000,1.137498,0.000000
26,921,0,,,,,,0.0000,1.100478,0.000000
26,922,0,,,,,,0.0000,1.095866,0.000000
26,923,0,,,,,,0.0000,1.163851,0.000000
26,924,0,,,,,,0.0000,1.178240,0.000000
26,925,0,,,,,,0.0000,1.107409,0.000000
26,926,0,,,,,,0.0000,1.088126,0.000000
26,927,0,,,,,,0.0000,1.135945,0.000000
26,928,0,,,,,,0.0000,1.147457,0.000000
26,929,0,,,,,,0.0000,1.138045,0.000000
26,930,0,,,,,,0.0000,1.123373,0.000000
26,931,0,,,,,,0.0000,1.106863,0.000000
26,932,0,,,,,,0.0000,1.130616,0.000000
26,933,0,,,,,,0.0000,1.129983,0.000000
26,934,0,,,,,,0.0000,1.155344,0.000000
26,935,0,,,,,,0.0000,1.119698,0.000000
26,936,0,,,,,,0.0000,1.117457,0.000000
26,937,0,,,,,,0.0000,1.121001,0.000000
26,938,0,,,,,,0.0000,1.094366,0.000000
26,939,0,,,,,,0.0000,1.125739,0.000000
26,940,0,,,,,,0.0000,1.131314,0.000000
26,941,0,,,,,,0.0000,1.113329,0.000000
26,942,0,,,,,,0.0000,1.152313,0.000000
26,943,0,,,,,,0.0000,1.148491,0.000000
26,944,0,,,,,,0.0000,1.090895,0.000000
26,945,0,,,,,,0.0000,1.100220,0.000000
26,946,0,,,,,,0.0000,1.152078,0.000000
26,947,0,,,,,,0.0000,1.153158,0.000000
26,948,0,,,,,,0.0000,1.147329,0.000000
26,949,0,,,,,,0.0000,1.137716,0.000000
26,950,0,,,,,,0.0000,1.141139,0.000000
26,951,0,,,,,,0.0000,1.098169,0.000000
26,952,0,,,,,,0.0000,1.089766,0.000000
26,953,0,,,,,,0.0000,1.127883,0.000000
26,954,0,,,,,,0.0000,1.154584,0.000000
26,955,0,,,,,,0.0000,1.156323,0.000000
26,956,0,,,,,,0.0000,1.128694,0.000000
26,957,0,,,,,,0.0000,1.051850,0.000000
26,958,0,,,,,,0.0000,1.107967,0.000000
26,959,0,,,,,,0.0000,1.155564,0.000000
26,960,0,,,,,,0.0000,1.141790,0.000000
26,961,0,,,,,,0.0000,1.111079,0.000000
26,962,0,,,,,,0.0000,1.095849,0.000000
26,963,0,,,,,,0.0000,1.153677,0.000000
26,964,0,,,,,,0.0000,1.161357,0.000000
26,965,0,,,,,,0.0000,1.137337,0.000000
26,966,0,,,,,,0.0000,1.083275,0.000000
26,967,0,,,,,,0.0000,1.104369,0.000000
26,968,0,,,,,,0.0000,1.145903,0.000000
26,969,0,,,,,,0.0000,1.127055,0.000000
26,970,0,,,,,,0.0000,1.084496,0.000000
26,971,0,,,,,,0.0000,1.128739,0.000000
26,972,0,,,,,,0.0000,1.157127,0.000000
26,973,0,,,,,,0.0000,1.134220,0.000000
26,974,0,,,,,,0.0000,1.116937,0.000000
26,975,0,,,,,,0.0000,1.137796,0.000000
26,976,0,,,,,,0.0000,1.166749,0.000000
26,977,0,,,,,,0.0000,1.133749,0.000000
26,978,0,,,,,,0.0000,1.115029,0.000000
26,979,0,,,,,,0.0000,1.123197,0.000000
26,980,0,,,,,,0.0000,1.137164,0.000000
26,981,0,,,,,,0.0000,1.156465,0.000000
26,982,0,,,,,,0.0000,1.137874,0.000000
26,983,0,,,,,,0.0000,1.117849,0.000000
26,984,0,,,,,,0.0000,1.099373,0.000000
26,985,0,,,,,,0.0000,1.103921,0.000000
26,986,0,,,,,,0.0000,1.117730,0.000000
26,987,0,,,,,,0.0000,1.111499,0.000000
26,988,0,,,,,,0.0000,1.136400,0.000000
26,989,0,,,,,,0.0000,1.128988,0.000000
26,990,0,,,,,,0.0000,1.127297,0.000000
26,991,0,,,,,,0.0000,1.135766,0.000000
26,992,0,,,,,,0.0000,1.100080,0.000000
26,993,0,,,,,,0.0000,1.073253,0.000000
26,994,0,,,,,,0.0000,1.091698,0.000000
26,995,0,,,,,,0.0000,1.182022,0.000000
26,996,0,,,,,,0.0000,1.188087,0.000000
26,997,0,,,,,,0.0000,1.114375,0.000000
26,998,0,,,,,,0.0000,1.087824,0.000000
26,999,0,,,,,,0.0000,1.129513,0.000000
26,1000,0,,,,,,0.0000,1.168272,0.000000
27,1,8,0.102709,0.048100,0.487685,0.134780,0.620259,22.0000,0.650838,0.775895
27,2,10,0.059953,0.045477,0.518740,0.080948,0.560026,7.0000,0.562022,0.824325
27,3,11,0.053740,0.043998,0.523275,0.076809,0.546932,2.0000,0.533455,0.833223
27,4,12,0.052429,0.043270,0.527699,0.073952,0.550783,3.0000,0.604793,0.838254
27,5,12,0.052429,0.043270,0.527699,0.073952,0.550783,9.0000,0.641417,0.838254
27,6,14,0.050111,0.031306,0.547599,0.079311,0.671949,15.0000,0.608078,0.873546
27,7,15,0.039653,0.030265,0.559695,0.047623,0.620340,6.0000,0.565713,0.897281
27,8,15,0.039653,0.030265,0.559695,0.047623,0.620340,6.0000,0.587015,0.897281
27,9,15,0.039087,0.029739,0.561464,0.049034,0.612836,6.0000,0.639003,0.900752
27,10,3,0.324015,0.278506,0.077058,0.454218,0.596249,3.0000,0.678194,0.037972
27,11,4,0.254504,0.225380,0.198665,0.081596,0.340544,2.0000,0.605631,0.262141
27,12,6,0.190776,0.092600,0.357983,0.038551,0.802261,7.0000,0.585999,0.553142
27,13,8,0.096455,0.070035,0.442458,0.089372,0.609677,6.0000,0.638267,0.724926
27,14,9,0.076192,0.049828,0.488727,0.109757,0.736932,5.0000,0.644749,0.819015
27,15,11,0.061805,0.046674,0.497562,0.043710,0.680748,6.0000,0.628481,0.836981
27,16,10,0.061450,0.039949,0.511136,0.084628,0.684354,5.0000,0.591066,0.864584
27,17,12,0.046455,0.035567,0.516637,0.067203,0.732026,8.0000,0.604064,0.874203
27,18,15,0.046296,0.036393,0.518222,0.068245,0.848398,7.0000,0.591045,0.876250
27,19,17,0.044821,0.035098,0.524389,0.041612,0.739617,8.0000,0.630088,0.888790
27,20,0,,,,,,0.0000,0.745009,0.000000
27,21,0,,,,,,0.0000,0.783522,0.000000
27,22,0,,,,,,0.0000,0.661598,0.000000
27,23,0,,,,,,0.0000,0.653543,0.000000
27,24,0,,,,,,0.0000,0.702897,0.000000
27,25,0,,,,,,0.0000,0.722860,0.000000
27,26,0,,,,,,0.0000,0.713840,0.000000
27,27,0,,,,,,0.0000,0.683380,0.000000
27,28,0,,,,,,0.0000,0.701582,0.000000
27,29,0,,,,,,0.0000,0.669578,0.000000
27,30,0,,,,,,0.0000,0.674829,0.000000
27,31,0,,,,,,0.0000,0.726065,0.000000
27,32,0,,,,,,0.0000,0.714421,0.000000
27,33,0,,,,,,0.0000,0.674974,0.000000
27,34,0,,,,,,0.0000,0.670524,0.000000
27,35,0,,,,,,0.0000,0.685199,0.000000
27,36,0,,,,,,0.0000,0.747593,0.000000
27,37,0,,,,,,0.0000,0.717335,0.000000
27,38,0,,,,,,0.0000,0.638789,0.000000
27,39,0,,,,,,0.0000,0.659224,0.000000
27,40,0,,,,,,0.0000,0.717163,0.000000
27,41,0,,,,,,0.0000,0.737884,0.000000
27,42,0,,,,,,0.0000,0.686336,0.000000
27,43,0,,,,,,0.0000,0.652884,0.000000
27,44,0,,,,,,0.0000,0.674963,0.000000
27,45,0,,,,,,0.0000,0.727834,0.000000
27,46,0,,,,,,0.0000,0.672093,0.000000
27,47,0,,,,,,0.0000,0.660203,0.000000
27,48,0,,,,,,0.0000,0.693127,0.000000
27,49,0,,,,,,0.0000,0.696835,0.000000
27,50,0,,,,,,0.0000,0.662117,0.000000
27,51,0,,,,,,0.0000,0.667418,0.000000
27,52,0,,,,,,0.0000,0.671388,0.000000
27,53,0,,,,,,0.0000,0.701741,0.000000
27,54,0,,,,,,0.0000,0.699511,0.000000
27,55,0,,,,,,0.0000,0.668327,0.000000
27,56,0,,,,,,0.0000,0.684666,0.000000
27,57,0,,,,,,0.0000,0.697101,0.000000
27,58,0,,,,,,0.0000,0.712825,0.000000
27,59,0,,,,,,0.0000,0.675260,0.000000
27,60,0,,,,,,0.0000,0.669046,0.000000
27,61,0,,,,,,0.0000,0.683225,0.000000
27,62,0,,,,,,0.0000,0.698032,0.000000
27,63,0,,,,,,0.0000,0.681950,0.000000
27,64,0,,,,,,0.0000,0.667452,0.000000
27,65,0,,,,,,0.0000,0.665956,0.000000
27,66,0,,,,,,0.0000,0.687440,0.000000
27,67,0,,,,,,0.0000,0.692298,0.000000
27,68,0,,,,,,0.0000,0.666508,0.000000
27,69,0,,,,,,0.0000,0.674343,0.000000
27,70,0,,,,,,0.0000,0.695170,0.000000
27,71,0,,,,,,0.0000,0.712075,0.000000
27,72,0,,,,,,0.0000,0.680224,0.000000
27,73,0,,,,,,0.0000,0.664887,0.000000
27,74,0,,,,,,0.0000,0.668933,0.000000
27,75,0,,,,,,0.0000,0.697077,0.000000
27,76,0,,,,,,0.0000,0.697470,0.000000
27,77,0,,,,,,0.0000,0.660842,0.000000
27,78,0,,,,,,0.0000,0.677111,0.000000
27,79,0,,,,,,0.0000,0.717430,0.000000
27,80,0,,,,,,0.0000,0.722768,0.000000
27,81,0,,,,,,0.0000,0.699377,0.000000
27,82,0,,,,,,0.0000,0.662315,0.000000
27,83,0,,,,,,0.0000,0.670888,0.000000
27,84,0,,,,,,0.0000,0.722718,0.000000
27,85,0,,,,,,0.0000,0.709632,0.000000
27,86,0,,,,,,0.0000,0.669641,0.000000
27,87,0,,,,,,0.0000,0.676983,0.000000
27,88,0,,,,,,0.0000,0.705343,0.000000
27,89,0,,,,,,0.0000,0.695664,0.000000
27,90,0,,,,,,0.0000,0.700126,0.000000
27,91,0,,,,,,0.0000,0.668241,0.000000
27,92,0,,,,,,0.0000,0.654380,0.000000
27,93,0,,,,,,0.0000,0.676154,0.000000
27,94,0,,,,,,0.0000,0.724702,0.000000
27,95,0,,,,,,0.0000,0.669782,0.000000
27,96,0,,,,,,0.0000,0.666052,0.000000
27,97,0,,,,,,0.0000,0.713457,0.000000
27,98,0,,,,,,0.0000,0.691822,0.000000
27,99,0,,,,,,0.0000,0.645762,0.000000
27,100,0,,,,,,0.0000,0.645076,0.000000
27,101,0,,,,,,0.0000,0.710943,0.000000
27,102,0,,,,,,0.0000,0.709634,0.000000
27,103,0,,,,,,0.0000,0.655006,0.000000
27,104,0,,,,,,0.0000,0.653235,0.000000
27,105,0,,,,,,0.0000,0.661442,0.000000
27,106,0,,,,,,0.0000,0.707985,0.000000
27,107,0,,,,,,0.0000,0.721251,0.000000
27,108,0,,,,,,0.0000,0.662944,0.000000
27,109,0,,,,,,0.0000,0.663952,0.000000
27,110,0,,,,,,0.0000,0.687325,0.000000
27,111,0,,,,,,0.0000,0.705758,0.000000
27,112,0,,,,,,0.0000,0.687892,0.000000
27,113,0,,,,,,0.0000,0.664885,0.000000
27,114,0,,,,,,0.0000,0.675663,0.000000
27,115,0,,,,,,0.0000,0.691109,0.000000
27,116,0,,,,,,0.0000,0.712963,0.000000
27,117,0,,,,,,0.0000,0.685936,0.000000
27,118,0,,,,,,0.0000,0.682438,0.000000
27,119,0,,,,,,0.0000,0.680546,0.000000
27,120,0,,,,,,0.0000,0.686073,0.000000
27,121,0,,,,,,0.0000,0.700035,0.000000
27,122,0,,,,,,0.0000,0.675029,0.000000
27,123,0,,,,,,0.0000,0.649972,0.000000
27,124,0,,,,,,0.0000,0.694485,0.000000
27,125,0,,,,,,0.0000,0.717198,0.000000
27,126,0,,,,,,0.0000,0.689433,0.000000
27,127,0,,,,,,0.0000,0.675377,0.000000
27,128,0,,,,,,0.0000,0.687639,0.000000
27,129,0,,,,,,0.0000,0.676160,0.000000
27,130,0,,,,,,0.0000,0.689135,0.000000
27,131,0,,,,,,0.0000,0.695815,0.000000
27,132,0,,,,,,0.0000,0.672871,0.000000
27,133,0,,,,,,0.0000,0.674957,0.000000
27,134,0,,,,,,0.0000,0.677322,0.000000
27,135,0,,,,,,0.0000,0.669644,0.000000
27,136,0,,,,,,0.0000,0.679325,0.000000
27,137,0,,,,,,0.0000,0.710010,0.000000
27,138,0,,,,,,0.0000,0.700119,0.000000
27,139,0,,,,,,0.0000,0.656191,0.000000
27,140,0,,,,,,0.0000,0.642775,0.000000
27,141,0,,,,,,0.0000,0.713905,0.000000
27,142,0,,,,,,0.0000,0.722299,0.000000
27,143,0,,,,,,0.0000,0.684307,0.000000
27,144,0,,,,,,0.0000,0.662135,0.000000
27,145,0,,,,,,0.0000,0.668825,0.000000
27,146,0,,,,,,0.0000,0.704829,0.000000
27,147,0,,,,,,0.0000,0.688253,0.000000
27,148,0,,,,,,0.0000,0.681707,0.000000
27,149,0,,,,,,0.0000,0.678665,0.000000
27,150,0,,,,,,0.0000,0.708244,0.000000
27,151,0,,,,,,0.0000,0.680813,0.000000
27,152,0,,,,,,0.0000,0.661903,0.000000
27,153,0,,,,,,0.0000,0.699737,0.000000
27,154,0,,,,,,0.0000,0.695456,0.000000
27,155,0,,,,,,0.0000,0.690862,0.000000
27,156,0,,,,,,0.0000,0.674057,0.000000
27,157,0,,,,,,0.0000,0.701502,0.000000
27,158,0,,,,,,0.0000,0.677043,0.000000
27,159,0,,,,,,0.0000,0.687359,0.000000
27,160,0,,,,,,0.0000,0.695146,0.000000
27,161,0,,,,,,0.0000,0.701179,0.000000
27,162,0,,,,,,0.0000,0.667865,0.000000
27,163,0,,,,,,0.0000,0.657046,0.000000
27,164,0,,,,,,0.0000,0.689943,0.000000
27,165,0,,,,,,0.0000,0.709082,0.000000
27,166,0,,,,,,0.0000,0.697307,0.000000
27,167,0,,,,,,0.0000,0.669638,0.000000
27,168,0,,,,,,0.0000,0.661482,0.000000
27,169,0,,,,,,0.0000,0.686914,0.000000
27,170,0,,,,,,0.0000,0.701794,0.000000
27,171,0,,,,,,0.0000,0.693071,0.000000
27,172,0,,,,,,0.0000,0.706483,0.000000
27,173,0,,,,,,0.0000,0.700946,0.000000
27,174,0,,,,,,0.0000,0.700943,0.000000
27,175,0,,,,,,0.0000,0.694193,0.000000
27,176,0,,,,,,0.0000,0.678885,0.000000
27,177,0,,,,,,0.0000,0.690282,0.000000
27,178,0,,,,,,0.0000,0.702765,0.000000
27,179,0,,,,,,0.0000,0.691621,0.000000
27,180,0,,,,,,0.0000,0.687185,0.000000
27,181,0,,,,,,0.0000,0.657357,0.000000
27,182,0,,,,,,0.0000,0.673420,0.000000
27,183,0,,,,,,0.0000,0.681491,0.000000
27,184,0,,,,,,0.0000,0.705685,0.000000
27,185,0,,,,,,0.0000,0.697063,0.000000
27,186,0,,,,,,0.0000,0.693457,0.000000
27,187,0,,,,,,0.0000,0.696544,0.000000
27,188,0,,,,,,0.0000,0.672071,0.000000
27,189,0,,,,,,0.0000,0.682477,0.000000
27,190,0,,,,,,0.0000,0.692401,0.000000
27,191,0,,,,,,0.0000,0.678649,0.000000
27,192,0,,,,,,0.0000,0.663099,0.000000
27,193,0,,,,,,0.0000,0.692515,0.000000
27,194,0,,,,,,0.0000,0.714338,0.000000
27,195,0,,,,,,0.0000,0.691622,0.000000
27,196,0,,,,,,0.0000,0.663551,0.000000
27,197,0,,,,,,0.0000,0.693077,0.000000
27,198,0,,,,,,0.0000,0.698738,0.000000
27,199,0,,,,,,0.0000,0.696773,0.000000
27,200,0,,,,,,0.0000,0.675044,0.000000
27,201,0,,,,,,0.0000,0.677468,0.000000
27,202,0,,,,,,0.0000,0.713157,0.000000
27,203,0,,,,,,0.0000,0.694053,0.000000
27,204,0,,,,,,0.0000,0.685193,0.000000
27,205,0,,,,,,0.0000,0.682197,0.000000
27,206,0,,,,,,0.0000,0.686056,0.000000
27,207,0,,,,,,0.0000,0.682913,0.000000
27,208,0,,,,,,0.0000,0.667328,0.000000
27,209,0,,,,,,0.0000,0.680758,0.000000
27,210,0,,,,,,0.0000,0.707115,0.000000
27,211,0,,,,,,0.0000,0.702869,0.000000
27,212,0,,,,,,0.0000,0.674053,0.000000
27,213,0,,,,,,0.0000,0.651219,0.000000
27,214,0,,,,,,0.0000,0.689912,0.000000
27,215,0,,,,,,0.0000,0.708705,0.000000
27,216,0,,,,,,0.0000,0.677211,0.000000
27,217,0,,,,,,0.0000,0.677389,0.000000
27,218,0,,,,,,0.0000,0.690721,0.000000
27,219,0,,,,,,0.0000,0.682724,0.000000
27,220,0,,,,,,0.0000,0.686218,0.000000
27,221,0,,,,,,0.0000,0.706489,0.000000
27,222,0,,,,,,0.0000,0.683940,0.000000
27,223,0,,,,,,0.0000,0.670925,0.000000
27,224,0,,,,,,0.0000,0.694869,0.000000
27,225,0,,,,,,0.0000,0.711911,0.000000
27,226,0,,,,,,0.0000,0.684290,0.000000
27,227,0,,,,,,0.0000,0.677718,0.000000
27,228,0,,,,,,0.0000,0.663619,0.000000
27,229,0,,,,,,0.0000,0.679434,0.000000
27,230,0,,,,,,0.0000,0.686831,0.000000
27,231,0,,,,,,0.0000,0.677468,0.000000
27,232,0,,,,,,0.0000,0.675111,0.000000
27,233,0,,,,,,0.0000,0.691171,0.000000
27,234,0,,,,,,0.0000,0.695008,0.000000
27,235,0,,,,,,0.0000,0.701614,0.000000
27,236,0,,,,,,0.0000,0.663649,0.000000
27,237,0,,,,,,0.0000,0.690391,0.000000
27,238,0,,,,,,0.0000,0.698895,0.000000
27,239,0,,,,,,0.0000,0.708569,0.000000
27,240,0,,,,,,0.0000,0.686601,0.000000
27,241,0,,,,,,0.0000,0.665344,0.000000
27,242,0,,,,,,0.0000,0.656212,0.000000
27,243,0,,,,,,0.0000,0.698257,0.000000
27,244,0,,,,,,0.0000,0.707610,0.000000
27,245,0,,,,,,0.0000,0.677698,0.000000
27,246,0,,,,,,0.0000,0.686544,0.000000
27,247,0,,,,,,0.0000,0.691943,0.000000
27,248,0,,,,,,0.0000,0.715493,0.000000
27,249,0,,,,,,0.0000,0.669256,0.000000
27,250,1,0.854711,0.017496,0.232864,0.000000,1.000000,1.0000,0.669547,0.173364
27,251,3,0.243963,0.112402,0.391038,0.612072,0.544538,7.0000,0.521546,0.341368
27,252,8,0.114822,0.085475,0.606658,0.102079,0.374264,18.0000,0.569507,0.735142
27,253,9,0.090583,0.069732,0.631663,0.113154,0.390452,13.0000,0.634148,0.784851
27,254,9,0.088958,0.066199,0.634224,0.113028,0.397608,8.0000,0.599985,0.789942
27,255,13,0.052018,0.044245,0.661704,0.082125,0.655704,14.0000,0.644159,0.844569
27,256,15,0.050895,0.050744,0.664580,0.057152,0.567255,13.0000,0.628231,0.850288
27,257,13,0.051221,0.054003,0.665265,0.049376,0.469661,8.0000,0.591465,0.851650
27,258,13,0.049586,0.045726,0.670940,0.050207,0.546755,9.0000,0.590508,0.862931
27,259,13,0.048015,0.030705,0.676532,0.057710,0.706416,12.0000,0.641917,0.874047
27,260,2,0.413200,0.258372,0.248829,0.000000,0.281049,2.0000,0.747549,0.175250
27,261,4,0.214035,0.109142,0.560947,0.285993,0.402009,7.0000,0.656623,0.600001
27,262,6,0.201713,0.089536,0.599477,0.256694,0.775242,5.0000,0.595843,0.678268
27,263,8,0.105817,0.054719,0.655610,0.131136,0.647742,10.0000,0.578988,0.792556
27,264,9,0.105403,0.053784,0.657203,0.132088,0.700733,6.0000,0.671332,0.795799
27,265,10,0.104841,0.051192,0.659517,0.128624,0.790930,5.0000,0.643955,0.799967
27,266,12,0.086299,0.048690,0.668310,0.068700,0.670766,14.0000,0.622287,0.817871
27,267,13,0.085658,0.046867,0.669142,0.065732,0.720380,9.0000,0.644955,0.819565
27,268,14,0.085187,0.045262,0.669767,0.064416,0.779681,6.0000,0.629795,0.820837
27,269,15,0.085029,0.043747,0.670162,0.062326,0.834195,5.0000,0.647585,0.821641
27,270,2,0.363142,0.022343,0.434210,0.000000,0.029722,3.0000,0.715807,0.314829
27,271,5,0.179021,0.106542,0.562596,0.194790,0.476629,8.0000,0.656022,0.576305
27,272,6,0.157894,0.077554,0.631703,0.122524,0.611086,9.0000,0.576238,0.717907
27,273,7,0.121862,0.076682,0.637616,0.083418,0.479711,6.0000,0.682391,0.730022
27,274,7,0.121862,0.076682,0.637616,0.083418,0.479711,7.0000,0.753286,0.730022
27,275,9,0.086947,0.074719,0.654759,0.097116,0.483085,14.0000,0.632982,0.765147
27,276,11,0.083921,0.070000,0.657265,0.093070,0.618038,11.0000,0.581520,0.770283
27,277,13,0.080025,0.068351,0.672289,0.091300,0.592234,13.0000,0.629477,0.801066
27,278,17,0.073414,0.066575,0.673522,0.082096,0.637168,11.0000,0.672188,0.803594
27,279,19,0.067359,0.070130,0.684941,0.049551,0.675246,11.0000,0.594321,0.826991
27,280,1,0.831286,0.006261,0.275532,0.000000,1.000000,1.0000,0.729286,0.194880
27,281,3,0.250160,0.077463,0.479860,0.704003,0.756160,2.0000,0.695258,0.439925
27,282,7,0.174579,0.065029,0.600483,0.053033,0.766336,10.0000,0.656502,0.630366
27,283,7,0.155435,0.054890,0.638263,0.070745,0.678389,11.0000,0.609317,0.708572
27,284,11,0.072812,0.070358,0.689415,0.089286,0.520373,13.0000,0.604569,0.814456
27,285,11,0.072812,0.070358,0.689415,0.089286,0.520373,8.0000,0.690810,0.814456
27,286,12,0.070669,0.063087,0.697872,0.080060,0.575396,14.0000,0.675600,0.831964
27,287,14,0.068203,0.058601,0.710873,0.040956,0.752319,12.0000,0.628735,0.858876
27,288,16,0.041749,0.049782,0.720848,0.038599,0.658879,9.0000,0.563363,0.879523
27,289,18,0.040775,0.050588,0.721141,0.036735,0.639709,11.0000,0.599601,0.880130
27,290,3,0.299964,0.038343,0.505855,0.895779,0.779212,6.0000,0.748567,0.411479
27,291,5,0.169778,0.044217,0.602180,0.187614,0.712775,5.0000,0.639988,0.614364
27,292,6,0.134245,0.050604,0.636910,0.167951,0.669163,13.0000,0.552815,0.687514
27,293,7,0.122755,0.061619,0.638992,0.175147,0.746933,8.0000,0.606693,0.691899
27,294,9,0.124670,0.049287,0.662419,0.090726,0.709288,11.0000,0.665343,0.741243
27,295,9,0.120276,0.035355,0.691065,0.092625,0.673687,13.0000,0.673121,0.801577
27,296,10,0.119586,0.038539,0.701648,0.077854,0.661228,12.0000,0.605151,0.823868
27,297,12,0.090707,0.037562,0.708748,0.096178,0.650307,10.0000,0.599108,0.838823
27,298,12,0.090698,0.037562,0.708805,0.096153,0.650368,10.0000,0.682880,0.838942
27,299,15,0.066713,0.044840,0.719319,0.046861,0.642172,13.0000,0.652590,0.861088
27,300,3,0.178825,0.026835,0.554814,0.084338,0.070872,5.0000,0.723676,0.511694
27,301,5,0.153719,0.115095,0.577359,0.191618,0.404741,5.0000,0.639845,0.558911
27,302,6,0.158307,0.039735,0.642440,0.105139,0.719464,12.0000,0.596233,0.695214
27,303,7,0.158059,0.037211,0.643290,0.105689,0.851032,10.0000,0.656900,0.696995
27,304,9,0.138529,0.034350,0.693271,0.045171,0.876873,10.0000,0.650307,0.801673
27,305,9,0.138529,0.034350,0.693271,0.045171,0.876873,6.0000,0.625968,0.801673
27,306,10,0.138348,0.032810,0.693386,0.044503,0.931239,12.0000,0.602341,0.801914
27,307,11,0.137888,0.032386,0.694323,0.044653,0.973991,12.0000,0.641298,0.803875
27,308,11,0.140341,0.037852,0.710228,0.104478,0.942461,10.0000,0.641438,0.837187
27,309,12,0.073616,0.044879,0.717457,0.134693,0.833693,13.0000,0.613850,0.852327
27,310,3,0.250865,0.141938,0.479270,0.102232,0.077085,7.0000,0.730403,0.373827
27,311,4,0.130574,0.055257,0.593658,0.175838,0.241923,4.0000,0.688595,0.596414
27,312,7,0.106059,0.063687,0.634704,0.185051,0.439149,14.0000,0.598813,0.682867
27,313,10,0.094367,0.059394,0.670679,0.118951,0.581064,14.0000,0.598120,0.758640
27,314,10,0.094367,0.059394,0.670679,0.118951,0.581064,9.0000,0.643176,0.758640
27,315,11,0.092904,0.054070,0.695209,0.114433,0.667844,10.0000,0.666483,0.810306
27,316,11,0.068587,0.036113,0.714937,0.089984,0.624104,10.0000,0.623646,0.851858
27,317,11,0.067718,0.032632,0.717275,0.090859,0.626517,11.0000,0.586464,0.856783
27,318,12,0.065736,0.035186,0.720328,0.080013,0.697484,12.0000,0.585723,0.863212
27,319,13,0.064489,0.036452,0.721805,0.076006,0.726921,12.0000,0.648721,0.866323
27,320,3,0.301827,0.026123,0.544355,0.845599,0.751758,3.0000,0.756628,0.514179
27,321,4,0.167669,0.051565,0.606324,0.343085,0.465323,10.0000,0.604155,0.642456
27,322,6,0.101586,0.041275,0.664993,0.280779,0.575422,10.0000,0.605647,0.763904
27,323,7,0.093555,0.057271,0.692042,0.154955,0.442497,8.0000,0.675964,0.819894
27,324,9,0.066385,0.040280,0.726326,0.109885,0.490537,10.0000,0.670471,0.890864
27,325,10,0.062471,0.042666,0.726543,0.058565,0.388492,6.0000,0.623176,0.891312
27,326,12,0.060918,0.039255,0.728509,0.066215,0.586236,9.0000,0.609908,0.895382
27,327,13,0.058419,0.038100,0.729192,0.062676,0.644366,5.0000,0.621079,0.896795
27,328,12,0.062587,0.023636,0.738464,0.055338,0.757874,13.0000,0.614439,0.915990
27,329,13,0.058146,0.022955,0.740992,0.032745,0.753144,12.0000,0.633534,0.921223
27,330,3,0.234011,0.129069,0.381395,0.081926,0.117316,4.0000,0.749386,0.291505
27,331,4,0.199638,0.111924,0.533289,0.368113,0.466550,8.0000,0.702426,0.550997
27,332,4,0.197709,0.078049,0.554579,0.355806,0.470472,7.0000,0.632311,0.563094
27,333,5,0.142062,0.032094,0.614558,0.131862,0.379738,13.0000,0.652992,0.682775
27,334,6,0.091054,0.029949,0.648713,0.116085,0.236483,8.0000,0.692059,0.752760
27,335,8,0.086245,0.063092,0.655005,0.102557,0.444881,7.0000,0.685880,0.765651
27,336,10,0.085445,0.070707,0.663928,0.092702,0.437224,7.0000,0.654281,0.783934
27,337,11,0.064739,0.045168,0.701491,0.095176,0.648498,10.0000,0.662202,0.860902
27,338,12,0.064494,0.043444,0.701641,0.100011,0.713673,6.0000,0.703617,0.861209
27,339,14,0.063898,0.040461,0.702051,0.104394,0.820768,5.0000,0.605736,0.862048
27,340,2,0.374500,0.010454,0.444586,0.000000,0.014195,3.0000,0.688816,0.362364
27,341,4,0.256639,0.064461,0.479993,0.647428,0.734816,4.0000,0.607695,0.434452
27,342,10,0.097800,0.060835,0.604447,0.069210,0.590355,13.0000,0.617744,0.687845
27,343,12,0.096354,0.058725,0.605757,0.054375,0.691733,11.0000,0.607708,0.690512
27,344,11,0.126414,0.054425,0.615783,0.060579,0.752392,6.0000,0.638975,0.710925
27,345,11,0.119882,0.048203,0.626959,0.047180,0.787927,7.0000,0.611348,0.733678
27,346,11,0.119725,0.048440,0.628038,0.051502,0.788494,12.0000,0.584567,0.735876
27,347,13,0.110209,0.061207,0.644694,0.058473,0.680666,9.0000,0.559121,0.769788
27,348,14,0.078863,0.062659,0.652082,0.068120,0.606520,14.0000,0.602854,0.784830
27,349,17,0.091176,0.059293,0.679664,0.038717,0.739740,14.0000,0.633580,0.840988
27,350,3,0.292827,0.039936,0.460107,0.825644,0.764065,3.0000,0.699352,0.466987
27,351,4,0.292368,0.034879,0.481501,0.066295,0.962649,3.0000,0.580767,0.486324
27,352,7,0.114406,0.050088,0.582667,0.190296,0.600573,5.0000,0.581565,0.687443
27,353,10,0.077807,0.049644,0.627210,0.127620,0.652096,7.0000,0.678429,0.775995
27,354,12,0.062177,0.043848,0.641622,0.078141,0.699515,12.0000,0.660375,0.804646
27,355,12,0.061612,0.035357,0.662339,0.116391,0.770246,8.0000,0.633979,0.845831
27,356,13,0.060045,0.033872,0.663336,0.111017,0.829855,7.0000,0.581515,0.847813
27,357,15,0.063299,0.022994,0.693279,0.044067,0.786570,13.0000,0.619532,0.907342
27,358,16,0.062769,0.022428,0.694991,0.030081,0.831858,10.0000,0.657603,0.910745
27,359,17,0.062517,0.025814,0.696577,0.031965,0.770175,9.0000,0.658857,0.913898
27,360,2,0.301581,0.081613,0.397549,0.000000,0.200662,2.0000,0.687156,0.414526
27,361,5,0.163691,0.096413,0.503990,0.233176,0.634197,5.0000,0.640590,0.608383
27,362,9,0.151255,0.086610,0.518388,0.221258,1.026946,9.0000,0.649970,0.634841
27,363,8,0.157233,0.038054,0.551620,0.206127,0.953858,9.0000,0.624559,0.675891
27,364,10,0.073015,0.046641,0.598383,0.128495,0.638252,7.0000,0.671102,0.761717
27,365,13,0.069731,0.046120,0.604684,0.085199,0.691898,12.0000,0.628117,0.773956
27,366,13,0.067392,0.043096,0.622877,0.085440,0.729685,6.0000,0.613480,0.809295
27,367,13,0.069884,0.044771,0.635329,0.110120,0.799248,10.0000,0.604184,0.833481
27,368,14,0.069017,0.052039,0.640731,0.077751,0.765073,13.0000,0.603107,0.843974
27,369,17,0.065393,0.044377,0.656340,0.057280,0.788192,12.0000,0.592140,0.873285
27,370,2,0.323858,0.098266,0.325358,0.000000,0.178455,2.0000,0.760993,0.324453
27,371,3,0.253527,0.108135,0.377301,0.701698,0.690004,2.0000,0.702933,0.417510
27,372,5,0.275073,0.021696,0.494481,0.039048,1.157869,10.0000,0.658935,0.627633
27,373,8,0.148903,0.020463,0.589480,0.151043,0.962550,7.0000,0.635981,0.802367
27,374,8,0.148403,0.015941,0.595686,0.146363,0.941939,7.0000,0.641195,0.811106
27,375,9,0.148337,0.017297,0.595926,0.144839,1.006482,3.0000,0.635499,0.811569
27,376,11,0.148163,0.015869,0.597393,0.140150,1.095407,7.0000,0.625550,0.814395
27,377,11,0.148163,0.015869,0.597393,0.140150,1.095407,2.0000,0.661024,0.814395
27,378,11,0.148163,0.015869,0.597393,0.140150,1.095407,8.0000,0.650832,0.814395
27,379,11,0.148070,0.013952,0.598007,0.140986,1.097660,5.0000,0.630775,0.815578
27,380,4,0.307890,0.129445,0.348046,0.416538,0.908113,4.0000,0.691179,0.449606
27,381,6,0.179345,0.108460,0.460337,0.328749,0.721100,8.0000,0.667805,0.614505
27,382,7,0.141940,0.059184,0.513297,0.311780,0.806199,10.0000,0.640003,0.710976
27,383,8,0.130393,0.028728,0.531318,0.037365,0.900639,7.0000,0.619195,0.741442
27,384,9,0.068235,0.029511,0.576834,0.064233,0.703106,6.0000,0.683064,0.829065
27,385,9,0.068235,0.029511,0.576834,0.064233,0.703106,3.0000,0.688929,0.829065
27,386,9,0.068235,0.029511,0.576834,0.064233,0.703106,4.0000,0.617330,0.829065
27,387,12,0.065171,0.030539,0.578356,0.049698,0.878889,9.0000,0.632684,0.831994
27,388,14,0.060569,0.033067,0.583754,0.049681,0.854776,7.0000,0.707086,0.842386
27,389,16,0.056090,0.036301,0.604424,0.048299,0.763225,6.0000,0.632791,0.882177
27,390,1,0.730272,0.176796,0.117966,0.000000,1.000000,1.0000,0.718489,0.098786
27,391,2,0.315888,0.158189,0.210588,0.000000,0.469305,2.0000,0.660186,0.234561
27,392,7,0.191398,0.107635,0.414903,0.089220,0.573651,10.0000,0.614608,0.600797
27,393,10,0.143794,0.125109,0.437042,0.100105,0.782395,9.0000,0.608748,0.630131
27,394,9,0.134127,0.102899,0.467711,0.086085,0.569306,7.0000,0.614924,0.680518
27,395,9,0.134127,0.102899,0.467711,0.086085,0.569306,2.0000,0.657130,0.680518
27,396,11,0.129940,0.115989,0.475947,0.064017,0.602289,3.0000,0.711964,0.695887
27,397,11,0.074535,0.055474,0.526584,0.062125,0.673033,8.0000,0.619119,0.777675
27,398,12,0.065683,0.053254,0.534909,0.059820,0.590186,6.0000,0.599230,0.794078
27,399,13,0.056750,0.044062,0.541735,0.061882,0.649467,4.0000,0.605420,0.807528
27,400,1,0.789959,0.004484,0.217385,0.000000,1.000000,1.0000,0.783116,0.291360
27,401,2,0.345879,0.154027,0.250155,0.000000,0.208865,1.0000,0.696335,0.309057
27,402,2,0.360844,0.016860,0.349585,0.000000,0.098176,7.0000,0.599259,0.492639
27,403,6,0.136816,0.057444,0.463343,0.237861,0.766651,8.0000,0.620464,0.715630
27,404,7,0.095571,0.060851,0.475783,0.218273,0.595600,7.0000,0.605472,0.734401
27,405,8,0.095520,0.057699,0.475885,0.222023,0.719453,4.0000,0.707905,0.734601
27,406,8,0.095520,0.057699,0.475885,0.222023,0.719453,3.0000,0.705425,0.734601
27,407,9,0.093941,0.054654,0.479409,0.213181,0.816843,4.0000,0.632629,0.741516
27,408,10,0.083692,0.042897,0.493448,0.076489,0.838486,4.0000,0.605770,0.767002
27,409,11,0.075109,0.049223,0.498901,0.079467,0.729549,3.0000,0.647314,0.777703
27,410,0,,,,,,0.0000,0.781646,0.000000
27,411,0,,,,,,0.0000,0.738708,0.000000
27,412,0,,,,,,0.0000,0.686538,0.000000
27,413,0,,,,,,0.0000,0.664088,0.000000
27,414,0,,,,,,0.0000,0.686841,0.000000
27,415,0,,,,,,0.0000,0.733831,0.000000
27,416,0,,,,,,0.0000,0.702680,0.000000
27,417,0,,,,,,0.0000,0.680897,0.000000
27,418,0,,,,,,0.0000,0.669185,0.000000
27,419,0,,,,,,0.0000,0.717148,0.000000
27,420,0,,,,,,0.0000,0.703783,0.000000
27,421,0,,,,,,0.0000,0.672824,0.000000
27,422,0,,,,,,0.0000,0.657964,0.000000
27,423,0,,,,,,0.0000,0.696923,0.000000
27,424,0,,,,,,0.0000,0.717262,0.000000
27,425,0,,,,,,0.0000,0.686491,0.000000
27,426,0,,,,,,0.0000,0.674898,0.000000
27,427,0,,,,,,0.0000,0.671433,0.000000
27,428,0,,,,,,0.0000,0.703489,0.000000
27,429,0,,,,,,0.0000,0.702019,0.000000
27,430,0,,,,,,0.0000,0.687306,0.000000
27,431,0,,,,,,0.0000,0.674808,0.000000
27,432,0,,,,,,0.0000,0.655933,0.000000
27,433,0,,,,,,0.0000,0.676253,0.000000
27,434,0,,,,,,0.0000,0.689037,0.000000
27,435,0,,,,,,0.0000,0.695524,0.000000
27,436,0,,,,,,0.0000,0.692832,0.000000
27,437,0,,,,,,0.0000,0.676517,0.000000
27,438,0,,,,,,0.0000,0.671804,0.000000
27,439,0,,,,,,0.0000,0.672696,0.000000
27,440,0,,,,,,0.0000,0.683509,0.000000
27,441,0,,,,,,0.0000,0.691357,0.000000
27,442,0,,,,,,0.0000,0.686454,0.000000
27,443,0,,,,,,0.0000,0.713854,0.000000
27,444,0,,,,,,0.0000,0.699028,0.000000
27,445,0,,,,,,0.0000,0.659137,0.000000
27,446,0,,,,,,0.0000,0.672375,0.000000
27,447,0,,,,,,0.0000,0.688537,0.000000
27,448,0,,,,,,0.0000,0.704359,0.000000
27,449,0,,,,,,0.0000,0.657459,0.000000
27,450,0,,,,,,0.0000,0.675786,0.000000
27,451,0,,,,,,0.0000,0.679467,0.000000
27,452,0,,,,,,0.0000,0.678730,0.000000
27,453,0,,,,,,0.0000,0.671184,0.000000
27,454,0,,,,,,0.0000,0.693139,0.000000
27,455,0,,,,,,0.0000,0.680510,0.000000
27,456,0,,,,,,0.0000,0.700415,0.000000
27,457,0,,,,,,0.0000,0.671108,0.000000
27,458,0,,,,,,0.0000,0.671411,0.000000
27,459,0,,,,,,0.0000,0.671766,0.000000
27,460,0,,,,,,0.0000,0.677452,0.000000
27,461,0,,,,,,0.0000,0.688637,0.000000
27,462,0,,,,,,0.0000,0.704839,0.000000
27,463,0,,,,,,0.0000,0.704123,0.000000
27,464,0,,,,,,0.0000,0.687261,0.000000
27,465,0,,,,,,0.0000,0.670880,0.000000
27,466,0,,,,,,0.0000,0.684658,0.000000
27,467,0,,,,,,0.0000,0.695459,0.000000
27,468,0,,,,,,0.0000,0.700861,0.000000
27,469,0,,,,,,0.0000,0.658941,0.000000
27,470,0,,,,,,0.0000,0.659432,0.000000
27,471,0,,,,,,0.0000,0.704071,0.000000
27,472,0,,,,,,0.0000,0.735948,0.000000
27,473,0,,,,,,0.0000,0.707872,0.000000
27,474,0,,,,,,0.0000,0.645965,0.000000
27,475,0,,,,,,0.0000,0.688014,0.000000
27,476,0,,,,,,0.0000,0.701969,0.000000
27,477,0,,,,,,0.0000,0.685113,0.000000
27,478,0,,,,,,0.0000,0.669405,0.000000
27,479,0,,,,,,0.0000,0.704486,0.000000
27,480,0,,,,,,0.0000,0.719036,0.000000
27,481,0,,,,,,0.0000,0.681012,0.000000
27,482,0,,,,,,0.0000,0.664461,0.000000
27,483,0,,,,,,0.0000,0.677202,0.000000
27,484,0,,,,,,0.0000,0.691310,0.000000
27,485,0,,,,,,0.0000,0.691108,0.000000
27,486,0,,,,,,0.0000,0.651079,0.000000
27,487,0,,,,,,0.0000,0.658781,0.000000
27,488,0,,,,,,0.0000,0.713875,0.000000
27,489,0,,,,,,0.0000,0.720694,0.000000
27,490,0,,,,,,0.0000,0.678579,0.000000
27,491,0,,,,,,0.0000,0.648937,0.000000
27,492,0,,,,,,0.0000,0.687628,0.000000
27,493,0,,,,,,0.0000,0.703982,0.000000
27,494,0,,,,,,0.0000,0.665040,0.000000
27,495,0,,,,,,0.0000,0.659530,0.000000
27,496,0,,,,,,0.0000,0.705553,0.000000
27,497,0,,,,,,0.0000,0.717490,0.000000
27,498,0,,,,,,0.0000,0.680440,0.000000
27,499,0,,,,,,0.0000,0.693960,0.000000
27,500,0,,,,,,0.0000,0.700461,0.000000
27,501,0,,,,,,0.0000,0.700627,0.000000
27,502,0,,,,,,0.0000,0.698744,0.000000
27,503,0,,,,,,0.0000,0.670641,0.000000
27,504,0,,,,,,0.0000,0.684157,0.000000
27,505,0,,,,,,0.0000,0.699048,0.000000
27,506,0,,,,,,0.0000,0.690139,0.000000
27,507,0,,,,,,0.0000,0.666212,0.000000
27,508,0,,,,,,0.0000,0.671963,0.000000
27,509,0,,,,,,0.0000,0.703722,0.000000
27,510,0,,,,,,0.0000,0.681376,0.000000
27,511,0,,,,,,0.0000,0.652511,0.000000
27,512,0,,,,,,0.0000,0.658655,0.000000
27,513,0,,,,,,0.0000,0.683154,0.000000
27,514,0,,,,,,0.0000,0.685403,0.000000
27,515,0,,,,,,0.0000,0.671401,0.000000
27,516,0,,,,,,0.0000,0.652228,0.000000
27,517,0,,,,,,0.0000,0.675537,0.000000
27,518,0,,,,,,0.0000,0.680854,0.000000
27,519,0,,,,,,0.0000,0.691870,0.000000
27,520,0,,,,,,0.0000,0.686914,0.000000
27,521,0,,,,,,0.0000,0.658695,0.000000
27,522,0,,,,,,0.0000,0.690331,0.000000
27,523,0,,,,,,0.0000,0.698304,0.000000
27,524,0,,,,,,0.0000,0.689090,0.000000
27,525,0,,,,,,0.0000,0.680598,0.000000
27,526,0,,,,,,0.0000,0.684872,0.000000
27,527,0,,,,,,0.0000,0.680630,0.000000
27,528,0,,,,,,0.0000,0.689547,0.000000
27,529,0,,,,,,0.0000,0.677871,0.000000
27,530,0,,,,,,0.0000,0.665071,0.000000
27,531,0,,,,,,0.0000,0.679896,0.000000
27,532,0,,,,,,0.0000,0.689557,0.000000
27,533,0,,,,,,0.0000,0.679700,0.000000
27,534,0,,,,,,0.0000,0.667869,0.000000
27,535,0,,,,,,0.0000,0.644225,0.000000
27,536,0,,,,,,0.0000,0.680212,0.000000
27,537,0,,,,,,0.0000,0.708588,0.000000
27,538,0,,,,,,0.0000,0.694154,0.000000
27,539,0,,,,,,0.0000,0.675961,0.000000
27,540,0,,,,,,0.0000,0.678664,0.000000
27,541,0,,,,,,0.0000,0.671005,0.000000
27,542,0,,,,,,0.0000,0.698580,0.000000
27,543,0,,,,,,0.0000,0.700339,0.000000
27,544,0,,,,,,0.0000,0.681060,0.000000
27,545,0,,,,,,0.0000,0.700528,0.000000
27,546,0,,,,,,0.0000,0.683827,0.000000
27,547,0,,,,,,0.0000,0.670361,0.000000
27,548,0,,,,,,0.0000,0.681683,0.000000
27,549,0,,,,,,0.0000,0.691056,0.000000
27,550,0,,,,,,0.0000,0.682162,0.000000
27,551,0,,,,,,0.0000,0.688172,0.000000
27,552,0,,,,,,0.0000,0.668495,0.000000
27,553,0,,,,,,0.0000,0.680360,0.000000
27,554,0,,,,,,0.0000,0.676796,0.000000
27,555,0,,,,,,0.0000,0.702886,0.000000
27,556,0,,,,,,0.0000,0.684585,0.000000
27,557,0,,,,,,0.0000,0.668755,0.000000
27,558,0,,,,,,0.0000,0.703136,0.000000
27,559,0,,,,,,0.0000,0.718219,0.000000
27,560,0,,,,,,0.0000,0.693576,0.000000
27,561,0,,,,,,0.0000,0.661079,0.000000
27,562,0,,,,,,0.0000,0.700230,0.000000
27,563,0,,,,,,0.0000,0.716894,0.000000
27,564,0,,,,,,0.0000,0.684525,0.000000
27,565,0,,,,,,0.0000,0.663491,0.000000
27,566,0,,,,,,0.0000,0.667513,0.000000
27,567,0,,,,,,0.0000,0.686974,0.000000
27,568,0,,,,,,0.0000,0.724775,0.000000
27,569,0,,,,,,0.0000,0.677682,0.000000
27,570,0,,,,,,0.0000,0.664006,0.000000
27,571,0,,,,,,0.0000,0.684354,0.000000
27,572,0,,,,,,0.0000,0.690485,0.000000
27,573,0,,,,,,0.0000,0.654650,0.000000
27,574,0,,,,,,0.0000,0.679101,0.000000
27,575,0,,,,,,0.0000,0.717633,0.000000
27,576,0,,,,,,0.0000,0.688828,0.000000
27,577,0,,,,,,0.0000,0.670744,0.000000
27,578,0,,,,,,0.0000,0.682681,0.000000
27,579,0,,,,,,0.0000,0.694247,0.000000
27,580,0,,,,,,0.0000,0.688203,0.000000
27,581,0,,,,,,0.0000,0.673390,0.000000
27,582,0,,,,,,0.0000,0.698699,0.000000
27,583,0,,,,,,0.0000,0.728251,0.000000
27,584,0,,,,,,0.0000,0.698913,0.000000
27,585,0,,,,,,0.0000,0.688204,0.000000
27,586,0,,,,,,0.0000,0.702952,0.000000
27,587,0,,,,,,0.0000,0.675072,0.000000
27,588,0,,,,,,0.0000,0.656791,0.000000
27,589,0,,,,,,0.0000,0.671229,0.000000
27,590,0,,,,,,0.0000,0.686520,0.000000
27,591,0,,,,,,0.0000,0.697618,0.000000
27,592,0,,,,,,0.0000,0.693376,0.000000
27,593,0,,,,,,0.0000,0.675182,0.000000
27,594,0,,,,,,0.0000,0.679373,0.000000
27,595,0,,,,,,0.0000,0.704356,0.000000
27,596,0,,,,,,0.0000,0.689700,0.000000
27,597,0,,,,,,0.0000,0.666754,0.000000
27,598,0,,,,,,0.0000,0.688297,0.000000
27,599,0,,,,,,0.0000,0.675346,0.000000
27,600,0,,,,,,0.0000,0.662357,0.000000
27,601,0,,,,,,0.0000,0.680702,0.000000
27,602,0,,,,,,0.0000,0.695921,0.000000
27,603,0,,,,,,0.0000,0.678487,0.000000
27,604,0,,,,,,0.0000,0.682596,0.000000
27,605,0,,,,,,0.0000,0.680099,0.000000
27,606,0,,,,,,0.0000,0.689309,0.000000
27,607,0,,,,,,0.0000,0.703810,0.000000
27,608,0,,,,,,0.0000,0.674431,0.000000
27,609,0,,,,,,0.0000,0.679859,0.000000
27,610,0,,,,,,0.0000,0.693498,0.000000
27,611,0,,,,,,0.0000,0.695501,0.000000
27,612,0,,,,,,0.0000,0.678065,0.000000
27,613,0,,,,,,0.0000,0.669063,0.000000
27,614,0,,,,,,0.0000,0.694555,0.000000
27,615,0,,,,,,0.0000,0.699055,0.000000
27,616,0,,,,,,0.0000,0.671644,0.000000
27,617,0,,,,,,0.0000,0.659057,0.000000
27,618,0,,,,,,0.0000,0.701969,0.000000
27,619,0,,,,,,0.0000,0.716369,0.000000
27,620,0,,,,,,0.0000,0.678705,0.000000
27,621,0,,,,,,0.0000,0.666960,0.000000
27,622,0,,,,,,0.0000,0.692531,0.000000
27,623,0,,,,,,0.0000,0.704276,0.000000
27,624,0,,,,,,0.0000,0.681667,0.000000
27,625,0,,,,,,0.0000,0.672965,0.000000
27,626,0,,,,,,0.0000,0.674417,0.000000
27,627,0,,,,,,0.0000,0.689425,0.000000
27,628,0,,,,,,0.0000,0.675980,0.000000
27,629,0,,,,,,0.0000,0.683052,0.000000
27,630,0,,,,,,0.0000,0.702206,0.000000
27,631,0,,,,,,0.0000,0.719564,0.000000
27,632,0,,,,,,0.0000,0.679507,0.000000
27,633,0,,,,,,0.0000,0.670798,0.000000
27,634,0,,,,,,0.0000,0.685929,0.000000
27,635,0,,,,,,0.0000,0.686878,0.000000
27,636,0,,,,,,0.0000,0.692502,0.000000
27,637,0,,,,,,0.0000,0.686760,0.000000
27,638,0,,,,,,0.0000,0.688315,0.000000
27,639,0,,,,,,0.0000,0.676646,0.000000
27,640,1,0.855979,0.000623,0.237881,0.000000,1.000000,1.0000,0.680147,0.210098
27,641,4,0.274321,0.068565,0.417248,0.723421,0.961145,4.0000,0.587436,0.424233
27,642,8,0.108256,0.081288,0.532760,0.124385,0.508097,9.0000,0.559174,0.648606
27,643,9,0.106977,0.088207,0.551335,0.098272,0.490335,12.0000,0.651559,0.684687
27,644,10,0.099291,0.087345,0.575059,0.080122,0.489989,8.0000,0.684872,0.723876
27,645,11,0.099148,0.084828,0.575772,0.074256,0.550102,7.0000,0.697465,0.725262
27,646,12,0.087430,0.082979,0.582028,0.071835,0.542468,4.0000,0.601214,0.737413
27,647,12,0.084593,0.069215,0.600425,0.066979,0.544455,6.0000,0.591416,0.773148
27,648,13,0.055022,0.045010,0.638251,0.066160,0.674066,15.0000,0.578786,0.846425
27,649,15,0.051379,0.041687,0.643395,0.053404,0.664193,12.0000,0.620677,0.856416
27,650,3,0.221081,0.157189,0.459905,0.170226,0.181550,4.0000,0.743946,0.485323
27,651,7,0.163663,0.110844,0.553414,0.228659,0.750012,6.0000,0.653794,0.629287
27,652,8,0.147150,0.119888,0.556526,0.211716,0.684707,9.0000,0.547431,0.635474
27,653,9,0.142642,0.120798,0.563252,0.208192,0.752535,15.0000,0.564409,0.648845
27,654,7,0.127477,0.096979,0.575910,0.203963,0.512218,5.0000,0.681195,0.674011
27,655,8,0.115158,0.060441,0.610092,0.069307,0.482714,6.0000,0.685629,0.741965
27,656,9,0.055679,0.057292,0.640234,0.081094,0.329619,10.0000,0.618898,0.801888
27,657,10,0.053144,0.040426,0.644808,0.100377,0.555181,7.0000,0.587372,0.810981
27,658,11,0.051132,0.041766,0.654495,0.081814,0.557305,7.0000,0.629239,0.830237
27,659,14,0.048208,0.037873,0.659978,0.060436,0.660893,8.0000,0.592369,0.841138
27,660,3,0.263903,0.039115,0.517992,0.767569,0.755990,6.0000,0.762039,0.539883
27,661,6,0.180693,0.104965,0.596429,0.033505,0.600203,7.0000,0.662987,0.671519
27,662,6,0.180693,0.104965,0.596429,0.033505,0.600203,5.0000,0.589240,0.671519
27,663,6,0.180693,0.104965,0.596429,0.033505,0.600203,9.0000,0.623757,0.671519
27,664,7,0.177248,0.097258,0.608387,0.097868,0.706615,7.0000,0.663254,0.695866
27,665,8,0.134840,0.072625,0.646302,0.182761,0.707774,12.0000,0.692204,0.773063
27,666,9,0.130151,0.031702,0.665566,0.121669,0.847278,12.0000,0.626983,0.812283
27,667,14,0.088815,0.031912,0.683110,0.103704,0.867242,11.0000,0.562627,0.848004
27,668,14,0.068236,0.031811,0.708733,0.138663,0.844618,9.0000,0.619611,0.900172
27,669,14,0.068236,0.031811,0.708733,0.138663,0.844618,10.0000,0.648566,0.900172
27,670,1,0.835398,0.000445,0.274969,0.000000,1.000000,4.0000,0.764094,0.208163
27,671,5,0.152860,0.082595,0.563709,0.127036,0.520495,9.0000,0.589375,0.596831
27,672,7,0.144393,0.060192,0.621771,0.096353,0.697354,11.0000,0.611990,0.697556
27,673,7,0.144382,0.059167,0.622133,0.102054,0.705897,13.0000,0.614843,0.698296
27,674,10,0.094541,0.051911,0.635993,0.074954,0.713551,9.0000,0.630863,0.726695
27,675,10,0.094541,0.051911,0.635993,0.074954,0.713551,5.0000,0.623742,0.726695
27,676,13,0.087633,0.056149,0.649743,0.060266,0.671531,12.0000,0.639155,0.754869
27,677,14,0.085353,0.057373,0.669402,0.061369,0.655900,12.0000,0.608481,0.795151
27,678,14,0.068776,0.047930,0.721758,0.059801,0.772168,15.0000,0.587366,0.902428
27,679,14,0.068776,0.047931,0.721766,0.059826,0.772288,9.0000,0.612196,0.902445
27,680,1,0.822743,0.124889,0.130865,0.000000,1.000000,1.0000,0.757945,0.000520
27,681,5,0.145229,0.087167,0.564911,0.197903,0.593491,7.0000,0.647120,0.640941
27,682,8,0.107274,0.081870,0.658921,0.161327,0.518350,12.0000,0.575860,0.751334
27,683,9,0.079849,0.049447,0.687715,0.120709,0.534948,15.0000,0.556140,0.810937
27,684,12,0.069958,0.046399,0.697158,0.059275,0.707811,12.0000,0.638289,0.830485
27,685,14,0.069376,0.045156,0.700365,0.049963,0.804578,15.0000,0.682757,0.837123
27,686,14,0.069376,0.045156,0.700365,0.049963,0.804578,13.0000,0.596496,0.837123
27,687,13,0.068597,0.043308,0.706930,0.073640,0.804986,11.0000,0.620456,0.850713
27,688,13,0.068597,0.043308,0.706930,0.073640,0.804986,7.0000,0.616793,0.850713
27,689,14,0.068597,0.046826,0.707613,0.070977,0.772343,10.0000,0.658663,0.852127
27,690,2,0.711844,0.070804,0.273808,0.000000,0.870312,4.0000,0.766130,0.224828
27,691,6,0.160435,0.077093,0.584407,0.144541,0.733812,6.0000,0.635394,0.606441
27,692,10,0.068271,0.052469,0.681647,0.117825,0.551347,17.0000,0.586791,0.790128
27,693,11,0.066496,0.050153,0.693711,0.062208,0.549404,6.0000,0.634723,0.815537
27,694,11,0.066496,0.050153,0.693711,0.062208,0.549404,8.0000,0.644240,0.815537
27,695,12,0.058222,0.057936,0.704986,0.057470,0.486275,12.0000,0.610156,0.839285
27,696,14,0.056780,0.055223,0.712147,0.060387,0.617019,8.0000,0.598960,0.845981
27,697,14,0.056625,0.058365,0.713158,0.053590,0.599166,11.0000,0.590039,0.848110
27,698,15,0.056420,0.056482,0.713481,0.056471,0.642662,12.0000,0.621726,0.848791
27,699,15,0.056230,0.055962,0.715475,0.055769,0.644782,6.0000,0.615287,0.852992
27,700,2,0.352614,0.030794,0.457477,0.000000,0.031630,5.0000,0.701096,0.307835
27,701,3,0.309150,0.026158,0.497261,0.965400,0.845548,4.0000,0.660906,0.391157
27,702,6,0.145136,0.057361,0.640823,0.209621,0.750941,9.0000,0.583923,0.691828
27,703,9,0.103956,0.068878,0.659078,0.155337,0.642298,12.0000,0.587942,0.730060
27,704,10,0.103839,0.087739,0.659559,0.078361,0.486243,11.0000,0.634577,0.731067
27,705,11,0.094425,0.083853,0.677751,0.057893,0.467243,11.0000,0.675527,0.769168
27,706,13,0.065831,0.054611,0.698645,0.041181,0.641859,14.0000,0.614809,0.812929
27,707,12,0.062979,0.052519,0.706724,0.046928,0.643084,10.0000,0.546997,0.829849
27,708,13,0.062979,0.055731,0.707134,0.042262,0.601809,9.0000,0.613542,0.830706
27,709,13,0.043002,0.044500,0.725062,0.061502,0.560382,16.0000,0.697270,0.868254
27,710,4,0.236103,0.056751,0.577268,0.034232,0.907619,5.0000,0.764531,0.587804
27,711,5,0.173669,0.070784,0.594256,0.201304,0.646601,1.0000,0.638479,0.623585
27,712,5,0.173669,0.070784,0.594256,0.201304,0.646601,5.0000,0.567141,0.623585
27,713,7,0.157982,0.070310,0.622174,0.202953,0.813839,7.0000,0.623021,0.682388
27,714,10,0.123883,0.057424,0.657267,0.118163,0.730176,16.0000,0.661223,0.736218
27,715,10,0.123883,0.057424,0.657267,0.118163,0.730176,9.0000,0.667219,0.736218
27,716,12,0.123641,0.052607,0.661621,0.118675,0.831499,7.0000,0.631034,0.740381
27,717,11,0.100994,0.043691,0.681771,0.142283,0.738058,10.0000,0.639342,0.782002
27,718,12,0.100543,0.042924,0.684837,0.065638,0.705925,7.0000,0.642076,0.788460
27,719,13,0.099733,0.041423,0.686220,0.059623,0.750924,13.0000,0.661202,0.791373
27,720,1,0.828481,0.000761,0.281976,0.000000,1.000000,1.0000,0.767826,0.206865
27,721,4,0.271222,0.160178,0.500948,0.427761,0.524941,6.0000,0.642445,0.424327
27,722,4,0.181536,0.034307,0.581786,0.277090,0.489083,4.0000,0.620800,0.591662
27,723,7,0.103670,0.042716,0.635786,0.280712,0.769125,8.0000,0.618801,0.703443
27,724,9,0.087732,0.047513,0.653793,0.121992,0.653805,5.0000,0.665107,0.740718
27,725,13,0.060803,0.052386,0.684513,0.083862,0.637089,11.0000,0.659390,0.804310
27,726,14,0.060803,0.057200,0.687627,0.084413,0.671390,9.0000,0.670129,0.810756
27,727,17,0.056121,0.062027,0.696779,0.064883,0.594026,12.0000,0.643597,0.829701
27,728,21,0.051589,0.057180,0.699044,0.062437,0.696343,14.0000,0.604948,0.834389
27,729,19,0.046902,0.049070,0.703093,0.067197,0.661082,8.0000,0.612596,0.842770
27,730,3,0.312044,0.016725,0.506709,0.924359,0.817345,5.0000,0.772620,0.461794
27,731,6,0.133029,0.038211,0.603448,0.244348,0.641524,8.0000,0.702717,0.660011
27,732,8,0.069232,0.043385,0.661008,0.122409,0.415603,14.0000,0.614171,0.777952
27,733,11,0.052146,0.042388,0.674969,0.078270,0.621132,14.0000,0.605589,0.806557
27,734,11,0.052146,0.042388,0.674969,0.078270,0.621132,6.0000,0.643210,0.806557
27,735,11,0.052146,0.042388,0.674969,0.078270,0.621132,9.0000,0.712963,0.806557
27,736,11,0.051826,0.041875,0.676794,0.077525,0.625575,7.0000,0.634856,0.810296
27,737,12,0.051826,0.046297,0.677184,0.062119,0.606010,8.0000,0.591204,0.811097
27,738,12,0.051931,0.044993,0.692678,0.052127,0.560656,8.0000,0.659691,0.842844
27,739,13,0.052242,0.041955,0.721612,0.046217,0.624208,13.0000,0.657920,0.902129
27,740,1,0.721608,0.092677,0.241703,0.000000,1.000000,1.0000,0.706168,0.201148
27,741,4,0.274859,0.046993,0.506698,0.055733,0.981495,8.0000,0.610340,0.499643
27,742,7,0.139358,0.070332,0.581702,0.094522,0.705857,10.0000,0.580313,0.645058
27,743,10,0.095905,0.033350,0.638566,0.119207,0.909394,13.0000,0.651093,0.760360
27,744,12,0.060157,0.040016,0.669859,0.095898,0.721265,7.0000,0.692897,0.824074
27,745,13,0.060157,0.042648,0.669871,0.093342,0.749691,5.0000,0.648614,0.824099
27,746,13,0.060157,0.041635,0.672348,0.093138,0.753363,10.0000,0.645761,0.826092
27,747,14,0.059731,0.041538,0.682971,0.061823,0.729256,9.0000,0.644346,0.847721
27,748,14,0.059006,0.037716,0.686791,0.064561,0.819642,14.0000,0.649453,0.855499
27,749,14,0.064274,0.038919,0.695693,0.042362,0.844208,10.0000,0.627384,0.873622
27,750,2,0.326333,0.098445,0.378351,0.000000,0.140533,2.0000,0.731033,0.329337
27,751,3,0.240850,0.086973,0.422338,0.525277,0.391233,7.0000,0.634354,0.387472
27,752,7,0.135057,0.061698,0.552954,0.177308,0.725022,12.0000,0.586134,0.647140
27,753,9,0.091989,0.064855,0.606288,0.144874,0.612401,4.0000,0.580636,0.746293
27,754,9,0.081620,0.057584,0.644643,0.124887,0.545195,9.0000,0.641146,0.813160
27,755,10,0.056696,0.027924,0.672154,0.104655,0.648165,8.0000,0.637310,0.865344
27,756,11,0.056466,0.024853,0.673156,0.111584,0.768694,7.0000,0.604140,0.867337
27,757,11,0.055885,0.021697,0.680313,0.114811,0.804421,9.0000,0.699256,0.881564
27,758,9,0.055852,0.021782,0.680693,0.109388,0.621150,12.0000,0.693901,0.882320
27,759,9,0.055852,0.021782,0.680693,0.109388,0.621150,5.0000,0.661316,0.882320
27,760,1,0.803791,0.112005,0.127385,0.000000,1.000000,1.0000,0.725330,0.079411
27,761,2,0.309465,0.093446,0.333447,0.000000,0.202599,5.0000,0.658763,0.298854
27,762,6,0.156520,0.097728,0.474772,0.096674,0.707622,11.0000,0.619988,0.558726
27,763,8,0.117648,0.056475,0.589561,0.042836,0.620962,10.0000,0.699754,0.749724
27,764,11,0.107498,0.047981,0.622294,0.055958,0.465106,12.0000,0.675188,0.807313
27,765,11,0.077188,0.044893,0.633552,0.065224,0.425869,7.0000,0.615149,0.829181
27,766,11,0.082794,0.042339,0.647609,0.119625,0.785444,11.0000,0.655983,0.856485
27,767,11,0.082794,0.042339,0.647609,0.119625,0.785444,8.0000,0.631753,0.856485
27,768,11,0.082794,0.042339,0.647609,0.119625,0.785444,9.0000,0.614494,0.856485
27,769,13,0.074187,0.039057,0.652771,0.043289,0.768576,6.0000,0.604705,0.866512
27,770,2,0.450822,0.077360,0.275631,0.000000,0.615685,2.0000,0.742551,0.339036
27,771,5,0.115789,0.072768,0.539841,0.120063,0.420402,8.0000,0.679279,0.739174
27,772,7,0.095548,0.045095,0.596208,0.097935,0.571452,11.0000,0.586950,0.823328
27,773,8,0.078691,0.047755,0.600533,0.073108,0.527461,2.0000,0.573103,0.831662
27,774,8,0.078691,0.047755,0.600533,0.073108,0.527461,3.0000,0.638734,0.831662
27,775,9,0.078095,0.045186,0.602038,0.096147,0.625476,4.0000,0.699784,0.834562
27,776,11,0.061640,0.036315,0.620613,0.064369,0.587791,10.0000,0.632341,0.863413
27,777,11,0.061596,0.036208,0.621231,0.065702,0.587358,6.0000,0.564432,0.864605
27,778,11,0.061386,0.036146,0.623229,0.065247,0.587409,9.0000,0.591522,0.867702
27,779,11,0.061386,0.036146,0.623229,0.065247,0.587409,10.0000,0.673075,0.867702
27,780,2,0.503532,0.046073,0.303534,0.000000,0.747497,3.0000,0.818513,0.439603
27,781,5,0.186164,0.136296,0.410896,0.167331,0.868554,5.0000,0.580552,0.560434
27,782,9,0.142039,0.108699,0.473292,0.069150,0.723444,7.0000,0.531366,0.678108
27,783,10,0.092485,0.078946,0.533179,0.058151,0.441659,10.0000,0.653606,0.756267
27,784,10,0.092485,0.078946,0.533179,0.058151,0.441659,8.0000,0.738499,0.756267
27,785,12,0.086555,0.070978,0.564954,0.048544,0.509296,6.0000,0.610191,0.808674
27,786,13,0.086321,0.061523,0.567205,0.046614,0.652476,7.0000,0.572005,0.813007
27,787,14,0.085914,0.059413,0.567816,0.044763,0.634814,5.0000,0.681091,0.814183
27,788,14,0.075197,0.045970,0.576457,0.032083,0.717240,9.0000,0.641814,0.830817
27,789,16,0.075073,0.047383,0.578003,0.035385,0.667073,11.0000,0.634981,0.833793
27,790,0,,,,,,0.0000,0.725347,0.000000
27,791,0,,,,,,0.0000,0.792090,0.000000
27,792,0,,,,,,0.0000,0.683940,0.000000
27,793,0,,,,,,0.0000,0.665792,0.000000
27,794,0,,,,,,0.0000,0.714037,0.000000
27,795,0,,,,,,0.0000,0.715664,0.000000
27,796,0,,,,,,0.0000,0.694973,0.000000
27,797,0,,,,,,0.0000,0.695739,0.000000
27,798,0,,,,,,0.0000,0.703772,0.000000
27,799,0,,,,,,0.0000,0.685529,0.000000
27,800,0,,,,,,0.0000,0.695397,0.000000
27,801,0,,,,,,0.0000,0.678245,0.000000
27,802,0,,,,,,0.0000,0.697604,0.000000
27,803,0,,,,,,0.0000,0.703128,0.000000
27,804,0,,,,,,0.0000,0.700336,0.000000
27,805,0,,,,,,0.0000,0.680555,0.000000
27,806,0,,,,,,0.0000,0.663248,0.000000
27,807,0,,,,,,0.0000,0.673970,0.000000
27,808,0,,,,,,0.0000,0.681332,0.000000
27,809,0,,,,,,0.0000,0.683710,0.000000
27,810,0,,,,,,0.0000,0.687150,0.000000
27,811,0,,,,,,0.0000,0.696131,0.000000
27,812,0,,,,,,0.0000,0.675516,0.000000
27,813,0,,,,,,0.0000,0.683798,0.000000
27,814,0,,,,,,0.0000,0.684146,0.000000
27,815,0,,,,,,0.0000,0.670770,0.000000
27,816,0,,,,,,0.0000,0.703421,0.000000
27,817,0,,,,,,0.0000,0.707141,0.000000
27,818,0,,,,,,0.0000,0.684441,0.000000
27,819,0,,,,,,0.0000,0.643340,0.000000
27,820,0,,,,,,0.0000,0.653923,0.000000
27,821,0,,,,,,0.0000,0.700213,0.000000
27,822,0,,,,,,0.0000,0.695624,0.000000
27,823,0,,,,,,0.0000,0.682939,0.000000
27,824,0,,,,,,0.0000,0.660238,0.000000
27,825,0,,,,,,0.0000,0.678336,0.000000
27,826,0,,,,,,0.0000,0.699199,0.000000
27,827,0,,,,,,0.0000,0.698479,0.000000
27,828,0,,,,,,0.0000,0.691720,0.000000
27,829,0,,,,,,0.0000,0.674860,0.000000
27,830,0,,,,,,0.0000,0.663209,0.000000
27,831,0,,,,,,0.0000,0.703658,0.000000
27,832,0,,,,,,0.0000,0.694892,0.000000
27,833,0,,,,,,0.0000,0.681263,0.000000
27,834,0,,,,,,0.0000,0.680445,0.000000
27,835,0,,,,,,0.0000,0.693623,0.000000
27,836,0,,,,,,0.0000,0.693103,0.000000
27,837,0,,,,,,0.0000,0.682023,0.000000
27,838,0,,,,,,0.0000,0.669390,0.000000
27,839,0,,,,,,0.0000,0.676721,0.000000
27,840,0,,,,,,0.0000,0.686592,0.000000
27,841,0,,,,,,0.0000,0.691430,0.000000
27,842,0,,,,,,0.0000,0.694832,0.000000
27,843,0,,,,,,0.0000,0.685090,0.000000
27,844,0,,,,,,0.0000,0.690712,0.000000
27,845,0,,,,,,0.0000,0.678423,0.000000
27,846,0,,,,,,0.0000,0.681902,0.000000
27,847,0,,,,,,0.0000,0.699655,0.000000
27,848,0,,,,,,0.0000,0.687851,0.000000
27,849,0,,,,,,0.0000,0.658573,0.000000
27,850,0,,,,,,0.0000,0.687674,0.000000
27,851,0,,,,,,0.0000,0.675429,0.000000
27,852,0,,,,,,0.0000,0.658369,0.000000
27,853,0,,,,,,0.0000,0.681176,0.000000
27,854,0,,,,,,0.0000,0.739032,0.000000
27,855,0,,,,,,0.0000,0.689849,0.000000
27,856,0,,,,,,0.0000,0.647421,0.000000
27,857,0,,,,,,0.0000,0.669255,0.000000
27,858,0,,,,,,0.0000,0.673215,0.000000
27,859,0,,,,,,0.0000,0.721909,0.000000
27,860,0,,,,,,0.0000,0.687188,0.000000
27,861,0,,,,,,0.0000,0.669875,0.000000
27,862,0,,,,,,0.0000,0.667062,0.000000
27,863,0,,,,,,0.0000,0.703881,0.000000
27,864,0,,,,,,0.0000,0.701309,0.000000
27,865,0,,,,,,0.0000,0.678291,0.000000
27,866,0,,,,,,0.0000,0.660402,0.000000
27,867,0,,,,,,0.0000,0.688356,0.000000
27,868,0,,,,,,0.0000,0.700652,0.000000
27,869,0,,,,,,0.0000,0.698769,0.000000
27,870,0,,,,,,0.0000,0.666842,0.000000
27,871,0,,,,,,0.0000,0.660618,0.000000
27,872,0,,,,,,0.0000,0.720869,0.000000
27,873,0,,,,,,0.0000,0.706392,0.000000
27,874,0,,,,,,0.0000,0.684269,0.000000
27,875,0,,,,,,0.0000,0.652804,0.000000
27,876,0,,,,,,0.0000,0.669893,0.000000
27,877,0,,,,,,0.0000,0.708840,0.000000
27,878,0,,,,,,0.0000,0.688951,0.000000
27,879,0,,,,,,0.0000,0.673804,0.000000
27,880,0,,,,,,0.0000,0.674916,0.000000
27,881,0,,,,,,0.0000,0.677148,0.000000
27,882,0,,,,,,0.0000,0.705786,0.000000
27,883,0,,,,,,0.0000,0.690800,0.000000
27,884,0,,,,,,0.0000,0.665212,0.000000
27,885,0,,,,,,0.0000,0.671601,0.000000
27,886,0,,,,,,0.0000,0.701492,0.000000
27,887,0,,,,,,0.0000,0.689476,0.000000
27,888,0,,,,,,0.0000,0.704739,0.000000
27,889,0,,,,,,0.0000,0.688664,0.000000
27,890,0,,,,,,0.0000,0.683672,0.000000
27,891,0,,,,,,0.0000,0.681373,0.000000
27,892,0,,,,,,0.0000,0.692791,0.000000
27,893,0,,,,,,0.0000,0.684219,0.000000
27,894,0,,,,,,0.0000,0.690390,0.000000
27,895,0,,,,,,0.0000,0.674927,0.000000
27,896,0,,,,,,0.0000,0.675271,0.000000
27,897,0,,,,,,0.0000,0.696591,0.000000
27,898,0,,,,,,0.0000,0.714380,0.000000
27,899,0,,,,,,0.0000,0.689210,0.000000
27,900,0,,,,,,0.0000,0.647987,0.000000
27,901,0,,,,,,0.0000,0.687196,0.000000
27,902,0,,,,,,0.0000,0.689772,0.000000
27,903,0,,,,,,0.0000,0.689220,0.000000
27,904,0,,,,,,0.0000,0.665741,0.000000
27,905,0,,,,,,0.0000,0.674581,0.000000
27,906,0,,,,,,0.0000,0.673525,0.000000
27,907,0,,,,,,0.0000,0.691335,0.000000
27,908,0,,,,,,0.0000,0.676112,0.000000
27,909,0,,,,,,0.0000,0.675410,0.000000
27,910,0,,,,,,0.0000,0.690462,0.000000
27,911,0,,,,,,0.0000,0.692497,0.000000
27,912,0,,,,,,0.0000,0.714107,0.000000
27,913,0,,,,,,0.0000,0.702464,0.000000
27,914,0,,,,,,0.0000,0.708221,0.000000
27,915,0,,,,,,0.0000,0.684742,0.000000
27,916,0,,,,,,0.0000,0.665067,0.000000
27,917,0,,,,,,0.0000,0.701045,0.000000
27,918,0,,,,,,0.0000,0.709537,0.000000
27,919,0,,,,,,0.0000,0.648649,0.000000
27,920,0,,,,,,0.0000,0.656635,0.000000
27,921,0,,,,,,0.0000,0.690473,0.000000
27,922,0,,,,,,0.0000,0.705964,0.000000
27,923,0,,,,,,0.0000,0.676191,0.000000
27,924,0,,,,,,0.0000,0.681934,0.000000
27,925,0,,,,,,0.0000,0.678549,0.000000
27,926,0,,,,,,0.0000,0.674703,0.000000
27,927,0,,,,,,0.0000,0.669763,0.000000
27,928,0,,,,,,0.0000,0.681089,0.000000
27,929,0,,,,,,0.0000,0.695665,0.000000
27,930,0,,,,,,0.0000,0.710963,0.000000
27,931,0,,,,,,0.0000,0.689936,0.000000
27,932,0,,,,,,0.0000,0.674672,0.000000
27,933,0,,,,,,0.0000,0.666853,0.000000
27,934,0,,,,,,0.0000,0.676359,0.000000
27,935,0,,,,,,0.0000,0.703305,0.000000
27,936,0,,,,,,0.0000,0.700011,0.000000
27,937,0,,,,,,0.0000,0.698672,0.000000
27,938,0,,,,,,0.0000,0.686745,0.000000
27,939,0,,,,,,0.0000,0.685876,0.000000
27,940,0,,,,,,0.0000,0.677686,0.000000
27,941,0,,,,,,0.0000,0.664540,0.000000
27,942,0,,,,,,0.0000,0.679389,0.000000
27,943,0,,,,,,0.0000,0.707730,0.000000
27,944,0,,,,,,0.0000,0.696494,0.000000
27,945,0,,,,,,0.0000,0.674051,0.000000
27,946,0,,,,,,0.0000,0.685881,0.000000
27,947,0,,,,,,0.0000,0.701061,0.000000
27,948,0,,,,,,0.0000,0.697148,0.000000
27,949,0,,,,,,0.0000,0.679893,0.000000
27,950,0,,,,,,0.0000,0.679892,0.000000
27,951,0,,,,,,0.0000,0.654336,0.000000
27,952,0,,,,,,0.0000,0.692820,0.000000
27,953,0,,,,,,0.0000,0.699666,0.000000
27,954,0,,,,,,0.0000,0.677245,0.000000
27,955,0,,,,,,0.0000,0.656163,0.000000
27,956,0,,,,,,0.0000,0.667768,0.000000
27,957,0,,,,,,0.0000,0.707216,0.000000
27,958,0,,,,,,0.0000,0.706800,0.000000
27,959,0,,,,,,0.0000,0.687939,0.000000
27,960,0,,,,,,0.0000,0.686334,0.000000
27,961,0,,,,,,0.0000,0.672733,0.000000
27,962,0,,,,,,0.0000,0.681424,0.000000
27,963,0,,,,,,0.0000,0.680974,0.000000
27,964,0,,,,,,0.0000,0.666132,0.000000
27,965,0,,,,,,0.0000,0.668564,0.000000
27,966,0,,,,,,0.0000,0.665010,0.000000
27,967,0,,,,,,0.0000,0.686021,0.000000
27,968,0,,,,,,0.0000,0.688724,0.000000
27,969,0,,,,,,0.0000,0.684678,0.000000
27,970,0,,,,,,0.0000,0.699471,0.000000
27,971,0,,,,,,0.0000,0.689334,0.000000
27,972,0,,,,,,0.0000,0.685608,0.000000
27,973,0,,,,,,0.0000,0.687119,0.000000
27,974,0,,,,,,0.0000,0.700235,0.000000
27,975,0,,,,,,0.0000,0.719786,0.000000
27,976,0,,,,,,0.0000,0.678408,0.000000
27,977,0,,,,,,0.0000,0.678720,0.000000
27,978,0,,,,,,0.0000,0.692353,0.000000
27,979,0,,,,,,0.0000,0.672639,0.000000
27,980,0,,,,,,0.0000,0.687768,0.000000
27,981,0,,,,,,0.0000,0.668495,0.000000
27,982,0,,,,,,0.0000,0.673193,0.000000
27,983,0,,,,,,0.0000,0.684201,0.000000
27,984,0,,,,,,0.0000,0.694713,0.000000
27,985,0,,,,,,0.0000,0.693335,0.000000
27,986,0,,,,,,0.0000,0.662615,0.000000
27,987,0,,,,,,0.0000,0.714617,0.000000
27,988,0,,,,,,0.0000,0.707914,0.000000
27,989,0,,,,,,0.0000,0.656678,0.000000
27,990,0,,,,,,0.0000,0.676434,0.000000
27,991,0,,,,,,0.0000,0.721253,0.000000
27,992,0,,,,,,0.0000,0.721249,0.000000
27,993,0,,,,,,0.0000,0.688888,0.000000
27,994,0,,,,,,0.0000,0.671727,0.000000
27,995,0,,,,,,0.0000,0.675645,0.000000
27,996,0,,,,,,0.0000,0.703397,0.000000
27,997,0,,,,,,0.0000,0.680771,0.000000
27,998,0,,,,,,0.0000,0.687243,0.000000
27,999,0,,,,,,0.0000,0.675829,0.000000
27,1000,0,,,,,,0.0000,0.678964,0.000000
28,1,9,0.113576,0.102863,0.569943,0.127853,0.691994,14.0000,0.830279,0.635936
28,2,11,0.113212,0.102981,0.582794,0.125495,0.736690,8.0000,0.956778,0.660173
28,3,11,0.113212,0.102981,0.582794,0.125495,0.736690,3.0000,1.161379,0.660173
28,4,11,0.144394,0.092572,0.589099,0.103962,0.869584,4.0000,1.120698,0.672544
28,5,13,0.106761,0.090300,0.623143,0.058293,0.788160,8.0000,1.029569,0.722698
28,6,13,0.106761,0.090300,0.623143,0.058293,0.788160,6.0000,0.991782,0.722698
28,7,10,0.085597,0.065368,0.661614,0.100671,0.649568,7.0000,1.091682,0.787539
28,8,11,0.072952,0.050606,0.676630,0.097711,0.729258,4.0000,1.106474,0.807233
28,9,11,0.072952,0.050606,0.676630,0.097711,0.729258,4.0000,1.145528,0.807233
28,10,0,,,,,,0.0000,1.057487,0.000000
28,11,0,,,,,,0.0000,1.049130,0.000000
28,12,0,,,,,,0.0000,1.077205,0.000000
28,13,0,,,,,,0.0000,1.087709,0.000000
28,14,0,,,,,,0.0000,1.140956,0.000000
28,15,0,,,,,,0.0000,1.078893,0.000000
28,16,0,,,,,,0.0000,1.077135,0.000000
28,17,0,,,,,,0.0000,1.093293,0.000000
28,18,0,,,,,,0.0000,1.113828,0.000000
28,19,0,,,,,,0.0000,1.113749,0.000000
28,20,0,,,,,,0.0000,1.062697,0.000000
28,21,0,,,,,,0.0000,1.036019,0.000000
28,22,0,,,,,,0.0000,1.110896,0.000000
28,23,0,,,,,,0.0000,1.086804,0.000000
28,24,0,,,,,,0.0000,1.075363,0.000000
28,25,0,,,,,,0.0000,1.062056,0.000000
28,26,0,,,,,,0.0000,1.034663,0.000000
28,27,0,,,,,,0.0000,1.060697,0.000000
28,28,0,,,,,,0.0000,1.099623,0.000000
28,29,0,,,,,,0.0000,1.122041,0.000000
28,30,0,,,,,,0.0000,1.101073,0.000000
28,31,0,,,,,,0.0000,1.056507,0.000000
28,32,0,,,,,,0.0000,1.091591,0.000000
28,33,0,,,,,,0.0000,1.073598,0.000000
28,34,0,,,,,,0.0000,1.081693,0.000000
28,35,0,,,,,,0.0000,1.110951,0.000000
28,36,0,,,,,,0.0000,1.081453,0.000000
28,37,0,,,,,,0.0000,1.083421,0.000000
28,38,0,,,,,,0.0000,1.121993,0.000000
28,39,0,,,,,,0.0000,1.106656,0.000000
28,40,0,,,,,,0.0000,1.060248,0.000000
28,41,0,,,,,,0.0000,1.067789,0.000000
28,42,0,,,,,,0.0000,1.092944,0.000000
28,43,0,,,,,,0.0000,1.091368,0.000000
28,44,0,,,,,,0.0000,1.095083,0.000000
28,45,0,,,,,,0.0000,1.091160,0.000000
28,46,0,,,,,,0.0000,1.039852,0.000000
28,47,0,,,,,,0.0000,1.082727,0.000000
28,48,0,,,,,,0.0000,1.123885,0.000000
28,49,0,,,,,,0.0000,1.075319,0.000000
28,50,0,,,,,,0.0000,1.068695,0.000000
28,51,0,,,,,,0.0000,1.079512,0.000000
28,52,0,,,,,,0.0000,1.085253,0.000000
28,53,0,,,,,,0.0000,1.073810,0.000000
28,54,0,,,,,,0.0000,1.036917,0.000000
28,55,0,,,,,,0.0000,1.062409,0.000000
28,56,0,,,,,,0.0000,1.104693,0.000000
28,57,0,,,,,,0.0000,1.082582,0.000000
28,58,0,,,,,,0.0000,1.041193,0.000000
28,59,0,,,,,,0.0000,1.043754,0.000000
28,60,0,,,,,,0.0000,1.090773,0.000000
28,61,0,,,,,,0.0000,1.102389,0.000000
28,62,0,,,,,,0.0000,1.026178,0.000000
28,63,0,,,,,,0.0000,1.076470,0.000000
28,64,0,,,,,,0.0000,1.089719,0.000000
28,65,0,,,,,,0.0000,1.094357,0.000000
28,66,0,,,,,,0.0000,1.100886,0.000000
28,67,0,,,,,,0.0000,1.099770,0.000000
28,68,0,,,,,,0.0000,1.048921,0.000000
28,69,0,,,,,,0.0000,1.073683,0.000000
28,70,0,,,,,,0.0000,1.119278,0.000000
28,71,0,,,,,,0.0000,1.101116,0.000000
28,72,0,,,,,,0.0000,1.045046,0.000000
28,73,0,,,,,,0.0000,1.044611,0.000000
28,74,0,,,,,,0.0000,1.062738,0.000000
28,75,0,,,,,,0.0000,1.071021,0.000000
28,76,0,,,,,,0.0000,1.063830,0.000000
28,77,0,,,,,,0.0000,1.062775,0.000000
28,78,0,,,,,,0.0000,1.051486,0.000000
28,79,0,,,,,,0.0000,1.079384,0.000000
28,80,0,,,,,,0.0000,1.101324,0.000000
28,81,0,,,,,,0.0000,1.066811,0.000000
28,82,0,,,,,,0.0000,1.016202,0.000000
28,83,0,,,,,,0.0000,1.021365,0.000000
28,84,0,,,,,,0.0000,1.143506,0.000000
28,85,0,,,,,,0.0000,1.168458,0.000000
28,86,0,,,,,,0.0000,1.091932,0.000000
28,87,0,,,,,,0.0000,1.037016,0.000000
28,88,0,,,,,,0.0000,1.070336,0.000000
28,89,0,,,,,,0.0000,1.098263,0.000000
28,90,0,,,,,,0.0000,1.086408,0.000000
28,91,0,,,,,,0.0000,1.098971,0.000000
28,92,0,,,,,,0.0000,1.092265,0.000000
28,93,0,,,,,,0.0000,1.064838,0.000000
28,94,0,,,,,,0.0000,1.053201,0.000000
28,95,0,,,,,,0.0000,1.069988,0.000000
28,96,0,,,,,,0.0000,1.080542,0.000000
28,97,0,,,,,,0.0000,1.066060,0.000000
28,98,0,,,,,,0.0000,1.084456,0.000000
28,99,0,,,,,,0.0000,1.083202,0.000000
28,100,0,,,,,,0.0000,1.075922,0.000000
28,101,0,,,,,,0.0000,1.083201,0.000000
28,102,0,,,,,,0.0000,1.078478,0.000000
28,103,0,,,,,,0.0000,1.068590,0.000000
28,104,0,,,,,,0.0000,1.056923,0.000000
28,105,0,,,,,,0.0000,1.060243,0.000000
28,106,0,,,,,,0.0000,1.119696,0.000000
28,107,0,,,,,,0.0000,1.092663,0.000000
28,108,0,,,,,,0.0000,1.048623,0.000000
28,109,0,,,,,,0.0000,1.048181,0.000000
28,110,0,,,,,,0.0000,1.077924,0.000000
28,111,0,,,,,,0.0000,1.072379,0.000000
28,112,0,,,,,,0.0000,1.053792,0.000000
28,113,0,,,,,,0.0000,1.097138,0.000000
28,114,0,,,,,,0.0000,1.075190,0.000000
28,115,0,,,,,,0.0000,1.081455,0.000000
28,116,0,,,,,,0.0000,1.074759,0.000000
28,117,0,,,,,,0.0000,1.053126,0.000000
28,118,0,,,,,,0.0000,1.033452,0.000000
28,119,0,,,,,,0.0000,1.103423,0.000000
28,120,0,,,,,,0.0000,1.095604,0.000000
28,121,0,,,,,,0.0000,1.041576,0.000000
28,122,0,,,,,,0.0000,1.017738,0.000000
28,123,0,,,,,,0.0000,1.060131,0.000000
28,124,0,,,,,,0.0000,1.104423,0.000000
28,125,0,,,,,,0.0000,1.113810,0.000000
28,126,0,,,,,,0.0000,1.096102,0.000000
28,127,0,,,,,,0.0000,1.090374,0.000000
28,128,0,,,,,,0.0000,1.103933,0.000000
28,129,0,,,,,,0.0000,1.060230,0.000000
28,130,0,,,,,,0.0000,1.082251,0.000000
28,131,0,,,,,,0.0000,1.062608,0.000000
28,132,0,,,,,,0.0000,1.066375,0.000000
28,133,0,,,,,,0.0000,1.050432,0.000000
28,134,0,,,,,,0.0000,1.042933,0.000000
28,135,0,,,,,,0.0000,1.117849,0.000000
28,136,0,,,,,,0.0000,1.119885,0.000000
28,137,0,,,,,,0.0000,1.107759,0.000000
28,138,0,,,,,,0.0000,1.033692,0.000000
28,139,0,,,,,,0.0000,1.052527,0.000000
28,140,0,,,,,,0.0000,1.128027,0.000000
28,141,0,,,,,,0.0000,1.095785,0.000000
28,142,0,,,,,,0.0000,1.071481,0.000000
28,143,0,,,,,,0.0000,1.089934,0.000000
28,144,0,,,,,,0.0000,1.118937,0.000000
28,145,0,,,,,,0.0000,1.120012,0.000000
28,146,0,,,,,,0.0000,1.087745,0.000000
28,147,0,,,,,,0.0000,1.060071,0.000000
28,148,0,,,,,,0.0000,1.037855,0.000000
28,149,0,,,,,,0.0000,1.131118,0.000000
28,150,0,,,,,,0.0000,1.110336,0.000000
28,151,0,,,,,,0.0000,1.046217,0.000000
28,152,0,,,,,,0.0000,1.040913,0.000000
28,153,0,,,,,,0.0000,1.084114,0.000000
28,154,0,,,,,,0.0000,1.099846,0.000000
28,155,0,,,,,,0.0000,1.047436,0.000000
28,156,0,,,,,,0.0000,1.048169,0.000000
28,157,0,,,,,,0.0000,1.081534,0.000000
28,158,0,,,,,,0.0000,1.128208,0.000000
28,159,0,,,,,,0.0000,1.137564,0.000000
28,160,0,,,,,,0.0000,1.039216,0.000000
28,161,0,,,,,,0.0000,1.036330,0.000000
28,162,0,,,,,,0.0000,1.152107,0.000000
28,163,0,,,,,,0.0000,1.146732,0.000000
28,164,0,,,,,,0.0000,1.052301,0.000000
28,165,0,,,,,,0.0000,1.050515,0.000000
28,166,0,,,,,,0.0000,1.115312,0.000000
28,167,0,,,,,,0.0000,1.087409,0.000000
28,168,0,,,,,,0.0000,1.049240,0.000000
28,169,0,,,,,,0.0000,1.043042,0.000000
28,170,0,,,,,,0.0000,1.095349,0.000000
28,171,0,,,,,,0.0000,1.125832,0.000000
28,172,0,,,,,,0.0000,0.999231,0.000000
28,173,0,,,,,,0.0000,1.037867,0.000000
28,174,0,,,,,,0.0000,1.124354,0.000000
28,175,0,,,,,,0.0000,1.120944,0.000000
28,176,0,,,,,,0.0000,1.021436,0.000000
28,177,0,,,,,,0.0000,1.053269,0.000000
28,178,0,,,,,,0.0000,1.123333,0.000000
28,179,0,,,,,,0.0000,1.108725,0.000000
28,180,0,,,,,,0.0000,1.098114,0.000000
28,181,0,,,,,,0.0000,1.063716,0.000000
28,182,0,,,,,,0.0000,1.086568,0.000000
28,183,0,,,,,,0.0000,1.090373,0.000000
28,184,0,,,,,,0.0000,1.069318,0.000000
28,185,0,,,,,,0.0000,1.085044,0.000000
28,186,0,,,,,,0.0000,1.078668,0.000000
28,187,0,,,,,,0.0000,1.094903,0.000000
28,188,0,,,,,,0.0000,1.064869,0.000000
28,189,0,,,,,,0.0000,1.046845,0.000000
28,190,0,,,,,,0.0000,1.065411,0.000000
28,191,0,,,,,,0.0000,1.073617,0.000000
28,192,0,,,,,,0.0000,1.061516,0.000000
28,193,0,,,,,,0.0000,1.049919,0.000000
28,194,0,,,,,,0.0000,1.090408,0.000000
28,195,0,,,,,,0.0000,1.158478,0.000000
28,196,0,,,,,,0.0000,1.057474,0.000000
28,197,0,,,,,,0.0000,1.082569,0.000000
28,198,0,,,,,,0.0000,1.084290,0.000000
28,199,0,,,,,,0.0000,1.102737,0.000000
28,200,0,,,,,,0.0000,1.068842,0.000000
28,201,0,,,,,,0.0000,1.035036,0.000000
28,202,0,,,,,,0.0000,1.050804,0.000000
28,203,0,,,,,,0.0000,1.119378,0.000000
28,204,0,,,,,,0.0000,1.123912,0.000000
28,205,0,,,,,,0.0000,1.086791,0.000000
28,206,0,,,,,,0.0000,1.045739,0.000000
28,207,0,,,,,,0.0000,1.036496,0.000000
28,208,0,,,,,,0.0000,1.097189,0.000000
28,209,0,,,,,,0.0000,1.104504,0.000000
28,210,0,,,,,,0.0000,1.081221,0.000000
28,211,0,,,,,,0.0000,1.059339,0.000000
28,212,0,,,,,,0.0000,1.056196,0.000000
28,213,0,,,,,,0.0000,1.074067,0.000000
28,214,0,,,,,,0.0000,1.125076,0.000000
28,215,0,,,,,,0.0000,1.141956,0.000000
28,216,0,,,,,,0.0000,1.049011,0.000000
28,217,0,,,,,,0.0000,1.043348,0.000000
28,218,0,,,,,,0.0000,1.110516,0.000000
28,219,0,,,,,,0.0000,1.085666,0.000000
28,220,0,,,,,,0.0000,1.071322,0.000000
28,221,0,,,,,,0.0000,1.050172,0.000000
28,222,0,,,,,,0.0000,1.099114,0.000000
28,223,0,,,,,,0.0000,1.169966,0.000000
28,224,0,,,,,,0.0000,1.077879,0.000000
28,225,0,,,,,,0.0000,1.036688,0.000000
28,226,0,,,,,,0.0000,1.014950,0.000000
28,227,0,,,,,,0.0000,1.124107,0.000000
28,228,0,,,,,,0.0000,1.143668,0.000000
28,229,0,,,,,,0.0000,1.101540,0.000000
28,230,0,,,,,,0.0000,1.040463,0.000000
28,231,0,,,,,,0.0000,1.028169,0.000000
28,232,0,,,,,,0.0000,1.099710,0.000000
28,233,0,,,,,,0.0000,1.134298,0.000000
28,234,0,,,,,,0.0000,1.094269,0.000000
28,235,0,,,,,,0.0000,1.036698,0.000000
28,236,0,,,,,,0.0000,1.099217,0.000000
28,237,0,,,,,,0.0000,1.116693,0.000000
28,238,0,,,,,,0.0000,1.103738,0.000000
28,239,0,,,,,,0.0000,1.087712,0.000000
28,240,0,,,,,,0.0000,1.030544,0.000000
28,241,1,0.855409,0.000518,0.355235,0.000000,1.000000,1.0000,1.069670,0.212523
28,242,5,0.150537,0.047394,0.757681,0.352253,0.662111,8.0000,0.800015,0.748038
28,243,7,0.143588,0.059706,0.764408,0.034833,0.726480,8.0000,0.751311,0.756427
28,244,8,0.142600,0.060784,0.764490,0.032940,0.720945,6.0000,0.876729,0.756585
28,245,9,0.079062,0.057559,0.779678,0.090313,0.565484,9.0000,0.955919,0.786087
28,246,9,0.079062,0.057559,0.779678,0.090313,0.565484,6.0000,0.958130,0.786087
28,247,10,0.070657,0.056048,0.800614,0.060584,0.434256,7.0000,0.910300,0.826754
28,248,11,0.069242,0.057711,0.816049,0.075681,0.461458,5.0000,0.925013,0.838962
28,249,9,0.070357,0.047745,0.827229,0.048072,0.418439,10.0000,0.916173,0.860678
28,250,1,0.598777,0.063775,0.277923,0.000000,1.000000,1.0000,1.153519,0.221599
28,251,3,0.221926,0.125805,0.512238,0.445087,0.601742,2.0000,1.061981,0.359911
28,252,8,0.169661,0.113960,0.598794,0.097679,0.610970,8.0000,0.916474,0.531987
28,253,8,0.121340,0.129280,0.692092,0.052062,0.380106,13.0000,0.841595,0.672332
28,254,9,0.121340,0.130644,0.693291,0.084209,0.463444,3.0000,0.987967,0.674717
28,255,9,0.108701,0.109419,0.744526,0.100967,0.381031,3.0000,1.000964,0.703312
28,256,9,0.094859,0.097328,0.801939,0.097061,0.376280,12.0000,0.869771,0.774666
28,257,12,0.091660,0.084709,0.814041,0.107452,0.573962,6.0000,0.912306,0.788409
28,258,13,0.091660,0.081875,0.814083,0.111596,0.661171,6.0000,0.977638,0.788492
28,259,10,0.129465,0.048545,0.829996,0.150064,0.846738,8.0000,0.985539,0.820128
28,260,0,,,,,,0.0000,1.122332,0.000000
28,261,1,0.844751,0.020984,0.315265,0.000000,1.000000,1.0000,1.176927,0.164965
28,262,4,0.176921,0.094153,0.669148,0.440549,0.558882,9.0000,0.825279,0.526457
28,263,6,0.167918,0.134558,0.676398,0.253648,0.664393,10.0000,0.828289,0.541217
28,264,6,0.167918,0.134558,0.676398,0.253648,0.664393,4.0000,0.930452,0.541217
28,265,6,0.154265,0.091595,0.738783,0.231318,0.682372,4.0000,1.010922,0.668234
28,266,7,0.113545,0.073989,0.774465,0.146175,0.478720,5.0000,0.974392,0.706488
28,267,10,0.104268,0.075847,0.798726,0.137294,0.758836,8.0000,0.908669,0.755883
28,268,12,0.089178,0.074822,0.810540,0.126097,0.701246,6.0000,0.932472,0.779723
28,269,12,0.079536,0.072349,0.819647,0.128013,0.694529,4.0000,0.927935,0.798267
28,270,0,,,,,,0.0000,1.057933,0.000000
28,271,1,0.844185,0.017571,0.371792,0.000000,1.000000,1.0000,1.160619,0.170981
28,272,3,0.250861,0.145256,0.596751,0.362830,0.326862,4.0000,0.840785,0.300552
28,273,5,0.157856,0.129533,0.716913,0.192851,0.448264,10.0000,0.754311,0.546763
28,274,6,0.136228,0.054645,0.780990,0.074576,0.557216,11.0000,0.888814,0.653773
28,275,7,0.135762,0.050451,0.783005,0.120005,0.688413,5.0000,0.995509,0.657902
28,276,9,0.127855,0.047573,0.818555,0.055552,0.806090,10.0000,0.975895,0.730744
28,277,11,0.099558,0.064550,0.833844,0.067391,0.532886,12.0000,0.865982,0.762071
28,278,12,0.099558,0.070477,0.834028,0.065910,0.582147,12.0000,0.834586,0.762448
28,279,12,0.099558,0.070477,0.834028,0.065910,0.582147,10.0000,0.882134,0.762448
28,280,0,,,,,,0.0000,1.220124,0.000000
28,281,1,0.841048,0.025015,0.370373,0.000000,1.000000,2.0000,1.266108,0.154015
28,282,4,0.165341,0.093723,0.738614,0.247102,0.429754,8.0000,0.769100,0.639423
28,283,4,0.158409,0.084483,0.745884,0.292575,0.493408,5.0000,0.718836,0.654473
28,284,7,0.130757,0.059068,0.842273,0.068586,0.498924,9.0000,0.931806,0.770631
28,285,8,0.130751,0.057237,0.850735,0.083843,0.561077,8.0000,1.127285,0.774575
28,286,9,0.089165,0.061555,0.865443,0.105198,0.440715,7.0000,0.964582,0.805021
28,287,11,0.085729,0.063403,0.880349,0.097102,0.574092,11.0000,0.839152,0.835875
28,288,13,0.080310,0.060457,0.882732,0.067420,0.510982,4.0000,0.905287,0.840810
28,289,13,0.080310,0.060457,0.882732,0.067420,0.510982,2.0000,0.997627,0.840810
28,290,1,0.836740,0.025043,0.334267,0.000000,1.000000,1.0000,1.183654,0.154230
28,291,1,0.836740,0.025043,0.334267,0.000000,1.000000,2.0000,1.002276,0.154230
28,292,4,0.325482,0.270656,0.478548,0.490775,0.777181,7.0000,0.807243,0.182894
28,293,4,0.155668,0.077221,0.732387,0.191967,0.246220,9.0000,0.906540,0.508252
28,294,5,0.136249,0.087445,0.756812,0.203438,0.369638,7.0000,0.993428,0.559697
28,295,6,0.135578,0.059027,0.835938,0.015375,0.538468,7.0000,0.975997,0.726355
28,296,6,0.135578,0.059027,0.835938,0.015375,0.538468,3.0000,0.928919,0.726355
28,297,6,0.135578,0.059027,0.835938,0.015375,0.538468,8.0000,0.893945,0.726355
28,298,6,0.135578,0.059027,0.835938,0.015375,0.538468,6.0000,0.971439,0.726355
28,299,7,0.134514,0.057785,0.835969,0.063445,0.650173,5.0000,0.997448,0.726421
28,300,1,0.846408,0.044707,0.353626,0.000000,1.000000,1.0000,1.149576,0.110234
28,301,4,0.352503,0.111575,0.543108,0.212097,0.661523,3.0000,0.906411,0.373977
28,302,6,0.343971,0.093129,0.580081,0.075397,0.706707,7.0000,0.804454,0.451412
28,303,9,0.335659,0.145832,0.613691,0.087125,0.716471,8.0000,0.851182,0.511111
28,304,8,0.069742,0.047319,0.825895,0.150964,0.571531,7.0000,0.971788,0.731402
28,305,11,0.067097,0.051276,0.848900,0.091548,0.572952,8.0000,1.046132,0.749726
28,306,12,0.066060,0.048998,0.850369,0.101036,0.651140,8.0000,0.997198,0.752801
28,307,9,0.065562,0.043981,0.854695,0.079901,0.505651,11.0000,0.845008,0.761539
28,308,10,0.063802,0.045854,0.857011,0.087408,0.585828,8.0000,0.923353,0.766390
28,309,11,0.057473,0.045781,0.871456,0.029793,0.566753,8.0000,1.024388,0.796642
28,310,1,0.826254,0.004800,0.360208,0.000000,1.000000,3.0000,1.176145,0.198816
28,311,2,0.331309,0.119547,0.509664,0.000000,0.307431,2.0000,0.998605,0.275181
28,312,6,0.172035,0.159519,0.711127,0.267925,0.623617,13.0000,0.865986,0.555093
28,313,10,0.123460,0.135835,0.779838,0.113036,0.729192,12.0000,0.953083,0.699816
28,314,10,0.111468,0.125046,0.787749,0.101022,0.752196,8.0000,0.993240,0.716479
28,315,10,0.111468,0.125046,0.787749,0.101022,0.752196,3.0000,0.985239,0.716479
28,316,12,0.107441,0.117887,0.794605,0.045296,0.659281,10.0000,0.906713,0.730919
28,317,9,0.072520,0.055379,0.866257,0.078749,0.542766,10.0000,0.896229,0.790215
28,318,10,0.071012,0.055847,0.866913,0.048599,0.608538,7.0000,0.902266,0.791596
28,319,12,0.070958,0.068160,0.874058,0.045879,0.482814,7.0000,0.905799,0.806646
28,320,1,0.696650,0.211027,0.202937,0.000000,1.000000,1.0000,1.160173,0.022495
28,321,5,0.180332,0.130758,0.677626,0.131406,0.590903,9.0000,0.976923,0.513728
28,322,6,0.116510,0.088958,0.782054,0.143931,0.472355,13.0000,0.825624,0.632403
28,323,6,0.093073,0.059910,0.804055,0.130285,0.469243,10.0000,0.841450,0.677946
28,324,9,0.091644,0.085392,0.829757,0.092734,0.496847,12.0000,0.935574,0.731148
28,325,11,0.086727,0.080888,0.834705,0.078901,0.532183,10.0000,1.026508,0.741391
28,326,12,0.084036,0.078765,0.840460,0.082932,0.581606,6.0000,0.971466,0.753306
28,327,11,0.072791,0.061252,0.859117,0.087671,0.642305,8.0000,0.896669,0.791925
28,328,11,0.063578,0.055206,0.870566,0.096517,0.642690,6.0000,0.862897,0.815625
28,329,15,0.053432,0.055153,0.892498,0.081894,0.644089,8.0000,0.933831,0.861024
28,330,1,0.844252,0.121166,0.250564,0.000000,1.000000,1.0000,1.207688,0.000000
28,331,2,0.306245,0.085710,0.599120,0.000000,0.188616,1.0000,0.984090,0.370391
28,332,3,0.295438,0.018885,0.709391,0.926286,0.897902,7.0000,0.824288,0.549798
28,333,6,0.134515,0.084894,0.766328,0.279694,0.586578,5.0000,0.869388,0.629335
28,334,8,0.133352,0.105117,0.773778,0.199391,0.656411,10.0000,1.027645,0.644600
28,335,9,0.133348,0.099157,0.777582,0.079414,0.746649,4.0000,0.996803,0.646790
28,336,11,0.076668,0.041533,0.860114,0.040011,0.667977,9.0000,0.892988,0.815897
28,337,12,0.074404,0.059124,0.864509,0.065333,0.552248,10.0000,0.850843,0.824903
28,338,12,0.074162,0.058967,0.864660,0.065022,0.555472,7.0000,0.947787,0.825212
28,339,13,0.053666,0.041755,0.871147,0.041820,0.618172,8.0000,0.998975,0.838504
28,340,1,0.846799,0.024906,0.310239,0.000000,1.000000,2.0000,1.221687,0.156449
28,341,4,0.210993,0.124288,0.626316,0.284525,0.531993,5.0000,0.960619,0.512831
28,342,7,0.148113,0.097610,0.696675,0.115026,0.509131,6.0000,0.860746,0.627778
28,343,12,0.086579,0.075941,0.812901,0.079885,0.499987,12.0000,0.896318,0.744582
28,344,12,0.075615,0.065752,0.838999,0.082297,0.624648,4.0000,1.040749,0.797718
28,345,12,0.075615,0.065752,0.838999,0.082297,0.624648,8.0000,0.958650,0.797718
28,346,13,0.069798,0.064244,0.844041,0.069606,0.659516,8.0000,0.922622,0.807984
28,347,15,0.061827,0.057607,0.865532,0.067990,0.661131,12.0000,0.872600,0.851741
28,348,14,0.059855,0.055360,0.873877,0.070565,0.655329,6.0000,0.870539,0.868730
28,349,15,0.059299,0.054188,0.875026,0.063378,0.709707,8.0000,0.936012,0.871070
28,350,1,0.750961,0.266880,0.148062,0.000000,1.000000,1.0000,1.160831,0.000000
28,351,3,0.178797,0.097267,0.633912,0.237921,0.496417,6.0000,1.008581,0.588193
28,352,5,0.144787,0.047110,0.754760,0.251617,0.799189,4.0000,0.823815,0.767945
28,353,7,0.125814,0.041269,0.815456,0.103844,0.684907,10.0000,0.761172,0.817804
28,354,7,0.125814,0.041269,0.815456,0.103844,0.684907,2.0000,0.985271,0.817804
28,355,7,0.125814,0.041269,0.815456,0.103844,0.684907,4.0000,1.069402,0.817804
28,356,8,0.125757,0.046303,0.819040,0.098308,0.708217,10.0000,0.935079,0.819398
28,357,8,0.125070,0.039913,0.828220,0.097121,0.709526,8.0000,0.878267,0.826505
28,358,10,0.090308,0.051956,0.846084,0.075973,0.622224,7.0000,0.924583,0.852110
28,359,10,0.057006,0.035872,0.871315,0.095950,0.580908,4.0000,1.000333,0.902270
28,360,0,,,,,,0.0000,1.126152,0.000000
28,361,0,,,,,,0.0000,1.149027,0.000000
28,362,0,,,,,,0.0000,1.107396,0.000000
28,363,0,,,,,,0.0000,1.033085,0.000000
28,364,0,,,,,,0.0000,1.068818,0.000000
28,365,1,0.857551,0.003757,0.305070,0.000000,1.000000,1.0000,1.136912,0.203437
28,366,4,0.219337,0.058421,0.663094,0.559724,0.665604,11.0000,0.849873,0.576218
28,367,7,0.170990,0.110055,0.700816,0.285222,0.804637,11.0000,0.753785,0.639409
28,368,9,0.079371,0.071195,0.773469,0.120877,0.633365,6.0000,0.908760,0.780533
28,369,9,0.079371,0.071195,0.773469,0.120877,0.633365,4.0000,1.076581,0.780533
28,370,2,0.313342,0.198834,0.324923,0.000000,0.330922,2.0000,1.152824,0.120067
28,371,3,0.286384,0.126600,0.491877,0.779133,0.776268,4.0000,0.946412,0.351290
28,372,5,0.160790,0.045210,0.678447,0.076787,0.738599,11.0000,0.800275,0.668073
28,373,7,0.141578,0.053946,0.710867,0.074364,0.622013,5.0000,0.850531,0.726504
28,374,8,0.141317,0.050597,0.711546,0.103267,0.706344,4.0000,0.983760,0.727813
28,375,9,0.124452,0.054160,0.720712,0.089005,0.668976,6.0000,0.955130,0.745474
28,376,10,0.118654,0.043959,0.740287,0.071970,0.682496,9.0000,0.919148,0.783192
28,377,10,0.118654,0.043959,0.740287,0.071970,0.682496,3.0000,0.925948,0.783192
28,378,10,0.118654,0.043959,0.740287,0.071970,0.682496,7.0000,0.884318,0.783192
28,379,13,0.086119,0.051926,0.753208,0.042284,0.705041,9.0000,0.932212,0.808090
28,380,0,,,,,,0.0000,1.157017,0.000000
28,381,0,,,,,,0.0000,1.241002,0.000000
28,382,0,,,,,,0.0000,1.067391,0.000000
28,383,0,,,,,,0.0000,0.903871,0.000000
28,384,0,,,,,,0.0000,1.015630,0.000000
28,385,0,,,,,,0.0000,1.149217,0.000000
28,386,0,,,,,,0.0000,1.161114,0.000000
28,387,0,,,,,,0.0000,1.041439,0.000000
28,388,0,,,,,,0.0000,1.057115,0.000000
28,389,0,,,,,,0.0000,1.106476,0.000000
28,390,0,,,,,,0.0000,1.101268,0.000000
28,391,0,,,,,,0.0000,1.077902,0.000000
28,392,0,,,,,,0.0000,1.069875,0.000000
28,393,0,,,,,,0.0000,1.055515,0.000000
28,394,0,,,,,,0.0000,1.076143,0.000000
28,395,0,,,,,,0.0000,1.111609,0.000000
28,396,0,,,,,,0.0000,1.066084,0.000000
28,397,0,,,,,,0.0000,1.080895,0.000000
28,398,0,,,,,,0.0000,1.068363,0.000000
28,399,0,,,,,,0.0000,1.100417,0.000000
28,400,0,,,,,,0.0000,1.043007,0.000000
28,401,0,,,,,,0.0000,1.040278,0.000000
28,402,0,,,,,,0.0000,1.091910,0.000000
28,403,0,,,,,,0.0000,1.124745,0.000000
28,404,0,,,,,,0.0000,1.066384,0.000000
28,405,0,,,,,,0.0000,1.069652,0.000000
28,406,0,,,,,,0.0000,1.104146,0.000000
28,407,0,,,,,,0.0000,1.091734,0.000000
28,408,0,,,,,,0.0000,1.059826,0.000000
28,409,0,,,,,,0.0000,1.055254,0.000000
28,410,0,,,,,,0.0000,1.060395,0.000000
28,411,0,,,,,,0.0000,1.072360,0.000000
28,412,0,,,,,,0.0000,1.079661,0.000000
28,413,0,,,,,,0.0000,1.034306,0.000000
28,414,0,,,,,,0.0000,1.087204,0.000000
28,415,0,,,,,,0.0000,1.086826,0.000000
28,416,0,,,,,,0.0000,1.062654,0.000000
28,417,0,,,,,,0.0000,1.057216,0.000000
28,418,0,,,,,,0.0000,1.086045,0.000000
28,419,0,,,,,,0.0000,1.053178,0.000000
28,420,0,,,,,,0.0000,1.057526,0.000000
28,421,0,,,,,,0.0000,1.084641,0.000000
28,422,0,,,,,,0.0000,1.091211,0.000000
28,423,0,,,,,,0.0000,1.087729,0.000000
28,424,0,,,,,,0.0000,1.082138,0.000000
28,425,0,,,,,,0.0000,1.062963,0.000000
28,426,0,,,,,,0.0000,1.073274,0.000000
28,427,0,,,,,,0.0000,1.058144,0.000000
28,428,0,,,,,,0.0000,1.050189,0.000000
28,429,0,,,,,,0.0000,1.077444,0.000000
28,430,0,,,,,,0.0000,1.049605,0.000000
28,431,0,,,,,,0.0000,1.099038,0.000000
28,432,0,,,,,,0.0000,1.114483,0.000000
28,433,0,,,,,,0.0000,1.094443,0.000000
28,434,0,,,,,,0.0000,1.048438,0.000000
28,435,0,,,,,,0.0000,1.036518,0.000000
28,436,0,,,,,,0.0000,1.114602,0.000000
28,437,0,,,,,,0.0000,1.079252,0.000000
28,438,0,,,,,,0.0000,1.073742,0.000000
28,439,0,,,,,,0.0000,1.053038,0.000000
28,440,0,,,,,,0.0000,1.078506,0.000000
28,441,0,,,,,,0.0000,1.092945,0.000000
28,442,0,,,,,,0.0000,1.088348,0.000000
28,443,0,,,,,,0.0000,1.098055,0.000000
28,444,0,,,,,,0.0000,1.021793,0.000000
28,445,0,,,,,,0.0000,1.062215,0.000000
28,446,0,,,,,,0.0000,1.069801,0.000000
28,447,0,,,,,,0.0000,1.072730,0.000000
28,448,0,,,,,,0.0000,1.045949,0.000000
28,449,0,,,,,,0.0000,1.077321,0.000000
28,450,0,,,,,,0.0000,1.097544,0.000000
28,451,0,,,,,,0.0000,1.094416,0.000000
28,452,0,,,,,,0.0000,1.139732,0.000000
28,453,0,,,,,,0.0000,1.128550,0.000000
28,454,0,,,,,,0.0000,1.083684,0.000000
28,455,0,,,,,,0.0000,1.052921,0.000000
28,456,0,,,,,,0.0000,1.056287,0.000000
28,457,0,,,,,,0.0000,1.112175,0.000000
28,458,0,,,,,,0.0000,1.067837,0.000000
28,459,0,,,,,,0.0000,1.068448,0.000000
28,460,0,,,,,,0.0000,1.134248,0.000000
28,461,0,,,,,,0.0000,1.108988,0.000000
28,462,0,,,,,,0.0000,1.048972,0.000000
28,463,0,,,,,,0.0000,1.018495,0.000000
28,464,0,,,,,,0.0000,1.091670,0.000000
28,465,0,,,,,,0.0000,1.130186,0.000000
28,466,0,,,,,,0.0000,1.154770,0.000000
28,467,0,,,,,,0.0000,1.048046,0.000000
28,468,0,,,,,,0.0000,1.032456,0.000000
28,469,0,,,,,,0.0000,1.028302,0.000000
28,470,0,,,,,,0.0000,1.107334,0.000000
28,471,0,,,,,,0.0000,1.073729,0.000000
28,472,0,,,,,,0.0000,1.041840,0.000000
28,473,0,,,,,,0.0000,1.125883,0.000000
28,474,0,,,,,,0.0000,1.103358,0.000000
28,475,0,,,,,,0.0000,1.080643,0.000000
28,476,0,,,,,,0.0000,1.071448,0.000000
28,477,0,,,,,,0.0000,1.055085,0.000000
28,478,0,,,,,,0.0000,1.070955,0.000000
28,479,0,,,,,,0.0000,1.124121,0.000000
28,480,0,,,,,,0.0000,1.115122,0.000000
28,481,0,,,,,,0.0000,1.068960,0.000000
28,482,0,,,,,,0.0000,1.032241,0.000000
28,483,0,,,,,,0.0000,1.048386,0.000000
28,484,0,,,,,,0.0000,1.105002,0.000000
28,485,0,,,,,,0.0000,1.127874,0.000000
28,486,0,,,,,,0.0000,1.041079,0.000000
28,487,0,,,,,,0.0000,1.073451,0.000000
28,488,0,,,,,,0.0000,1.095521,0.000000
28,489,0,,,,,,0.0000,1.109575,0.000000
28,490,0,,,,,,0.0000,1.045967,0.000000
28,491,0,,,,,,0.0000,1.063430,0.000000
28,492,0,,,,,,0.0000,1.099774,0.000000
28,493,0,,,,,,0.0000,1.083416,0.000000
28,494,0,,,,,,0.0000,1.022653,0.000000
28,495,0,,,,,,0.0000,1.061784,0.000000
28,496,0,,,,,,0.0000,1.086329,0.000000
28,497,0,,,,,,0.0000,1.122129,0.000000
28,498,0,,,,,,0.0000,1.066175,0.000000
28,499,0,,,,,,0.0000,0.986146,0.000000
28,500,0,,,,,,0.0000,1.063009,0.000000
28,501,0,,,,,,0.0000,1.116878,0.000000
28,502,0,,,,,,0.0000,1.062544,0.000000
28,503,0,,,,,,0.0000,1.073792,0.000000
28,504,0,,,,,,0.0000,1.082238,0.000000
28,505,0,,,,,,0.0000,1.077523,0.000000
28,506,0,,,,,,0.0000,1.058269,0.000000
28,507,0,,,,,,0.0000,1.036925,0.000000
28,508,0,,,,,,0.0000,1.108519,0.000000
28,509,0,,,,,,0.0000,1.100000,0.000000
28,510,0,,,,,,0.0000,1.071128,0.000000
28,511,0,,,,,,0.0000,1.025122,0.000000
28,512,0,,,,,,0.0000,1.082180,0.000000
28,513,0,,,,,,0.0000,1.109597,0.000000
28,514,0,,,,,,0.0000,1.050021,0.000000
28,515,0,,,,,,0.0000,1.062552,0.000000
28,516,0,,,,,,0.0000,1.101299,0.000000
28,517,0,,,,,,0.0000,1.121922,0.000000
28,518,0,,,,,,0.0000,1.076870,0.000000
28,519,0,,,,,,0.0000,1.040191,0.000000
28,520,0,,,,,,0.0000,1.070002,0.000000
28,521,0,,,,,,0.0000,1.092623,0.000000
28,522,0,,,,,,0.0000,1.077629,0.000000
28,523,0,,,,,,0.0000,1.085159,0.000000
28,524,0,,,,,,0.0000,1.098002,0.000000
28,525,0,,,,,,0.0000,1.092457,0.000000
28,526,0,,,,,,0.0000,1.060867,0.000000
28,527,0,,,,,,0.0000,1.068850,0.000000
28,528,0,,,,,,0.0000,1.037770,0.000000
28,529,0,,,,,,0.0000,1.120259,0.000000
28,530,0,,,,,,0.0000,1.136327,0.000000
28,531,0,,,,,,0.0000,1.100361,0.000000
28,532,0,,,,,,0.0000,1.039503,0.000000
28,533,0,,,,,,0.0000,1.056711,0.000000
28,534,0,,,,,,0.0000,1.108631,0.000000
28,535,0,,,,,,0.0000,1.109735,0.000000
28,536,0,,,,,,0.0000,1.080877,0.000000
28,537,0,,,,,,0.0000,1.073974,0.000000
28,538,0,,,,,,0.0000,1.080459,0.000000
28,539,0,,,,,,0.0000,1.092783,0.000000
28,540,0,,,,,,0.0000,1.097971,0.000000
28,541,0,,,,,,0.0000,1.080338,0.000000
28,542,0,,,,,,0.0000,1.047186,0.000000
28,543,0,,,,,,0.0000,1.032990,0.000000
28,544,0,,,,,,0.0000,1.064337,0.000000
28,545,0,,,,,,0.0000,1.123007,0.000000
28,546,0,,,,,,0.0000,1.095332,0.000000
28,547,0,,,,,,0.0000,1.038564,0.000000
28,548,0,,,,,,0.0000,1.092515,0.000000
28,549,0,,,,,,0.0000,1.085580,0.000000
28,550,0,,,,,,0.0000,1.082407,0.000000
28,551,0,,,,,,0.0000,1.052493,0.000000
28,552,0,,,,,,0.0000,1.039076,0.000000
28,553,0,,,,,,0.0000,1.090715,0.000000
28,554,0,,,,,,0.0000,1.101913,0.000000
28,555,0,,,,,,0.0000,1.046757,0.000000
28,556,0,,,,,,0.0000,1.089376,0.000000
28,557,0,,,,,,0.0000,1.131502,0.000000
28,558,0,,,,,,0.0000,1.092173,0.000000
28,559,0,,,,,,0.0000,1.049243,0.000000
28,560,0,,,,,,0.0000,1.046222,0.000000
28,561,0,,,,,,0.0000,1.088880,0.000000
28,562,0,,,,,,0.0000,1.096070,0.000000
28,563,0,,,,,,0.0000,1.072160,0.000000
28,564,0,,,,,,0.0000,1.026047,0.000000
28,565,0,,,,,,0.0000,1.080567,0.000000
28,566,0,,,,,,0.0000,1.128359,0.000000
28,567,0,,,,,,0.0000,1.088082,0.000000
28,568,0,,,,,,0.0000,1.035813,0.000000
28,569,0,,,,,,0.0000,1.034472,0.000000
28,570,0,,,,,,0.0000,1.109530,0.000000
28,571,0,,,,,,0.0000,1.080310,0.000000
28,572,0,,,,,,0.0000,1.059618,0.000000
28,573,0,,,,,,0.0000,1.079581,0.000000
28,574,0,,,,,,0.0000,1.080870,0.000000
28,575,0,,,,,,0.0000,1.086206,0.000000
28,576,0,,,,,,0.0000,1.051875,0.000000
28,577,0,,,,,,0.0000,1.039377,0.000000
28,578,0,,,,,,0.0000,1.069473,0.000000
28,579,0,,,,,,0.0000,1.082164,0.000000
28,580,0,,,,,,0.0000,1.076245,0.000000
28,581,0,,,,,,0.0000,1.079859,0.000000
28,582,0,,,,,,0.0000,1.036762,0.000000
28,583,0,,,,,,0.0000,1.064663,0.000000
28,584,0,,,,,,0.0000,1.079694,0.000000
28,585,0,,,,,,0.0000,1.066265,0.000000
28,586,0,,,,,,0.0000,1.089457,0.000000
28,587,0,,,,,,0.0000,1.081796,0.000000
28,588,0,,,,,,0.0000,1.034943,0.000000
28,589,0,,,,,,0.0000,1.089877,0.000000
28,590,0,,,,,,0.0000,1.120523,0.000000
28,591,0,,,,,,0.0000,1.084683,0.000000
28,592,0,,,,,,0.0000,1.074912,0.000000
28,593,0,,,,,,0.0000,1.083509,0.000000
28,594,0,,,,,,0.0000,1.084981,0.000000
28,595,0,,,,,,0.0000,1.098085,0.000000
28,596,0,,,,,,0.0000,1.071180,0.000000
28,597,0,,,,,,0.0000,1.094444,0.000000
28,598,0,,,,,,0.0000,1.066372,0.000000
28,599,0,,,,,,0.0000,1.077523,0.000000
28,600,0,,,,,,0.0000,1.124926,0.000000
28,601,0,,,,,,0.0000,1.113183,0.000000
28,602,0,,,,,,0.0000,1.051195,0.000000
28,603,0,,,,,,0.0000,1.069566,0.000000
28,604,0,,,,,,0.0000,1.076639,0.000000
28,605,0,,,,,,0.0000,1.047787,0.000000
28,606,0,,,,,,0.0000,1.098402,0.000000
28,607,0,,,,,,0.0000,1.092544,0.000000
28,608,0,,,,,,0.0000,1.072963,0.000000
28,609,0,,,,,,0.0000,1.015985,0.000000
28,610,0,,,,,,0.0000,1.090106,0.000000
28,611,0,,,,,,0.0000,1.148185,0.000000
28,612,0,,,,,,0.0000,1.097020,0.000000
28,613,0,,,,,,0.0000,1.016188,0.000000
28,614,0,,,,,,0.0000,1.032889,0.000000
28,615,0,,,,,,0.0000,1.096840,0.000000
28,616,0,,,,,,0.0000,1.078988,0.000000
28,617,0,,,,,,0.0000,1.058681,0.000000
28,618,0,,,,,,0.0000,1.062433,0.000000
28,619,0,,,,,,0.0000,1.073805,0.000000
28,620,0,,,,,,0.0000,1.094106,0.000000
28,621,0,,,,,,0.0000,1.096625,0.000000
28,622,0,,,,,,0.0000,1.075152,0.000000
28,623,0,,,,,,0.0000,1.067887,0.000000
28,624,0,,,,,,0.0000,1.074119,0.000000
28,625,0,,,,,,0.0000,1.052546,0.000000
28,626,0,,,,,,0.0000,1.089261,0.000000
28,627,0,,,,,,0.0000,1.072622,0.000000
28,628,0,,,,,,0.0000,1.122419,0.000000
28,629,0,,,,,,0.0000,1.118769,0.000000
28,630,0,,,,,,0.0000,1.060040,0.000000
28,631,0,,,,,,0.0000,1.068238,0.000000
28,632,0,,,,,,0.0000,1.090923,0.000000
28,633,0,,,,,,0.0000,1.068297,0.000000
28,634,0,,,,,,0.0000,1.129399,0.000000
28,635,0,,,,,,0.0000,1.099866,0.000000
28,636,0,,,,,,0.0000,1.042099,0.000000
28,637,0,,,,,,0.0000,1.090618,0.000000
28,638,0,,,,,,0.0000,1.095005,0.000000
28,639,0,,,,,,0.0000,1.047925,0.000000
28,640,1,0.853992,0.003365,0.358756,0.000000,1.000000,2.0000,1.065956,0.218575
28,641,4,0.153294,0.075362,0.683401,0.263696,0.322872,5.0000,0.812489,0.579426
28,642,6,0.116916,0.070321,0.757986,0.216108,0.459790,9.0000,0.746889,0.724303
28,643,7,0.107179,0.069946,0.762846,0.199921,0.511968,6.0000,0.876560,0.733742
28,644,8,0.087899,0.052065,0.784734,0.120023,0.448365,8.0000,0.978104,0.776259
28,645,11,0.066385,0.048198,0.807279,0.070548,0.493261,5.0000,1.014865,0.815697
28,646,11,0.066385,0.048198,0.807279,0.070548,0.493261,2.0000,0.873311,0.815697
28,647,12,0.062680,0.051471,0.811303,0.073158,0.549650,6.0000,0.831712,0.823514
28,648,14,0.061936,0.054079,0.820847,0.070958,0.552452,8.0000,0.872050,0.842052
28,649,14,0.061936,0.054079,0.820847,0.070958,0.552452,9.0000,0.908013,0.842052
28,650,0,,,,,,0.0000,1.174514,0.000000
28,651,1,0.854133,0.016373,0.305038,0.000000,1.000000,1.0000,1.199394,0.175775
28,652,3,0.189867,0.108835,0.606817,0.134843,0.209252,7.0000,0.872267,0.458762
28,653,6,0.098730,0.066329,0.780497,0.094929,0.413868,11.0000,0.761842,0.784850
28,654,8,0.090057,0.073649,0.791343,0.058838,0.465581,4.0000,0.954618,0.794344
28,655,8,0.080614,0.067577,0.799208,0.073182,0.464864,6.0000,1.072521,0.809981
28,656,10,0.068096,0.050396,0.842335,0.096761,0.605787,8.0000,0.898704,0.844658
28,657,10,0.068096,0.050396,0.842335,0.096761,0.605787,5.0000,0.841176,0.844658
28,658,12,0.064579,0.052639,0.844370,0.088622,0.586901,11.0000,0.887746,0.848704
28,659,13,0.061288,0.052833,0.854396,0.054156,0.610057,5.0000,0.997785,0.868635
28,660,0,,,,,,0.0000,1.137875,0.000000
28,661,1,0.847617,0.026465,0.308241,0.000000,1.000000,1.0000,1.151779,0.153064
28,662,4,0.161129,0.095266,0.681636,0.113629,0.343464,9.0000,0.872736,0.575535
28,663,7,0.130126,0.077074,0.771336,0.146462,0.567778,12.0000,0.766539,0.659955
28,664,8,0.105519,0.069652,0.822362,0.112206,0.433191,10.0000,0.891193,0.763846
28,665,8,0.098174,0.041222,0.841333,0.129546,0.557783,9.0000,0.914505,0.802470
28,666,11,0.078969,0.058872,0.845832,0.103437,0.625463,7.0000,0.874034,0.811632
28,667,11,0.078376,0.058282,0.847748,0.102491,0.640306,6.0000,0.885280,0.815532
28,668,11,0.076541,0.055976,0.851127,0.092878,0.632114,12.0000,0.984059,0.822411
28,669,13,0.074249,0.055533,0.853942,0.044914,0.531054,8.0000,0.967327,0.828143
28,670,2,0.334422,0.120267,0.513134,0.000000,0.141015,3.0000,1.106011,0.187194
28,671,3,0.185690,0.022208,0.748745,0.244418,0.229458,3.0000,0.990492,0.587704
28,672,5,0.163182,0.105016,0.761362,0.247777,0.358958,5.0000,0.851779,0.613555
28,673,6,0.119766,0.036130,0.824534,0.158323,0.413754,11.0000,0.874113,0.742994
28,674,7,0.118958,0.070652,0.829674,0.087029,0.416332,5.0000,0.990506,0.753527
28,675,7,0.118958,0.070652,0.829674,0.087029,0.416332,6.0000,0.930714,0.753527
28,676,9,0.111155,0.065472,0.838677,0.113904,0.599678,5.0000,0.908277,0.771973
28,677,11,0.110446,0.062239,0.839469,0.110133,0.731548,6.0000,0.919304,0.773596
28,678,11,0.127109,0.029289,0.884931,0.070437,0.765298,14.0000,0.972601,0.866748
28,679,13,0.088182,0.043878,0.891486,0.108511,0.751787,13.0000,0.929011,0.880178
28,680,5,0.113481,0.053497,0.789023,0.226647,0.323706,10.0000,1.084832,0.646828
28,681,7,0.103642,0.052561,0.809399,0.232664,0.698770,6.0000,0.977536,0.689008
28,682,8,0.101287,0.049711,0.811648,0.128200,0.830776,9.0000,0.837851,0.693662
28,683,11,0.093545,0.073311,0.830243,0.085421,0.745761,7.0000,0.818565,0.732155
28,684,13,0.082524,0.069211,0.833623,0.057739,0.743711,10.0000,0.927254,0.739153
28,685,14,0.081039,0.072298,0.835595,0.042653,0.742148,5.0000,1.004501,0.743234
28,686,14,0.079959,0.072502,0.840416,0.058459,0.744457,11.0000,1.015484,0.753213
28,687,15,0.073390,0.071984,0.841927,0.043009,0.714149,16.0000,0.883948,0.756341
28,688,17,0.071309,0.070211,0.851101,0.046683,0.697752,11.0000,0.903944,0.775332
28,689,18,0.071626,0.071869,0.853318,0.038309,0.739047,8.0000,0.977434,0.779920
28,690,2,0.370697,0.046302,0.590732,0.000000,0.061608,2.0000,1.110626,0.209892
28,691,2,0.362023,0.033788,0.632036,0.000000,0.035743,2.0000,0.964527,0.296888
28,692,4,0.157501,0.061154,0.775247,0.313509,0.436237,6.0000,0.779489,0.598525
28,693,6,0.103609,0.060994,0.836198,0.247381,0.482308,8.0000,0.860090,0.726903
28,694,9,0.081467,0.066908,0.866830,0.076670,0.437471,6.0000,1.030264,0.791423
28,695,10,0.081467,0.072682,0.874554,0.068594,0.473208,7.0000,1.002829,0.807690
28,696,11,0.080403,0.069532,0.876050,0.070903,0.564760,8.0000,0.909448,0.810842
28,697,12,0.077891,0.069867,0.877802,0.067632,0.548569,5.0000,0.871722,0.814531
28,698,12,0.077891,0.069867,0.877802,0.067632,0.548569,5.0000,0.972825,0.814531
28,699,12,0.077891,0.069867,0.877802,0.067632,0.548569,7.0000,0.938239,0.814531
28,700,0,,,,,,0.0000,1.224976,0.000000
28,701,2,0.351792,0.029667,0.642043,0.000000,0.030351,3.0000,1.167582,0.316171
28,702,3,0.248430,0.071990,0.663302,0.514733,0.381371,5.0000,0.820822,0.360694
28,703,5,0.161550,0.059331,0.746803,0.379923,0.548574,3.0000,0.736016,0.535576
28,704,7,0.107742,0.063228,0.814392,0.202334,0.531727,8.0000,0.899836,0.677131
28,705,9,0.107266,0.084217,0.821305,0.120496,0.554697,7.0000,1.032971,0.691608
28,706,10,0.067407,0.061295,0.855144,0.060442,0.504657,11.0000,0.954425,0.762479
28,707,11,0.059604,0.046743,0.879989,0.044555,0.609660,8.0000,0.852714,0.814514
28,708,11,0.059604,0.046743,0.879989,0.044555,0.609660,6.0000,0.907358,0.814514
28,709,11,0.059604,0.046743,0.879989,0.044555,0.609660,3.0000,1.016692,0.814514
28,710,3,0.229994,0.076155,0.675990,0.396402,0.316268,3.0000,1.136968,0.389466
28,711,5,0.152896,0.089369,0.741809,0.096439,0.402457,5.0000,0.930124,0.528097
28,712,7,0.094152,0.060552,0.850941,0.104800,0.470204,10.0000,0.873696,0.757955
28,713,8,0.089379,0.073502,0.856510,0.056124,0.436771,4.0000,0.873608,0.769685
28,714,10,0.086781,0.065901,0.858233,0.079454,0.623169,8.0000,0.991385,0.773315
28,715,13,0.078112,0.061860,0.862557,0.068816,0.639991,15.0000,0.966326,0.782421
28,716,13,0.078112,0.061860,0.862557,0.068816,0.639991,5.0000,1.003030,0.782421
28,717,13,0.054100,0.047394,0.881159,0.095568,0.719779,9.0000,0.944461,0.821603
28,718,14,0.054100,0.055988,0.881559,0.075892,0.713008,8.0000,0.934676,0.822444
28,719,14,0.054099,0.055985,0.881573,0.075956,0.713026,10.0000,0.970892,0.822475
28,720,0,,,,,,0.0000,1.223809,0.000000
28,721,0,,,,,,0.0000,1.227356,0.000000
28,722,0,,,,,,0.0000,1.068059,0.000000
28,723,2,0.360673,0.026857,0.624294,0.000000,0.032260,4.0000,1.038188,0.305837
28,724,4,0.212582,0.124702,0.695761,0.270614,0.496641,6.0000,0.891698,0.453774
28,725,6,0.123803,0.044862,0.801117,0.006084,0.629375,9.0000,0.886961,0.671865
28,726,7,0.122825,0.043494,0.801972,0.059333,0.760810,4.0000,0.943132,0.673633
28,727,7,0.122778,0.043423,0.802343,0.058783,0.760991,9.0000,0.956078,0.674401
28,728,7,0.122778,0.043423,0.802343,0.058783,0.760991,4.0000,0.976907,0.674401
28,729,7,0.122778,0.043423,0.802343,0.058783,0.760991,4.0000,0.949364,0.674401
28,730,1,0.836420,0.002464,0.347066,0.000000,1.000000,2.0000,1.179127,0.203780
28,731,3,0.258975,0.175322,0.554773,0.377637,0.439390,6.0000,0.921815,0.298964
28,732,5,0.155285,0.129791,0.712339,0.228471,0.387333,9.0000,0.784450,0.522058
28,733,5,0.134230,0.086123,0.723914,0.258729,0.442011,5.0000,0.942973,0.545775
28,734,8,0.120150,0.100221,0.755919,0.093004,0.380765,7.0000,0.940937,0.611354
28,735,9,0.107248,0.093477,0.775967,0.043005,0.540710,10.0000,0.945168,0.643482
28,736,9,0.103756,0.087048,0.785591,0.043737,0.555867,8.0000,0.938482,0.663201
28,737,10,0.101524,0.083775,0.801988,0.046148,0.552289,9.0000,0.939950,0.696797
28,738,11,0.100395,0.083139,0.831816,0.051241,0.429086,5.0000,0.948212,0.757916
28,739,11,0.073476,0.057194,0.869175,0.099949,0.524793,16.0000,0.928541,0.834464
28,740,3,0.530220,0.088564,0.411496,0.121359,0.812078,4.0000,1.108360,0.309414
28,741,6,0.187544,0.075821,0.705356,0.147874,0.737876,10.0000,0.915641,0.525619
28,742,7,0.097127,0.063785,0.835000,0.168892,0.321545,7.0000,0.863434,0.789576
28,743,9,0.083945,0.064123,0.848518,0.150696,0.546044,9.0000,0.921589,0.817099
28,744,9,0.083945,0.064123,0.848518,0.150696,0.546044,4.0000,0.969862,0.817099
28,745,9,0.083455,0.063742,0.851281,0.149768,0.549943,2.0000,0.977822,0.822724
28,746,10,0.075645,0.056676,0.869547,0.102020,0.547790,8.0000,0.911552,0.859915
28,747,11,0.059600,0.055319,0.870369,0.095768,0.487923,4.0000,0.895526,0.861588
28,748,12,0.058808,0.053113,0.873014,0.091426,0.476074,6.0000,0.942472,0.866974
28,749,12,0.058808,0.053113,0.873014,0.091426,0.476074,8.0000,1.019647,0.866974
28,750,0,,,,,,0.0000,1.167299,0.000000
28,751,0,,,,,,0.0000,1.197832,0.000000
28,752,1,0.853639,0.015412,0.351107,0.000000,1.000000,1.0000,1.068655,0.177840
28,753,5,0.149378,0.105565,0.687756,0.198847,0.270442,5.0000,0.778195,0.551829
28,754,6,0.143776,0.071830,0.725381,0.255401,0.716314,7.0000,0.836131,0.626628
28,755,6,0.143776,0.071830,0.725381,0.255401,0.716314,5.0000,0.955303,0.626628
28,756,8,0.137613,0.069954,0.773649,0.182501,0.751518,9.0000,0.965543,0.722587
28,757,8,0.143302,0.069315,0.788562,0.196124,0.762271,6.0000,0.942577,0.737757
28,758,8,0.143302,0.069315,0.788562,0.196124,0.762271,5.0000,0.887648,0.737757
28,759,9,0.128519,0.065468,0.831212,0.077730,0.613905,10.0000,0.907523,0.822545
28,760,1,0.723528,0.175756,0.222595,0.000000,1.000000,2.0000,1.206324,0.123023
28,761,4,0.238877,0.090477,0.673763,0.011064,0.762054,6.0000,0.979100,0.607038
28,762,7,0.125249,0.101450,0.722528,0.117822,0.456184,7.0000,0.804791,0.701760
28,763,7,0.109478,0.059096,0.767230,0.121400,0.402751,8.0000,0.885719,0.747685
28,764,7,0.109478,0.059096,0.767230,0.121400,0.402751,2.0000,1.044279,0.747685
28,765,8,0.099605,0.043855,0.777007,0.133712,0.549332,8.0000,0.933247,0.766675
28,766,8,0.099605,0.043855,0.777007,0.133712,0.549332,8.0000,0.847685,0.766675
28,767,9,0.099101,0.041353,0.777665,0.146063,0.654506,6.0000,0.861472,0.767953
28,768,12,0.071131,0.052106,0.801120,0.097312,0.499654,4.0000,0.938206,0.803733
28,769,12,0.071832,0.052195,0.818908,0.072608,0.510508,4.0000,0.972477,0.838285
28,770,0,,,,,,0.0000,1.124851,0.000000
28,771,0,,,,,,0.0000,1.139191,0.000000
28,772,0,,,,,,0.0000,1.063229,0.000000
28,773,0,,,,,,0.0000,1.072780,0.000000
28,774,0,,,,,,0.0000,1.121639,0.000000
28,775,0,,,,,,0.0000,1.116913,0.000000
28,776,0,,,,,,0.0000,1.031953,0.000000
28,777,0,,,,,,0.0000,1.035714,0.000000
28,778,0,,,,,,0.0000,1.134384,0.000000
28,779,0,,,,,,0.0000,1.103382,0.000000
28,780,0,,,,,,0.0000,1.082986,0.000000
28,781,0,,,,,,0.0000,1.103226,0.000000
28,782,0,,,,,,0.0000,1.141883,0.000000
28,783,0,,,,,,0.0000,1.053212,0.000000
28,784,0,,,,,,0.0000,1.058942,0.000000
28,785,0,,,,,,0.0000,1.103853,0.000000
28,786,0,,,,,,0.0000,1.105110,0.000000
28,787,0,,,,,,0.0000,1.070168,0.000000
28,788,0,,,,,,0.0000,1.070843,0.000000
28,789,0,,,,,,0.0000,1.062808,0.000000
28,790,0,,,,,,0.0000,1.111115,0.000000
28,791,0,,,,,,0.0000,1.080976,0.000000
28,792,0,,,,,,0.0000,1.128488,0.000000
28,793,0,,,,,,0.0000,1.074697,0.000000
28,794,0,,,,,,0.0000,1.029248,0.000000
28,795,0,,,,,,0.0000,1.078030,0.000000
28,796,0,,,,,,0.0000,1.071998,0.000000
28,797,0,,,,,,0.0000,1.025245,0.000000
28,798,0,,,,,,0.0000,1.024786,0.000000
28,799,0,,,,,,0.0000,1.082711,0.000000
28,800,0,,,,,,0.0000,1.136203,0.000000
28,801,0,,,,,,0.0000,1.122205,0.000000
28,802,0,,,,,,0.0000,1.047302,0.000000
28,803,0,,,,,,0.0000,1.082118,0.000000
28,804,0,,,,,,0.0000,1.103615,0.000000
28,805,0,,,,,,0.0000,1.110354,0.000000
28,806,0,,,,,,0.0000,1.103365,0.000000
28,807,0,,,,,,0.0000,1.086679,0.000000
28,808,0,,,,,,0.0000,1.086203,0.000000
28,809,0,,,,,,0.0000,1.080637,0.000000
28,810,0,,,,,,0.0000,1.071484,0.000000
28,811,0,,,,,,0.0000,1.102991,0.000000
28,812,0,,,,,,0.0000,1.115246,0.000000
28,813,0,,,,,,0.0000,1.055427,0.000000
28,814,0,,,,,,0.0000,1.042936,0.000000
28,815,0,,,,,,0.0000,1.085018,0.000000
28,816,0,,,,,,0.0000,1.097241,0.000000
28,817,0,,,,,,0.0000,1.078779,0.000000
28,818,0,,,,,,0.0000,1.064451,0.000000
28,819,0,,,,,,0.0000,1.048642,0.000000
28,820,0,,,,,,0.0000,1.054971,0.000000
28,821,0,,,,,,0.0000,1.077720,0.000000
28,822,0,,,,,,0.0000,1.120076,0.000000
28,823,0,,,,,,0.0000,1.095525,0.000000
28,824,0,,,,,,0.0000,1.012776,0.000000
28,825,0,,,,,,0.0000,1.035750,0.000000
28,826,0,,,,,,0.0000,1.116006,0.000000
28,827,0,,,,,,0.0000,1.108301,0.000000
28,828,0,,,,,,0.0000,1.100407,0.000000
28,829,0,,,,,,0.0000,1.071129,0.000000
28,830,0,,,,,,0.0000,1.038816,0.000000
28,831,0,,,,,,0.0000,1.071097,0.000000
28,832,0,,,,,,0.0000,1.066759,0.000000
28,833,0,,,,,,0.0000,1.077553,0.000000
28,834,0,,,,,,0.0000,1.051492,0.000000
28,835,0,,,,,,0.0000,1.097497,0.000000
28,836,0,,,,,,0.0000,1.113264,0.000000
28,837,0,,,,,,0.0000,1.093629,0.000000
28,838,0,,,,,,0.0000,1.026903,0.000000
28,839,0,,,,,,0.0000,1.024677,0.000000
28,840,0,,,,,,0.0000,1.068018,0.000000
28,841,0,,,,,,0.0000,1.121544,0.000000
28,842,0,,,,,,0.0000,1.138842,0.000000
28,843,0,,,,,,0.0000,1.100924,0.000000
28,844,0,,,,,,0.0000,1.079831,0.000000
28,845,0,,,,,,0.0000,1.026071,0.000000
28,846,0,,,,,,0.0000,1.085014,0.000000
28,847,0,,,,,,0.0000,1.115403,0.000000
28,848,0,,,,,,0.0000,1.077449,0.000000
28,849,0,,,,,,0.0000,1.026403,0.000000
28,850,0,,,,,,0.0000,1.086890,0.000000
28,851,0,,,,,,0.0000,1.130186,0.000000
28,852,0,,,,,,0.0000,1.112252,0.000000
28,853,0,,,,,,0.0000,1.076305,0.000000
28,854,0,,,,,,0.0000,1.028034,0.000000
28,855,0,,,,,,0.0000,1.101141,0.000000
28,856,0,,,,,,0.0000,1.118589,0.000000
28,857,0,,,,,,0.0000,1.077119,0.000000
28,858,0,,,,,,0.0000,1.081745,0.000000
28,859,0,,,,,,0.0000,1.074163,0.000000
28,860,0,,,,,,0.0000,1.079332,0.000000
28,861,0,,,,,,0.0000,1.085761,0.000000
28,862,0,,,,,,0.0000,1.084941,0.000000
28,863,0,,,,,,0.0000,1.067605,0.000000
28,864,0,,,,,,0.0000,1.065616,0.000000
28,865,0,,,,,,0.0000,1.109746,0.000000
28,866,0,,,,,,0.0000,1.125593,0.000000
28,867,0,,,,,,0.0000,1.063390,0.000000
28,868,0,,,,,,0.0000,1.070464,0.000000
28,869,0,,,,,,0.0000,1.075982,0.000000
28,870,0,,,,,,0.0000,1.078253,0.000000
28,871,0,,,,,,0.0000,1.083635,0.000000
28,872,0,,,,,,0.0000,1.083156,0.000000
28,873,0,,,,,,0.0000,1.087803,0.000000
28,874,0,,,,,,0.0000,1.078257,0.000000
28,875,0,,,,,,0.0000,1.092496,0.000000
28,876,0,,,,,,0.0000,1.034365,0.000000
28,877,0,,,,,,0.0000,1.053869,0.000000
28,878,0,,,,,,0.0000,1.066361,0.000000
28,879,0,,,,,,0.0000,1.124837,0.000000
28,880,0,,,,,,0.0000,1.102893,0.000000
28,881,0,,,,,,0.0000,1.092563,0.000000
28,882,0,,,,,,0.0000,1.108449,0.000000
28,883,0,,,,,,0.0000,1.065532,0.000000
28,884,0,,,,,,0.0000,1.027843,0.000000
28,885,0,,,,,,0.0000,1.039706,0.000000
28,886,0,,,,,,0.0000,1.125045,0.000000
28,887,0,,,,,,0.0000,1.083651,0.000000
28,888,0,,,,,,0.0000,1.052055,0.000000
28,889,0,,,,,,0.0000,1.046604,0.000000
28,890,0,,,,,,0.0000,1.079145,0.000000
28,891,0,,,,,,0.0000,1.123275,0.000000
28,892,0,,,,,,0.0000,1.063263,0.000000
28,893,0,,,,,,0.0000,1.076369,0.000000
28,894,0,,,,,,0.0000,1.026588,0.000000
28,895,0,,,,,,0.0000,1.077737,0.000000
28,896,0,,,,,,0.0000,1.081727,0.000000
28,897,0,,,,,,0.0000,1.061661,0.000000
28,898,0,,,,,,0.0000,1.073253,0.000000
28,899,0,,,,,,0.0000,1.081212,0.000000
28,900,0,,,,,,0.0000,1.081544,0.000000
28,901,0,,,,,,0.0000,1.067125,0.000000
28,902,0,,,,,,0.0000,1.085530,0.000000
28,903,0,,,,,,0.0000,1.063130,0.000000
28,904,0,,,,,,0.0000,1.104981,0.000000
28,905,0,,,,,,0.0000,1.049500,0.000000
28,906,0,,,,,,0.0000,1.076268,0.000000
28,907,0,,,,,,0.0000,1.062940,0.000000
28,908,0,,,,,,0.0000,1.078474,0.000000
28,909,0,,,,,,0.0000,1.090292,0.000000
28,910,0,,,,,,0.0000,1.044271,0.000000
28,911,0,,,,,,0.0000,1.077251,0.000000
28,912,0,,,,,,0.0000,1.102279,0.000000
28,913,0,,,,,,0.0000,1.102921,0.000000
28,914,0,,,,,,0.0000,1.093958,0.000000
28,915,0,,,,,,0.0000,1.040532,0.000000
28,916,0,,,,,,0.0000,1.078564,0.000000
28,917,0,,,,,,0.0000,1.066311,0.000000
28,918,0,,,,,,0.0000,1.085786,0.000000
28,919,0,,,,,,0.0000,1.055804,0.000000
28,920,0,,,,,,0.0000,1.035992,0.000000
28,921,0,,,,,,0.0000,1.077921,0.000000
28,922,0,,,,,,0.0000,1.091585,0.000000
28,923,0,,,,,,0.0000,1.070994,0.000000
28,924,0,,,,,,0.0000,1.081524,0.000000
28,925,0,,,,,,0.0000,1.097191,0.000000
28,926,0,,,,,,0.0000,1.056608,0.000000
28,927,0,,,,,,0.0000,1.067278,0.000000
28,928,0,,,,,,0.0000,1.076096,0.000000
28,929,0,,,,,,0.0000,1.091417,0.000000
28,930,0,,,,,,0.0000,1.086773,0.000000
28,931,0,,,,,,0.0000,1.068935,0.000000
28,932,0,,,,,,0.0000,1.073486,0.000000
28,933,0,,,,,,0.0000,1.034159,0.000000
28,934,0,,,,,,0.0000,1.099785,0.000000
28,935,0,,,,,,0.0000,1.113601,0.000000
28,936,0,,,,,,0.0000,1.060020,0.000000
28,937,0,,,,,,0.0000,1.058781,0.000000
28,938,0,,,,,,0.0000,1.072247,0.000000
28,939,0,,,,,,0.0000,1.050846,0.000000
28,940,0,,,,,,0.0000,1.029995,0.000000
28,941,0,,,,,,0.0000,1.106001,0.000000
28,942,0,,,,,,0.0000,1.081221,0.000000
28,943,0,,,,,,0.0000,1.086936,0.000000
28,944,0,,,,,,0.0000,1.088581,0.000000
28,945,0,,,,,,0.0000,1.091227,0.000000
28,946,0,,,,,,0.0000,1.076544,0.000000
28,947,0,,,,,,0.0000,1.068521,0.000000
28,948,0,,,,,,0.0000,1.079296,0.000000
28,949,0,,,,,,0.0000,1.064134,0.000000
28,950,0,,,,,,0.0000,1.053001,0.000000
28,951,0,,,,,,0.0000,1.076460,0.000000
28,952,0,,,,,,0.0000,1.138391,0.000000
28,953,0,,,,,,0.0000,1.061749,0.000000
28,954,0,,,,,,0.0000,1.029010,0.000000
28,955,0,,,,,,0.0000,1.068366,0.000000
28,956,0,,,,,,0.0000,1.120017,0.000000
28,957,0,,,,,,0.0000,1.088743,0.000000
28,958,0,,,,,,0.0000,1.014601,0.000000
28,959,0,,,,,,0.0000,1.071164,0.000000
28,960,0,,,,,,0.0000,1.145167,0.000000
28,961,0,,,,,,0.0000,1.088858,0.000000
28,962,0,,,,,,0.0000,1.062434,0.000000
28,963,0,,,,,,0.0000,1.080125,0.000000
28,964,0,,,,,,0.0000,1.119230,0.000000
28,965,0,,,,,,0.0000,1.096751,0.000000
28,966,0,,,,,,0.0000,1.058897,0.000000
28,967,0,,,,,,0.0000,1.041360,0.000000
28,968,0,,,,,,0.0000,1.105457,0.000000
28,969,0,,,,,,0.0000,1.189759,0.000000
28,970,0,,,,,,0.0000,1.079234,0.000000
28,971,0,,,,,,0.0000,1.031940,0.000000
28,972,0,,,,,,0.0000,1.024263,0.000000
28,973,0,,,,,,0.0000,1.072355,0.000000
28,974,0,,,,,,0.0000,1.110292,0.000000
28,975,0,,,,,,0.0000,1.098315,0.000000
28,976,0,,,,,,0.0000,1.020447,0.000000
28,977,0,,,,,,0.0000,1.087418,0.000000
28,978,0,,,,,,0.0000,1.104934,0.000000
28,979,0,,,,,,0.0000,1.073252,0.000000
28,980,0,,,,,,0.0000,1.098423,0.000000
28,981,0,,,,,,0.0000,1.083849,0.000000
28,982,0,,,,,,0.0000,1.031793,0.000000
28,983,0,,,,,,0.0000,1.073461,0.000000
28,984,0,,,,,,0.0000,1.128764,0.000000
28,985,0,,,,,,0.0000,1.039042,0.000000
28,986,0,,,,,,0.0000,1.085707,0.000000
28,987,0,,,,,,0.0000,1.087135,0.000000
28,988,0,,,,,,0.0000,1.024351,0.000000
28,989,0,,,,,,0.0000,1.046171,0.000000
28,990,0,,,,,,0.0000,1.112020,0.000000
28,991,0,,,,,,0.0000,1.140832,0.000000
28,992,0,,,,,,0.0000,1.032751,0.000000
28,993,0,,,,,,0.0000,0.997166,0.000000
28,994,0,,,,,,0.0000,1.107836,0.000000
28,995,0,,,,,,0.0000,1.123356,0.000000
28,996,0,,,,,,0.0000,1.065434,0.000000
28,997,0,,,,,,0.0000,1.035307,0.000000
28,998,0,,,,,,0.0000,1.059776,0.000000
28,999,0,,,,,,0.0000,1.094662,0.000000
28,1000,0,,,,,,0.0000,1.097526,0.000000
29,1,12,0.160272,0.126324,0.643314,0.075921,0.507120,18.0000,0.871601,0.573187
29,2,13,0.159669,0.122142,0.646287,0.081438,0.572068,4.0000,1.146928,0.579019
29,3,11,0.130895,0.097862,0.686710,0.114637,0.588871,3.0000,1.267939,0.643111
29,4,10,0.128138,0.084850,0.706227,0.120922,0.665387,3.0000,1.103942,0.681408
29,5,12,0.124769,0.095310,0.713256,0.102220,0.738946,7.0000,1.061646,0.695201
29,6,9,0.106826,0.063030,0.742045,0.160978,0.761922,7.0000,1.073447,0.751691
29,7,11,0.104203,0.085356,0.755094,0.122515,0.764386,5.0000,1.132424,0.755318
29,8,12,0.067563,0.059997,0.800235,0.106832,0.789015,12.0000,1.054582,0.802523
29,9,13,0.067297,0.058015,0.800458,0.106280,0.825506,4.0000,1.057026,0.802962
29,10,0,,,,,,0.0000,1.337756,0.000000
29,11,0,,,,,,0.0000,1.412558,0.000000
29,12,0,,,,,,0.0000,1.312330,0.000000
29,13,0,,,,,,0.0000,1.189844,0.000000
29,14,0,,,,,,0.0000,1.283421,0.000000
29,15,0,,,,,,0.0000,1.368414,0.000000
29,16,0,,,,,,0.0000,1.336701,0.000000
29,17,0,,,,,,0.0000,1.245074,0.000000
29,18,0,,,,,,0.0000,1.272879,0.000000
29,19,0,,,,,,0.0000,1.328095,0.000000
29,20,0,,,,,,0.0000,1.319179,0.000000
29,21,0,,,,,,0.0000,1.286153,0.000000
29,22,0,,,,,,0.0000,1.270701,0.000000
29,23,0,,,,,,0.0000,1.274139,0.000000
29,24,0,,,,,,0.0000,1.327498,0.000000
29,25,0,,,,,,0.0000,1.320134,0.000000
29,26,0,,,,,,0.0000,1.286576,0.000000
29,27,0,,,,,,0.0000,1.270181,0.000000
29,28,0,,,,,,0.0000,1.307198,0.000000
29,29,0,,,,,,0.0000,1.303257,0.000000
29,30,0,,,,,,0.0000,1.263679,0.000000
29,31,0,,,,,,0.0000,1.280650,0.000000
29,32,0,,,,,,0.0000,1.314244,0.000000
29,33,0,,,,,,0.0000,1.322674,0.000000
29,34,0,,,,,,0.0000,1.286867,0.000000
29,35,0,,,,,,0.0000,1.270535,0.000000
29,36,0,,,,,,0.0000,1.283123,0.000000
29,37,0,,,,,,0.0000,1.265163,0.000000
29,38,0,,,,,,0.0000,1.266610,0.000000
29,39,0,,,,,,0.0000,1.318190,0.000000
29,40,0,,,,,,0.0000,1.335743,0.000000
29,41,0,,,,,,0.0000,1.288096,0.000000
29,42,0,,,,,,0.0000,1.268866,0.000000
29,43,0,,,,,,0.0000,1.274801,0.000000
29,44,0,,,,,,0.0000,1.294028,0.000000
29,45,0,,,,,,0.0000,1.320649,0.000000
29,46,0,,,,,,0.0000,1.288982,0.000000
29,47,0,,,,,,0.0000,1.266059,0.000000
29,48,0,,,,,,0.0000,1.275519,0.000000
29,49,0,,,,,,0.0000,1.324427,0.000000
29,50,0,,,,,,0.0000,1.311573,0.000000
29,51,0,,,,,,0.0000,1.244429,0.000000
29,52,0,,,,,,0.0000,1.237087,0.000000
29,53,0,,,,,,0.0000,1.316815,0.000000
29,54,0,,,,,,0.0000,1.309175,0.000000
29,55,0,,,,,,0.0000,1.278713,0.000000
29,56,0,,,,,,0.0000,1.255311,0.000000
29,57,0,,,,,,0.0000,1.281568,0.000000
29,58,0,,,,,,0.0000,1.290426,0.000000
29,59,0,,,,,,0.0000,1.295784,0.000000
29,60,0,,,,,,0.0000,1.280357,0.000000
29,61,0,,,,,,0.0000,1.278317,0.000000
29,62,0,,,,,,0.0000,1.302615,0.000000
29,63,0,,,,,,0.0000,1.285111,0.000000
29,64,0,,,,,,0.0000,1.296832,0.000000
29,65,0,,,,,,0.0000,1.283466,0.000000
29,66,0,,,,,,0.0000,1.267218,0.000000
29,67,0,,,,,,0.0000,1.286516,0.000000
29,68,0,,,,,,0.0000,1.297770,0.000000
29,69,0,,,,,,0.0000,1.275111,0.000000
29,70,0,,,,,,0.0000,1.262923,0.000000
29,71,0,,,,,,0.0000,1.296396,0.000000
29,72,0,,,,,,0.0000,1.292710,0.000000
29,73,0,,,,,,0.0000,1.281175,0.000000
29,74,0,,,,,,0.0000,1.273008,0.000000
29,75,0,,,,,,0.0000,1.289395,0.000000
29,76,0,,,,,,0.0000,1.292446,0.000000
29,77,0,,,,,,0.0000,1.275302,0.000000
29,78,0,,,,,,0.0000,1.281490,0.000000
29,79,0,,,,,,0.0000,1.309494,0.000000
29,80,0,,,,,,0.0000,1.281194,0.000000
29,81,0,,,,,,0.0000,1.261853,0.000000
29,82,0,,,,,,0.0000,1.277003,0.000000
29,83,0,,,,,,0.0000,1.277461,0.000000
29,84,0,,,,,,0.0000,1.255239,0.000000
29,85,0,,,,,,0.0000,1.290230,0.000000
29,86,0,,,,,,0.0000,1.304392,0.000000
29,87,0,,,,,,0.0000,1.298133,0.000000
29,88,0,,,,,,0.0000,1.281556,0.000000
29,89,0,,,,,,0.0000,1.264034,0.000000
29,90,0,,,,,,0.0000,1.300471,0.000000
29,91,0,,,,,,0.0000,1.295385,0.000000
29,92,0,,,,,,0.0000,1.254678,0.000000
29,93,0,,,,,,0.0000,1.260571,0.000000
29,94,0,,,,,,0.0000,1.292098,0.000000
29,95,0,,,,,,0.0000,1.293714,0.000000
29,96,0,,,,,,0.0000,1.285295,0.000000
29,97,0,,,,,,0.0000,1.245976,0.000000
29,98,0,,,,,,0.0000,1.273458,0.000000
29,99,0,,,,,,0.0000,1.318278,0.000000
29,100,0,,,,,,0.0000,1.318683,0.000000
29,101,0,,,,,,0.0000,1.260318,0.000000
29,102,0,,,,,,0.0000,1.267409,0.000000
29,103,0,,,,,,0.0000,1.293922,0.000000
29,104,0,,,,,,0.0000,1.290344,0.000000
29,105,0,,,,,,0.0000,1.288912,0.000000
29,106,0,,,,,,0.0000,1.267719,0.000000
29,107,0,,,,,,0.0000,1.273950,0.000000
29,108,0,,,,,,0.0000,1.292702,0.000000
29,109,0,,,,,,0.0000,1.310692,0.000000
29,110,0,,,,,,0.0000,1.293169,0.000000
29,111,0,,,,,,0.0000,1.254983,0.000000
29,112,0,,,,,,0.0000,1.272791,0.000000
29,113,0,,,,,,0.0000,1.278639,0.000000
29,114,0,,,,,,0.0000,1.295619,0.000000
29,115,0,,,,,,0.0000,1.305337,0.000000
29,116,0,,,,,,0.0000,1.248993,0.000000
29,117,0,,,,,,0.0000,1.260755,0.000000
29,118,0,,,,,,0.0000,1.286885,0.000000
29,119,0,,,,,,0.0000,1.315892,0.000000
29,120,0,,,,,,0.0000,1.280412,0.000000
29,121,0,,,,,,0.0000,1.253974,0.000000
29,122,0,,,,,,0.0000,1.263183,0.000000
29,123,0,,,,,,0.0000,1.324287,0.000000
29,124,0,,,,,,0.0000,1.269621,0.000000
29,125,0,,,,,,0.0000,1.269112,0.000000
29,126,0,,,,,,0.0000,1.322433,0.000000
29,127,0,,,,,,0.0000,1.318774,0.000000
29,128,0,,,,,,0.0000,1.292853,0.000000
29,129,0,,,,,,0.0000,1.285119,0.000000
29,130,0,,,,,,0.0000,1.274713,0.000000
29,131,0,,,,,,0.0000,1.319313,0.000000
29,132,0,,,,,,0.0000,1.307931,0.000000
29,133,0,,,,,,0.0000,1.232709,0.000000
29,134,0,,,,,,0.0000,1.276278,0.000000
29,135,0,,,,,,0.0000,1.330090,0.000000
29,136,0,,,,,,0.0000,1.311763,0.000000
29,137,0,,,,,,0.0000,1.284749,0.000000
29,138,0,,,,,,0.0000,1.304181,0.000000
29,139,0,,,,,,0.0000,1.300936,0.000000
29,140,0,,,,,,0.0000,1.281772,0.000000
29,141,0,,,,,,0.0000,1.276789,0.000000
29,142,0,,,,,,0.0000,1.294229,0.000000
29,143,0,,,,,,0.0000,1.312793,0.000000
29,144,0,,,,,,0.0000,1.281704,0.000000
29,145,0,,,,,,0.0000,1.267791,0.000000
29,146,0,,,,,,0.0000,1.266590,0.000000
29,147,0,,,,,,0.0000,1.277198,0.000000
29,148,0,,,,,,0.0000,1.286980,0.000000
29,149,0,,,,,,0.0000,1.304072,0.000000
29,150,0,,,,,,0.0000,1.281300,0.000000
29,151,0,,,,,,0.0000,1.289153,0.000000
29,152,0,,,,,,0.0000,1.308100,0.000000
29,153,0,,,,,,0.0000,1.299063,0.000000
29,154,0,,,,,,0.0000,1.293757,0.000000
29,155,0,,,,,,0.0000,1.300804,0.000000
29,156,0,,,,,,0.0000,1.279593,0.000000
29,157,0,,,,,,0.0000,1.274470,0.000000
29,158,0,,,,,,0.0000,1.310871,0.000000
29,159,0,,,,,,0.0000,1.316044,0.000000
29,160,0,,,,,,0.0000,1.297737,0.000000
29,161,0,,,,,,0.0000,1.293745,0.000000
29,162,0,,,,,,0.0000,1.270613,0.000000
29,163,0,,,,,,0.0000,1.263723,0.000000
29,164,0,,,,,,0.0000,1.298939,0.000000
29,165,0,,,,,,0.0000,1.308308,0.000000
29,166,0,,,,,,0.0000,1.308677,0.000000
29,167,0,,,,,,0.0000,1.282226,0.000000
29,168,0,,,,,,0.0000,1.261816,0.000000
29,169,0,,,,,,0.0000,1.292676,0.000000
29,170,0,,,,,,0.0000,1.302742,0.000000
29,171,0,,,,,,0.0000,1.310473,0.000000
29,172,0,,,,,,0.0000,1.263896,0.000000
29,173,0,,,,,,0.0000,1.294427,0.000000
29,174,0,,,,,,0.0000,1.291100,0.000000
29,175,0,,,,,,0.0000,1.277061,0.000000
29,176,0,,,,,,0.0000,1.277910,0.000000
29,177,0,,,,,,0.0000,1.272747,0.000000
29,178,0,,,,,,0.0000,1.273000,0.000000
29,179,0,,,,,,0.0000,1.310536,0.000000
29,180,0,,,,,,0.0000,1.294072,0.000000
29,181,0,,,,,,0.0000,1.267744,0.000000
29,182,0,,,,,,0.0000,1.274582,0.000000
29,183,0,,,,,,0.0000,1.293080,0.000000
29,184,0,,,,,,0.0000,1.301124,0.000000
29,185,0,,,,,,0.0000,1.291165,0.000000
29,186,0,,,,,,0.0000,1.262048,0.000000
29,187,0,,,,,,0.0000,1.275999,0.000000
29,188,0,,,,,,0.0000,1.281597,0.000000
29,189,0,,,,,,0.0000,1.293981,0.000000
29,190,0,,,,,,0.0000,1.272333,0.000000
29,191,0,,,,,,0.0000,1.282449,0.000000
29,192,0,,,,,,0.0000,1.314491,0.000000
29,193,0,,,,,,0.0000,1.271048,0.000000
29,194,0,,,,,,0.0000,1.300890,0.000000
29,195,0,,,,,,0.0000,1.312323,0.000000
29,196,0,,,,,,0.0000,1.310884,0.000000
29,197,0,,,,,,0.0000,1.266745,0.000000
29,198,0,,,,,,0.0000,1.286856,0.000000
29,199,0,,,,,,0.0000,1.283722,0.000000
29,200,0,,,,,,0.0000,1.313196,0.000000
29,201,0,,,,,,0.0000,1.297255,0.000000
29,202,0,,,,,,0.0000,1.289162,0.000000
29,203,0,,,,,,0.0000,1.292548,0.000000
29,204,0,,,,,,0.0000,1.311638,0.000000
29,205,0,,,,,,0.0000,1.282257,0.000000
29,206,0,,,,,,0.0000,1.261654,0.000000
29,207,0,,,,,,0.0000,1.281816,0.000000
29,208,0,,,,,,0.0000,1.300136,0.000000
29,209,0,,,,,,0.0000,1.291601,0.000000
29,210,0,,,,,,0.0000,1.300226,0.000000
29,211,0,,,,,,0.0000,1.278657,0.000000
29,212,0,,,,,,0.0000,1.259198,0.000000
29,213,0,,,,,,0.0000,1.278965,0.000000
29,214,0,,,,,,0.0000,1.284964,0.000000
29,215,0,,,,,,0.0000,1.272820,0.000000
29,216,0,,,,,,0.0000,1.284851,0.000000
29,217,0,,,,,,0.0000,1.287084,0.000000
29,218,0,,,,,,0.0000,1.311037,0.000000
29,219,0,,,,,,0.0000,1.279764,0.000000
29,220,0,,,,,,0.0000,1.259000,0.000000
29,221,0,,,,,,0.0000,1.275326,0.000000
29,222,0,,,,,,0.0000,1.318503,0.000000
29,223,0,,,,,,0.0000,1.304599,0.000000
29,224,0,,,,,,0.0000,1.269001,0.000000
29,225,0,,,,,,0.0000,1.239717,0.000000
29,226,0,,,,,,0.0000,1.306121,0.000000
29,227,0,,,,,,0.0000,1.303920,0.000000
29,228,0,,,,,,0.0000,1.283749,0.000000
29,229,0,,,,,,0.0000,1.254949,0.000000
29,230,0,,,,,,0.0000,1.273261,0.000000
29,231,0,,,,,,0.0000,1.338182,0.000000
29,232,0,,,,,,0.0000,1.295505,0.000000
29,233,0,,,,,,0.0000,1.242693,0.000000
29,234,0,,,,,,0.0000,1.263326,0.000000
29,235,0,,,,,,0.0000,1.316755,0.000000
29,236,0,,,,,,0.0000,1.327461,0.000000
29,237,0,,,,,,0.0000,1.261314,0.000000
29,238,0,,,,,,0.0000,1.238693,0.000000
29,239,0,,,,,,0.0000,1.297916,0.000000
29,240,0,,,,,,0.0000,1.320176,0.000000
29,241,0,,,,,,0.0000,1.267872,0.000000
29,242,0,,,,,,0.0000,1.263820,0.000000
29,243,0,,,,,,0.0000,1.271645,0.000000
29,244,0,,,,,,0.0000,1.282796,0.000000
29,245,0,,,,,,0.0000,1.303691,0.000000
29,246,0,,,,,,0.0000,1.292669,0.000000
29,247,0,,,,,,0.0000,1.296263,0.000000
29,248,0,,,,,,0.0000,1.317039,0.000000
29,249,0,,,,,,0.0000,1.289190,0.000000
29,250,0,,,,,,0.0000,1.256894,0.000000
29,251,0,,,,,,0.0000,1.286458,0.000000
29,252,0,,,,,,0.0000,1.299733,0.000000
29,253,0,,,,,,0.0000,1.274027,0.000000
29,254,1,0.846407,0.001156,0.493709,0.000000,1.000000,1.0000,1.296341,0.208459
29,255,3,0.188223,0.011636,0.882059,0.240457,0.201531,7.0000,1.010482,0.632562
29,256,7,0.132829,0.055900,0.957695,0.166425,0.404472,17.0000,0.927475,0.782019
29,257,10,0.114675,0.062044,0.971146,0.109991,0.593906,6.0000,1.085471,0.808761
29,258,9,0.114696,0.065317,0.971880,0.109909,0.463162,3.0000,1.216967,0.810220
29,259,11,0.113210,0.064970,0.973897,0.072255,0.584130,10.0000,1.161015,0.814229
29,260,3,0.344234,0.052497,0.697930,1.066025,0.971489,3.0000,1.312677,0.278162
29,261,4,0.177282,0.045636,0.786379,0.513431,0.674719,6.0000,1.100221,0.458246
29,262,6,0.132250,0.073879,0.833196,0.200443,0.640007,8.0000,0.975072,0.553568
29,263,10,0.090025,0.066707,0.953080,0.093477,0.476422,16.0000,1.119681,0.730965
29,264,14,0.071053,0.065172,0.982213,0.080380,0.546717,10.0000,1.182332,0.790280
29,265,13,0.071095,0.067421,0.982740,0.073293,0.483287,3.0000,1.167383,0.791353
29,266,13,0.071095,0.067421,0.982740,0.073293,0.483287,7.0000,1.145877,0.791353
29,267,14,0.055777,0.054773,0.997974,0.035654,0.405953,8.0000,1.084710,0.822369
29,268,16,0.053952,0.057228,0.999022,0.035494,0.394728,9.0000,1.096147,0.824503
29,269,17,0.053952,0.059067,0.999244,0.039701,0.439868,7.0000,1.120102,0.824955
29,270,1,0.775849,0.319295,0.119518,0.000000,1.000000,1.0000,1.386821,0.000000
29,271,4,0.142129,0.088811,0.830660,0.213858,0.320430,9.0000,1.152886,0.565416
29,272,9,0.122292,0.116839,0.892105,0.175479,0.763041,14.0000,1.003886,0.665961
29,273,10,0.087703,0.076921,0.965938,0.104677,0.541282,15.0000,1.029255,0.766163
29,274,10,0.083021,0.063963,0.999840,0.094191,0.476310,9.0000,1.167796,0.801265
29,275,11,0.075259,0.061780,1.004757,0.073536,0.377534,2.0000,1.189020,0.811340
29,276,11,0.075259,0.061780,1.004757,0.073536,0.377534,7.0000,1.116745,0.811340
29,277,13,0.068826,0.059053,1.012653,0.053983,0.497605,7.0000,1.037548,0.827518
29,278,13,0.068826,0.059053,1.012653,0.053983,0.497605,17.0000,1.013695,0.827518
29,279,15,0.068409,0.064202,1.013552,0.038854,0.529553,7.0000,1.182280,0.829361
29,280,2,0.325529,0.014248,0.797267,0.000000,0.052184,2.0000,1.451766,0.405690
29,281,6,0.125243,0.087913,0.901737,0.194046,0.405904,7.0000,1.170938,0.576131
29,282,9,0.132170,0.063885,0.966947,0.111356,0.682003,15.0000,0.952777,0.711115
29,283,10,0.101141,0.062159,0.990934,0.075065,0.535033,13.0000,1.013076,0.760770
29,284,10,0.091441,0.045196,1.016487,0.092597,0.602639,8.0000,1.181309,0.813666
29,285,10,0.090692,0.044173,1.018745,0.093233,0.605523,5.0000,1.183950,0.818338
29,286,11,0.089605,0.043379,1.019983,0.089130,0.669196,4.0000,1.089240,0.820903
29,287,11,0.088908,0.042138,1.022666,0.089927,0.662970,10.0000,1.071049,0.826456
29,288,11,0.087087,0.036614,1.031139,0.092663,0.658597,3.0000,1.223446,0.843994
29,289,11,0.087087,0.036614,1.031139,0.092663,0.658597,3.0000,1.158240,0.843994
29,290,2,0.318160,0.076054,0.687623,0.000000,0.354806,2.0000,1.318009,0.331937
29,291,5,0.195317,0.085631,0.883653,0.469424,0.720720,10.0000,1.183913,0.525571
29,292,8,0.109527,0.080823,0.951538,0.219201,0.749330,13.0000,1.046827,0.668553
29,293,9,0.107620,0.085259,0.956012,0.170952,0.622860,10.0000,1.124269,0.677978
29,294,9,0.093857,0.052789,0.982793,0.173869,0.603596,8.0000,1.178881,0.726329
29,295,12,0.071459,0.049177,0.993268,0.097048,0.604533,11.0000,1.114349,0.748392
29,296,13,0.071459,0.051959,0.993398,0.095435,0.608757,4.0000,1.101601,0.748666
29,297,16,0.068904,0.047400,0.998945,0.088042,0.718606,10.0000,1.142783,0.760349
29,298,16,0.068890,0.046986,0.999101,0.088778,0.719116,6.0000,1.112263,0.760677
29,299,19,0.062260,0.057070,1.025534,0.054082,0.572324,13.0000,1.112916,0.816352
29,300,2,0.348815,0.149035,0.603639,0.000000,0.160942,2.0000,1.391085,0.142039
29,301,4,0.300343,0.035145,0.840222,0.841853,1.105118,8.0000,1.206662,0.423633
29,302,7,0.116850,0.050701,0.953319,0.225826,0.770888,9.0000,0.986096,0.660500
29,303,7,0.112540,0.046484,0.964013,0.227267,0.767877,5.0000,1.061435,0.682896
29,304,8,0.109052,0.069825,0.971751,0.156052,0.633698,3.0000,1.173160,0.699103
29,305,8,0.109052,0.069825,0.971751,0.156052,0.633698,4.0000,1.154172,0.699103
29,306,9,0.109052,0.080756,0.977195,0.141652,0.579596,7.0000,1.133772,0.710505
29,307,10,0.100304,0.065118,1.005741,0.133258,0.785384,11.0000,1.069211,0.770289
29,308,10,0.077300,0.049443,1.016706,0.127149,0.772913,2.0000,1.109532,0.793256
29,309,11,0.074130,0.048505,1.018864,0.112591,0.819111,7.0000,1.142420,0.797775
29,310,2,0.477153,0.070425,0.553447,0.000000,0.621835,3.0000,1.409335,0.370691
29,311,5,0.144816,0.049643,0.979311,0.077119,0.503607,4.0000,1.185200,0.745187
29,312,8,0.078216,0.044168,1.031523,0.131685,0.442787,8.0000,0.992299,0.855159
29,313,9,0.078216,0.043650,1.033950,0.138124,0.547812,4.0000,1.179809,0.855969
29,314,9,0.078216,0.043650,1.033950,0.138124,0.547812,2.0000,1.235169,0.855969
29,315,12,0.068136,0.051427,1.052946,0.114892,0.683182,9.0000,1.130830,0.874089
29,316,14,0.061164,0.050728,1.057296,0.095734,0.737036,10.0000,1.045532,0.883250
29,317,14,0.061133,0.049964,1.057710,0.096654,0.737544,8.0000,1.115191,0.884123
29,318,14,0.061133,0.049964,1.057710,0.096654,0.737544,5.0000,1.172844,0.884123
29,319,14,0.059949,0.047384,1.059649,0.097992,0.767613,9.0000,1.143224,0.888207
29,320,1,0.828339,0.168983,0.214910,0.000000,1.000000,1.0000,1.392865,0.000000
29,321,3,0.260060,0.176361,0.645699,0.335128,0.460651,4.0000,1.196956,0.242980
29,322,6,0.133096,0.110301,0.924939,0.173180,0.473381,12.0000,0.978510,0.646212
29,323,7,0.132221,0.117233,0.934033,0.148127,0.460098,10.0000,1.023589,0.665037
29,324,9,0.088552,0.072846,0.995988,0.119047,0.577485,12.0000,1.167674,0.771233
29,325,10,0.080644,0.073424,0.999974,0.117013,0.600347,4.0000,1.187905,0.779483
29,326,11,0.069302,0.064448,1.011748,0.118674,0.673080,10.0000,1.143857,0.803854
29,327,12,0.063160,0.061479,1.028974,0.056121,0.661659,9.0000,1.055471,0.839513
29,328,12,0.063160,0.061479,1.028974,0.056121,0.661659,9.0000,1.086105,0.839513
29,329,13,0.062991,0.060878,1.029405,0.057530,0.721582,6.0000,1.149232,0.840405
29,330,0,,,,,,0.0000,1.366294,0.000000
29,331,2,0.364215,0.019184,0.766329,0.000000,0.026862,4.0000,1.428052,0.322801
29,332,6,0.148207,0.126377,0.928533,0.074240,0.204399,7.0000,1.053218,0.655156
29,333,6,0.128486,0.067155,0.971657,0.143017,0.496362,10.0000,0.959041,0.743517
29,334,8,0.099952,0.073747,0.980532,0.110791,0.376842,4.0000,1.053383,0.761702
29,335,8,0.099952,0.073747,0.980532,0.110791,0.376842,8.0000,1.232166,0.761702
29,336,8,0.091872,0.061345,0.999751,0.121566,0.379042,6.0000,1.174860,0.801081
29,337,8,0.083964,0.049396,1.027254,0.125583,0.368381,7.0000,1.075373,0.857436
29,338,8,0.083964,0.049396,1.027254,0.125583,0.368381,12.0000,1.004670,0.857436
29,339,9,0.074537,0.044170,1.038943,0.132431,0.476684,8.0000,1.100145,0.881386
29,340,1,0.849468,0.029979,0.473277,0.000000,1.000000,1.0000,1.464080,0.145434
29,341,4,0.282688,0.205731,0.636341,0.284326,0.564436,4.0000,1.245371,0.238015
29,342,6,0.133086,0.098455,0.868848,0.205269,0.398509,10.0000,0.960984,0.574409
29,343,7,0.106755,0.074241,0.913973,0.075297,0.226267,15.0000,1.023880,0.666285
29,344,8,0.106690,0.070081,0.923997,0.123861,0.373035,5.0000,1.278852,0.671751
29,345,9,0.098607,0.066093,0.932949,0.113779,0.491524,10.0000,1.167522,0.689977
29,346,9,0.098535,0.066029,0.933885,0.113798,0.493542,8.0000,1.105206,0.691883
29,347,12,0.086190,0.074081,0.943148,0.089588,0.545429,8.0000,1.092169,0.710742
29,348,12,0.085158,0.071466,0.949202,0.099426,0.604343,7.0000,1.137432,0.723069
29,349,13,0.085097,0.066913,0.967264,0.097271,0.733900,7.0000,1.191555,0.759843
29,350,1,0.848222,0.004767,0.489163,0.000000,1.000000,1.0000,1.356505,0.200703
29,351,2,0.333400,0.061777,0.715402,0.000000,0.109463,4.0000,1.171641,0.354944
29,352,3,0.330774,0.050788,0.763232,0.954490,0.788198,6.0000,1.052414,0.395424
29,353,5,0.176483,0.042202,0.888249,0.207951,0.677972,9.0000,1.068170,0.643960
29,354,7,0.176156,0.068589,0.898400,0.072169,0.748055,10.0000,1.168407,0.664140
29,355,8,0.175250,0.065158,0.900971,0.026369,0.792339,7.0000,1.127577,0.669252
29,356,10,0.110405,0.085250,0.918271,0.063050,0.470146,4.0000,1.062704,0.703645
29,357,10,0.110405,0.086028,0.918545,0.066081,0.469471,5.0000,1.118044,0.704189
29,358,10,0.113736,0.080924,0.923322,0.097178,0.525362,3.0000,1.196489,0.713685
29,359,11,0.113699,0.077277,0.923553,0.103219,0.624693,10.0000,1.129681,0.714146
29,360,1,0.554712,0.020579,0.390520,0.000000,1.000000,1.0000,1.309966,0.322940
29,361,4,0.239876,0.181381,0.687335,0.109182,0.609681,4.0000,1.122005,0.509207
29,362,7,0.114919,0.103579,0.812242,0.106739,0.452253,9.0000,0.995906,0.630810
29,363,8,0.091966,0.084504,0.855361,0.091093,0.469434,11.0000,1.029029,0.695708
29,364,8,0.090675,0.066441,0.875744,0.132504,0.639836,7.0000,1.205544,0.735300
29,365,8,0.087025,0.059433,0.886232,0.151107,0.651317,5.0000,1.156291,0.747997
29,366,8,0.087025,0.059433,0.886232,0.151107,0.651317,4.0000,1.089463,0.747997
29,367,10,0.086823,0.059024,0.886677,0.136921,0.801912,5.0000,1.066089,0.748861
29,368,9,0.082908,0.047253,0.908063,0.126520,0.737925,10.0000,1.114355,0.784527
29,369,11,0.071886,0.049218,0.919260,0.114015,0.673128,9.0000,1.100038,0.806278
29,370,1,0.842224,0.007446,0.346163,0.000000,1.000000,1.0000,1.386294,0.218905
29,371,3,0.312129,0.097862,0.665626,0.902011,0.774686,4.0000,1.163841,0.353034
29,372,5,0.141986,0.069296,0.798196,0.300652,0.520934,6.0000,1.013380,0.608476
29,373,9,0.088399,0.062197,0.847363,0.137201,0.521517,9.0000,1.049025,0.703214
29,374,11,0.084804,0.072040,0.851164,0.059608,0.449374,9.0000,1.172641,0.710537
29,375,12,0.084804,0.082421,0.854723,0.053689,0.438439,4.0000,1.186644,0.717395
29,376,12,0.066135,0.060294,0.873562,0.041773,0.500102,5.0000,1.110787,0.753695
29,377,12,0.066135,0.060294,0.873562,0.041773,0.500102,4.0000,1.093320,0.753695
29,378,14,0.065659,0.067858,0.879618,0.060083,0.468878,13.0000,1.117724,0.765364
29,379,14,0.060620,0.061418,0.885840,0.051657,0.498384,3.0000,1.143078,0.777354
29,380,1,0.609485,0.049733,0.377975,0.000000,1.000000,1.0000,1.356350,0.257602
29,381,3,0.326947,0.130426,0.489813,0.048831,0.642875,2.0000,1.148164,0.383660
29,382,5,0.175804,0.102476,0.742256,0.253801,0.649164,12.0000,0.896435,0.668369
29,383,7,0.156234,0.090742,0.803090,0.026924,0.610286,4.0000,1.075953,0.704714
29,384,8,0.155750,0.085731,0.818551,0.057084,0.651515,5.0000,1.191945,0.711801
29,385,9,0.154110,0.080992,0.823058,0.044678,0.713699,5.0000,1.163059,0.720478
29,386,9,0.152773,0.077841,0.846250,0.040430,0.672339,7.0000,1.042051,0.737919
29,387,8,0.183131,0.077245,0.855988,0.030615,0.874400,5.0000,1.056095,0.756665
29,388,10,0.152967,0.092065,0.862752,0.053780,0.803973,6.0000,1.174091,0.769687
29,389,9,0.094163,0.051078,0.889098,0.090752,0.670443,6.0000,1.173419,0.820404
29,390,2,0.543598,0.162197,0.399167,0.000000,0.840316,2.0000,1.320073,0.334190
29,391,3,0.228817,0.071818,0.654857,0.427582,0.462913,8.0000,1.125652,0.470007
29,392,7,0.112828,0.078214,0.733398,0.151296,0.470659,6.0000,1.012906,0.624762
29,393,11,0.058560,0.053434,0.818363,0.060451,0.586026,9.0000,1.050045,0.789073
29,394,11,0.055237,0.046546,0.820681,0.055829,0.598020,8.0000,1.115021,0.793640
29,395,11,0.055237,0.046546,0.820681,0.055829,0.598020,6.0000,1.195485,0.793640
29,396,12,0.054862,0.044703,0.821666,0.062046,0.661758,3.0000,1.151409,0.795581
29,397,14,0.054604,0.047038,0.822067,0.034304,0.632546,6.0000,1.066858,0.795876
29,398,13,0.039557,0.030300,0.863897,0.038355,0.630092,13.0000,1.056912,0.849870
29,399,14,0.039312,0.033816,0.867551,0.037597,0.543293,8.0000,1.075015,0.857070
29,400,1,0.717453,0.073424,0.396348,0.000000,1.000000,1.0000,1.341025,0.261446
29,401,3,0.170809,0.044003,0.701645,0.103617,0.212061,4.0000,1.163429,0.641801
29,402,3,0.170809,0.044003,0.701645,0.103617,0.212061,3.0000,1.024358,0.641801
29,403,3,0.174240,0.014125,0.745824,0.122647,0.206842,7.0000,1.066557,0.698554
29,404,4,0.127006,0.034388,0.755947,0.241336,0.378786,3.0000,1.193616,0.718418
29,405,5,0.098028,0.046295,0.768129,0.282594,0.534944,5.0000,1.160863,0.742322
29,406,8,0.081274,0.046641,0.785548,0.168670,0.631116,9.0000,1.021581,0.776501
29,407,8,0.081274,0.046641,0.785548,0.168670,0.631116,7.0000,1.061222,0.776501
29,408,8,0.080410,0.042277,0.794041,0.172011,0.624387,4.0000,1.119419,0.793166
29,409,8,0.067998,0.034996,0.824880,0.141418,0.478869,6.0000,1.134108,0.853679
29,410,0,,,,,,0.0000,1.393703,0.000000
29,411,0,,,,,,0.0000,1.395498,0.000000
29,412,0,,,,,,0.0000,1.260637,0.000000
29,413,0,,,,,,0.0000,1.241770,0.000000
29,414,0,,,,,,0.0000,1.290382,0.000000
29,415,0,,,,,,0.0000,1.376572,0.000000
29,416,0,,,,,,0.0000,1.302669,0.000000
29,417,0,,,,,,0.0000,1.284522,0.000000
29,418,0,,,,,,0.0000,1.291373,0.000000
29,419,0,,,,,,0.0000,1.310179,0.000000
29,420,0,,,,,,0.0000,1.306849,0.000000
29,421,0,,,,,,0.0000,1.308005,0.000000
29,422,0,,,,,,0.0000,1.297467,0.000000
29,423,0,,,,,,0.0000,1.312278,0.000000
29,424,0,,,,,,0.0000,1.325045,0.000000
29,425,0,,,,,,0.0000,1.302974,0.000000
29,426,0,,,,,,0.0000,1.288180,0.000000
29,427,0,,,,,,0.0000,1.286728,0.000000
29,428,0,,,,,,0.0000,1.283794,0.000000
29,429,0,,,,,,0.0000,1.302259,0.000000
29,430,0,,,,,,0.0000,1.270207,0.000000
29,431,0,,,,,,0.0000,1.255874,0.000000
29,432,0,,,,,,0.0000,1.276076,0.000000
29,433,0,,,,,,0.0000,1.339729,0.000000
29,434,0,,,,,,0.0000,1.343062,0.000000
29,435,0,,,,,,0.0000,1.295881,0.000000
29,436,0,,,,,,0.0000,1.262982,0.000000
29,437,0,,,,,,0.0000,1.271354,0.000000
29,438,0,,,,,,0.0000,1.289460,0.000000
29,439,0,,,,,,0.0000,1.300246,0.000000
29,440,0,,,,,,0.0000,1.283159,0.000000
29,441,0,,,,,,0.0000,1.259036,0.000000
29,442,0,,,,,,0.0000,1.259146,0.000000
29,443,0,,,,,,0.0000,1.291301,0.000000
29,444,0,,,,,,0.0000,1.299789,0.000000
29,445,0,,,,,,0.0000,1.279485,0.000000
29,446,0,,,,,,0.0000,1.267663,0.000000
29,447,0,,,,,,0.0000,1.279143,0.000000
29,448,0,,,,,,0.0000,1.280556,0.000000
29,449,0,,,,,,0.0000,1.287003,0.000000
29,450,0,,,,,,0.0000,1.284610,0.000000
29,451,0,,,,,,0.0000,1.298640,0.000000
29,452,0,,,,,,0.0000,1.293973,0.000000
29,453,0,,,,,,0.0000,1.291322,0.000000
29,454,0,,,,,,0.0000,1.300162,0.000000
29,455,0,,,,,,0.0000,1.288640,0.000000
29,456,0,,,,,,0.0000,1.271757,0.000000
29,457,0,,,,,,0.0000,1.260359,0.000000
29,458,0,,,,,,0.0000,1.271147,0.000000
29,459,0,,,,,,0.0000,1.279861,0.000000
29,460,0,,,,,,0.0000,1.284237,0.000000
29,461,0,,,,,,0.0000,1.282317,0.000000
29,462,0,,,,,,0.0000,1.249683,0.000000
29,463,0,,,,,,0.0000,1.273886,0.000000
29,464,0,,,,,,0.0000,1.304683,0.000000
29,465,0,,,,,,0.0000,1.312837,0.000000
29,466,0,,,,,,0.0000,1.268395,0.000000
29,467,0,,,,,,0.0000,1.271427,0.000000
29,468,0,,,,,,0.0000,1.304998,0.000000
29,469,0,,,,,,0.0000,1.284847,0.000000
29,470,0,,,,,,0.0000,1.268564,0.000000
29,471,0,,,,,,0.0000,1.304855,0.000000
29,472,0,,,,,,0.0000,1.314860,0.000000
29,473,0,,,,,,0.0000,1.264778,0.000000
29,474,0,,,,,,0.0000,1.251053,0.000000
29,475,0,,,,,,0.0000,1.284306,0.000000
29,476,0,,,,,,0.0000,1.304545,0.000000
29,477,0,,,,,,0.0000,1.306483,0.000000
29,478,0,,,,,,0.0000,1.302528,0.000000
29,479,0,,,,,,0.0000,1.267476,0.000000
29,480,0,,,,,,0.0000,1.283142,0.000000
29,481,0,,,,,,0.0000,1.299680,0.000000
29,482,0,,,,,,0.0000,1.284397,0.000000
29,483,0,,,,,,0.0000,1.273666,0.000000
29,484,0,,,,,,0.0000,1.262040,0.000000
29,485,0,,,,,,0.0000,1.303194,0.000000
29,486,0,,,,,,0.0000,1.305097,0.000000
29,487,0,,,,,,0.0000,1.260828,0.000000
29,488,0,,,,,,0.0000,1.291674,0.000000
29,489,0,,,,,,0.0000,1.301736,0.000000
29,490,0,,,,,,0.0000,1.305261,0.000000
29,491,0,,,,,,0.0000,1.268783,0.000000
29,492,0,,,,,,0.0000,1.278284,0.000000
29,493,0,,,,,,0.0000,1.297904,0.000000
29,494,0,,,,,,0.0000,1.302338,0.000000
29,495,0,,,,,,0.0000,1.282268,0.000000
29,496,0,,,,,,0.0000,1.256812,0.000000
29,497,0,,,,,,0.0000,1.276845,0.000000
29,498,0,,,,,,0.0000,1.314797,0.000000
29,499,0,,,,,,0.0000,1.297439,0.000000
29,500,0,,,,,,0.0000,1.312134,0.000000
29,501,0,,,,,,0.0000,1.303580,0.000000
29,502,0,,,,,,0.0000,1.288420,0.000000
29,503,0,,,,,,0.0000,1.276644,0.000000
29,504,0,,,,,,0.0000,1.301905,0.000000
29,505,0,,,,,,0.0000,1.300158,0.000000
29,506,0,,,,,,0.0000,1.299467,0.000000
29,507,0,,,,,,0.0000,1.294414,0.000000
29,508,0,,,,,,0.0000,1.282260,0.000000
29,509,0,,,,,,0.0000,1.307562,0.000000
29,510,0,,,,,,0.0000,1.296420,0.000000
29,511,0,,,,,,0.0000,1.304371,0.000000
29,512,0,,,,,,0.0000,1.290250,0.000000
29,513,0,,,,,,0.0000,1.312408,0.000000
29,514,0,,,,,,0.0000,1.300643,0.000000
29,515,0,,,,,,0.0000,1.294466,0.000000
29,516,0,,,,,,0.0000,1.270604,0.000000
29,517,0,,,,,,0.0000,1.308862,0.000000
29,518,0,,,,,,0.0000,1.319244,0.000000
29,519,0,,,,,,0.0000,1.295873,0.000000
29,520,0,,,,,,0.0000,1.277900,0.000000
29,521,0,,,,,,0.0000,1.295253,0.000000
29,522,0,,,,,,0.0000,1.315535,0.000000
29,523,0,,,,,,0.0000,1.292289,0.000000
29,524,0,,,,,,0.0000,1.284471,0.000000
29,525,0,,,,,,0.0000,1.295946,0.000000
29,526,0,,,,,,0.0000,1.286959,0.000000
29,527,0,,,,,,0.0000,1.264721,0.000000
29,528,0,,,,,,0.0000,1.276146,0.000000
29,529,0,,,,,,0.0000,1.304879,0.000000
29,530,0,,,,,,0.0000,1.262145,0.000000
29,531,0,,,,,,0.0000,1.260299,0.000000
29,532,0,,,,,,0.0000,1.263803,0.000000
29,533,0,,,,,,0.0000,1.290347,0.000000
29,534,0,,,,,,0.0000,1.282241,0.000000
29,535,0,,,,,,0.0000,1.278026,0.000000
29,536,0,,,,,,0.0000,1.287124,0.000000
29,537,0,,,,,,0.0000,1.294375,0.000000
29,538,0,,,,,,0.0000,1.283336,0.000000
29,539,0,,,,,,0.0000,1.262566,0.000000
29,540,0,,,,,,0.0000,1.311113,0.000000
29,541,0,,,,,,0.0000,1.278872,0.000000
29,542,0,,,,,,0.0000,1.277359,0.000000
29,543,0,,,,,,0.0000,1.263680,0.000000
29,544,0,,,,,,0.0000,1.292108,0.000000
29,545,0,,,,,,0.0000,1.325366,0.000000
29,546,0,,,,,,0.0000,1.330025,0.000000
29,547,0,,,,,,0.0000,1.248612,0.000000
29,548,0,,,,,,0.0000,1.246008,0.000000
29,549,0,,,,,,0.0000,1.291971,0.000000
29,550,0,,,,,,0.0000,1.335461,0.000000
29,551,0,,,,,,0.0000,1.291912,0.000000
29,552,0,,,,,,0.0000,1.239179,0.000000
29,553,0,,,,,,0.0000,1.271871,0.000000
29,554,0,,,,,,0.0000,1.328948,0.000000
29,555,0,,,,,,0.0000,1.311008,0.000000
29,556,0,,,,,,0.0000,1.275732,0.000000
29,557,0,,,,,,0.0000,1.280459,0.000000
29,558,0,,,,,,0.0000,1.281331,0.000000
29,559,0,,,,,,0.0000,1.317283,0.000000
29,560,0,,,,,,0.0000,1.298037,0.000000
29,561,0,,,,,,0.0000,1.247369,0.000000
29,562,0,,,,,,0.0000,1.296614,0.000000
29,563,0,,,,,,0.0000,1.290597,0.000000
29,564,0,,,,,,0.0000,1.320409,0.000000
29,565,0,,,,,,0.0000,1.299472,0.000000
29,566,0,,,,,,0.0000,1.254723,0.000000
29,567,0,,,,,,0.0000,1.257751,0.000000
29,568,0,,,,,,0.0000,1.274731,0.000000
29,569,0,,,,,,0.0000,1.282371,0.000000
29,570,0,,,,,,0.0000,1.302660,0.000000
29,571,0,,,,,,0.0000,1.296229,0.000000
29,572,0,,,,,,0.0000,1.264662,0.000000
29,573,0,,,,,,0.0000,1.244658,0.000000
29,574,0,,,,,,0.0000,1.293626,0.000000
29,575,0,,,,,,0.0000,1.297835,0.000000
29,576,0,,,,,,0.0000,1.286942,0.000000
29,577,0,,,,,,0.0000,1.295285,0.000000
29,578,0,,,,,,0.0000,1.257279,0.000000
29,579,0,,,,,,0.0000,1.277355,0.000000
29,580,0,,,,,,0.0000,1.309022,0.000000
29,581,0,,,,,,0.0000,1.325723,0.000000
29,582,0,,,,,,0.0000,1.300376,0.000000
29,583,0,,,,,,0.0000,1.245561,0.000000
29,584,0,,,,,,0.0000,1.261255,0.000000
29,585,0,,,,,,0.0000,1.309311,0.000000
29,586,0,,,,,,0.0000,1.297332,0.000000
29,587,0,,,,,,0.0000,1.282554,0.000000
29,588,0,,,,,,0.0000,1.275230,0.000000
29,589,0,,,,,,0.0000,1.296829,0.000000
29,590,0,,,,,,0.0000,1.300310,0.000000
29,591,0,,,,,,0.0000,1.290998,0.000000
29,592,0,,,,,,0.0000,1.285261,0.000000
29,593,0,,,,,,0.0000,1.287111,0.000000
29,594,0,,,,,,0.0000,1.290763,0.000000
29,595,0,,,,,,0.0000,1.263394,0.000000
29,596,0,,,,,,0.0000,1.272242,0.000000
29,597,0,,,,,,0.0000,1.317272,0.000000
29,598,0,,,,,,0.0000,1.308344,0.000000
29,599,0,,,,,,0.0000,1.279928,0.000000
29,600,0,,,,,,0.0000,1.283887,0.000000
29,601,0,,,,,,0.0000,1.258851,0.000000
29,602,0,,,,,,0.0000,1.301118,0.000000
29,603,0,,,,,,0.0000,1.291219,0.000000
29,604,0,,,,,,0.0000,1.273958,0.000000
29,605,0,,,,,,0.0000,1.256413,0.000000
29,606,0,,,,,,0.0000,1.317295,0.000000
29,607,0,,,,,,0.0000,1.298467,0.000000
29,608,0,,,,,,0.0000,1.297734,0.000000
29,609,0,,,,,,0.0000,1.282271,0.000000
29,610,0,,,,,,0.0000,1.281349,0.000000
29,611,0,,,,,,0.0000,1.291857,0.000000
29,612,0,,,,,,0.0000,1.322302,0.000000
29,613,0,,,,,,0.0000,1.297398,0.000000
29,614,0,,,,,,0.0000,1.254133,0.000000
29,615,0,,,,,,0.0000,1.244599,0.000000
29,616,0,,,,,,0.0000,1.290726,0.000000
29,617,0,,,,,,0.0000,1.299931,0.000000
29,618,0,,,,,,0.0000,1.283796,0.000000
29,619,0,,,,,,0.0000,1.289262,0.000000
29,620,0,,,,,,0.0000,1.273872,0.000000
29,621,0,,,,,,0.0000,1.274187,0.000000
29,622,0,,,,,,0.0000,1.274478,0.000000
29,623,0,,,,,,0.0000,1.323529,0.000000
29,624,0,,,,,,0.0000,1.324359,0.000000
29,625,0,,,,,,0.0000,1.294341,0.000000
29,626,0,,,,,,0.0000,1.296257,0.000000
29,627,0,,,,,,0.0000,1.297015,0.000000
29,628,0,,,,,,0.0000,1.294511,0.000000
29,629,0,,,,,,0.0000,1.276389,0.000000
29,630,0,,,,,,0.0000,1.268744,0.000000
29,631,0,,,,,,0.0000,1.271138,0.000000
29,632,0,,,,,,0.0000,1.295748,0.000000
29,633,0,,,,,,0.0000,1.311070,0.000000
29,634,0,,,,,,0.0000,1.302516,0.000000
29,635,0,,,,,,0.0000,1.284697,0.000000
29,636,0,,,,,,0.0000,1.260598,0.000000
29,637,0,,,,,,0.0000,1.268824,0.000000
29,638,0,,,,,,0.0000,1.289978,0.000000
29,639,0,,,,,,0.0000,1.293233,0.000000
29,640,0,,,,,,0.0000,1.279292,0.000000
29,641,0,,,,,,0.0000,1.292022,0.000000
29,642,0,,,,,,0.0000,1.278377,0.000000
29,643,0,,,,,,0.0000,1.260485,0.000000
29,644,0,,,,,,0.0000,1.297661,0.000000
29,645,0,,,,,,0.0000,1.299271,0.000000
29,646,1,0.854649,0.002043,0.481885,0.000000,1.000000,1.0000,1.281418,0.215764
29,647,4,0.247065,0.121457,0.733828,0.581387,0.731238,5.0000,0.982161,0.449026
29,648,7,0.123963,0.107134,0.884015,0.088430,0.388882,10.0000,0.983268,0.690898
29,649,9,0.083844,0.062962,0.931743,0.072205,0.346092,4.0000,1.128845,0.783605
29,650,0,,,,,,0.0000,1.451072,0.000000
29,651,1,0.850421,0.009111,0.483694,0.000000,1.000000,1.0000,1.455059,0.191372
29,652,2,0.324657,0.005576,0.803795,0.000000,0.107951,4.0000,1.065610,0.520290
29,653,4,0.231421,0.142161,0.814485,0.317098,0.532750,8.0000,0.963058,0.525510
29,654,4,0.231421,0.142161,0.814485,0.317098,0.532750,3.0000,1.175627,0.525510
29,655,4,0.230382,0.137832,0.822860,0.330013,0.553812,4.0000,1.262508,0.533971
29,656,7,0.132092,0.072061,0.901485,0.290215,0.758782,8.0000,1.173568,0.670273
29,657,8,0.132059,0.067599,0.906632,0.280521,0.861974,4.0000,1.048677,0.680505
29,658,9,0.132056,0.063854,0.906674,0.276604,0.966957,2.0000,1.117315,0.680590
29,659,12,0.108841,0.059780,0.956278,0.081646,0.859240,11.0000,1.148142,0.779202
29,660,0,,,,,,0.0000,1.449176,0.000000
29,661,1,0.847089,0.025459,0.478967,0.000000,1.000000,1.0000,1.423064,0.155249
29,662,3,0.195471,0.047199,0.839673,0.433048,0.493252,9.0000,1.015845,0.566314
29,663,9,0.108181,0.083340,0.904731,0.099876,0.585773,14.0000,0.946969,0.698772
29,664,10,0.094709,0.070882,0.978229,0.104480,0.431718,11.0000,1.124270,0.782168
29,665,11,0.085435,0.056521,0.984258,0.114604,0.530359,7.0000,1.229657,0.794443
29,666,12,0.084076,0.054939,0.984418,0.104395,0.614360,3.0000,1.127823,0.794769
29,667,12,0.080568,0.059177,0.989396,0.101382,0.597723,9.0000,1.031855,0.804905
29,668,12,0.080568,0.059177,0.989396,0.101382,0.597723,8.0000,1.065182,0.804905
29,669,12,0.080568,0.059177,0.989396,0.101382,0.597723,3.0000,1.107871,0.804905
29,670,0,,,,,,0.0000,1.374675,0.000000
29,671,0,,,,,,0.0000,1.383774,0.000000
29,672,1,0.835551,0.000749,0.405511,0.000000,1.000000,1.0000,1.265211,0.207503
29,673,5,0.122045,0.092215,0.883123,0.280398,0.461754,9.0000,1.032917,0.596979
29,674,7,0.120283,0.104105,0.891311,0.136920,0.467297,10.0000,0.938322,0.613756
29,675,7,0.120283,0.104105,0.891311,0.136920,0.467297,5.0000,1.148452,0.613756
29,676,9,0.111707,0.105957,0.935591,0.134397,0.559180,11.0000,1.188232,0.704486
29,677,8,0.113426,0.099467,0.958535,0.123737,0.363989,7.0000,1.107381,0.716630
29,678,8,0.112422,0.099175,0.960971,0.123530,0.359966,9.0000,1.041753,0.721623
29,679,8,0.112422,0.099175,0.960971,0.123530,0.359966,6.0000,1.074503,0.721623
29,680,1,0.838660,0.020482,0.501081,0.000000,1.000000,2.0000,1.390457,0.163891
29,681,3,0.216626,0.091131,0.781936,0.177107,0.208206,4.0000,1.190936,0.361081
29,682,5,0.157993,0.121316,0.857854,0.216667,0.429527,5.0000,0.996454,0.485292
29,683,5,0.152106,0.093510,0.903593,0.188429,0.400897,9.0000,1.064769,0.579972
29,684,7,0.148927,0.085249,0.910707,0.165425,0.613380,9.0000,1.157004,0.594699
29,685,9,0.117853,0.098909,0.931300,0.127519,0.599958,5.0000,1.139516,0.637327
29,686,9,0.117853,0.098909,0.931300,0.127519,0.599958,7.0000,1.125394,0.637327
29,687,10,0.113463,0.097660,0.939429,0.134919,0.768545,8.0000,1.118524,0.654153
29,688,13,0.100640,0.094314,0.963209,0.070472,0.646692,12.0000,1.083081,0.703378
29,689,13,0.095803,0.087427,0.976978,0.068469,0.624128,3.0000,1.076692,0.731881
29,690,1,0.834546,0.020864,0.395162,0.000000,1.000000,1.0000,1.386122,0.163435
29,691,3,0.178145,0.056761,0.868325,0.238926,0.228241,6.0000,1.168245,0.516565
29,692,4,0.139574,0.056890,0.943098,0.215833,0.342875,9.0000,1.069154,0.674055
29,693,7,0.096743,0.064230,1.020502,0.127621,0.332423,7.0000,1.150449,0.805754
29,694,12,0.088340,0.057193,1.024452,0.102588,0.657534,12.0000,1.147479,0.814073
29,695,13,0.083913,0.056362,1.025579,0.092681,0.655754,7.0000,1.126362,0.816447
29,696,14,0.076462,0.054503,1.030788,0.070208,0.636643,5.0000,1.073725,0.827419
29,697,14,0.067014,0.061651,1.033993,0.065478,0.580968,6.0000,1.111866,0.834169
29,698,12,0.062403,0.046618,1.041603,0.088969,0.520655,7.0000,1.186065,0.850198
29,699,12,0.062403,0.046618,1.041603,0.088969,0.520655,8.0000,1.106320,0.850198
29,700,1,0.765889,0.061206,0.475808,0.000000,1.000000,3.0000,1.302782,0.163233
29,701,3,0.257955,0.173404,0.785348,0.459780,0.564290,7.0000,1.132985,0.462495
29,702,5,0.205025,0.086554,0.877633,0.511419,0.848225,9.0000,0.991645,0.547948
29,703,8,0.103074,0.086818,0.955183,0.139280,0.552890,6.0000,1.075289,0.710364
29,704,10,0.102307,0.085716,0.968033,0.127432,0.651272,4.0000,1.158425,0.737277
29,705,10,0.093344,0.077035,1.008715,0.129418,0.637192,7.0000,1.164535,0.776520
29,706,11,0.082168,0.074307,1.014340,0.076817,0.549493,8.0000,1.055247,0.788299
29,707,13,0.078028,0.076281,1.017569,0.082450,0.543014,7.0000,1.121183,0.795062
29,708,14,0.077656,0.079234,1.017923,0.080061,0.609834,8.0000,1.161754,0.795804
29,709,13,0.071049,0.075146,1.031470,0.104713,0.688090,6.0000,1.140204,0.824176
29,710,2,0.344920,0.044712,0.757410,0.000000,0.059147,4.0000,1.305388,0.277912
29,711,4,0.230490,0.034317,0.861913,0.630773,0.708391,4.0000,1.184094,0.471725
29,712,5,0.164029,0.053435,0.943927,0.376957,0.757173,5.0000,1.041132,0.644467
29,713,6,0.099965,0.058996,0.991573,0.090298,0.287265,11.0000,1.108025,0.744823
29,714,7,0.090282,0.068684,0.994716,0.111155,0.399631,8.0000,1.165634,0.751443
29,715,7,0.082333,0.058415,0.999800,0.098113,0.339211,3.0000,1.239725,0.762151
29,716,8,0.081765,0.056892,1.000341,0.088725,0.379053,6.0000,1.112701,0.763290
29,717,8,0.081765,0.056892,1.000341,0.088725,0.379053,6.0000,1.045659,0.763290
29,718,10,0.073791,0.052752,1.003909,0.066007,0.549411,8.0000,1.089315,0.770805
29,719,11,0.064146,0.052115,1.032629,0.062629,0.507503,3.0000,1.165893,0.831297
29,720,3,0.257127,0.080247,0.701319,0.110863,0.487391,3.0000,1.300618,0.446079
29,721,7,0.131314,0.081391,0.842666,0.243109,0.792600,10.0000,1.055205,0.514004
29,722,9,0.106809,0.075191,0.898901,0.054664,0.731477,6.0000,1.005298,0.577781
29,723,8,0.117176,0.083108,0.941207,0.187802,0.615303,11.0000,1.063917,0.657833
29,724,9,0.100431,0.074763,0.958232,0.153702,0.583051,7.0000,1.164089,0.693077
29,725,11,0.085589,0.069874,0.993513,0.137436,0.455695,7.0000,1.128374,0.766109
29,726,11,0.084483,0.068141,0.999782,0.137013,0.437710,4.0000,1.098036,0.779085
29,727,12,0.083909,0.068730,1.000454,0.132210,0.500607,6.0000,1.082034,0.780476
29,728,12,0.083909,0.068730,1.000454,0.132210,0.500607,10.0000,1.048111,0.780476
29,729,11,0.079473,0.048334,1.005308,0.134612,0.572318,6.0000,1.188177,0.790525
29,730,3,0.345244,0.035817,0.623403,0.549069,0.916007,4.0000,1.386390,0.430875
29,731,6,0.134844,0.038202,0.937839,0.344177,0.842188,9.0000,1.136434,0.719580
29,732,7,0.133724,0.078825,0.939009,0.177123,0.783639,4.0000,0.994040,0.721977
29,733,12,0.079543,0.065803,0.996099,0.055121,0.444911,12.0000,1.065996,0.793599
29,734,12,0.079543,0.065803,0.996099,0.055121,0.444911,5.0000,1.208868,0.793599
29,735,13,0.077654,0.064162,0.997709,0.048404,0.414748,8.0000,1.175303,0.796898
29,736,13,0.082621,0.057471,1.003251,0.063145,0.574971,8.0000,1.101204,0.808254
29,737,13,0.082621,0.057471,1.003251,0.063145,0.574971,7.0000,1.053921,0.808254
29,738,13,0.077241,0.050775,1.016107,0.062483,0.567256,2.0000,1.115203,0.834595
29,739,16,0.074008,0.047051,1.022088,0.045896,0.660862,11.0000,1.164258,0.846850
29,740,2,0.295800,0.052701,0.782828,0.000000,0.170239,3.0000,1.387223,0.471021
29,741,6,0.194826,0.130503,0.817990,0.324340,0.922608,5.0000,1.201173,0.505418
29,742,5,0.155030,0.071734,0.912645,0.387438,0.625043,12.0000,0.939576,0.648637
29,743,6,0.141386,0.067577,0.937681,0.225661,0.646275,9.0000,1.019190,0.699612
29,744,7,0.094445,0.062576,0.982387,0.212652,0.448000,5.0000,1.210753,0.790634
29,745,7,0.088932,0.044138,0.983619,0.202002,0.493791,4.0000,1.215106,0.793142
29,746,7,0.098296,0.036616,0.992466,0.227581,0.588341,7.0000,1.101612,0.811156
29,747,8,0.094134,0.031878,0.997451,0.197380,0.582673,9.0000,1.080477,0.821305
29,748,9,0.093848,0.038766,0.998129,0.198112,0.685076,5.0000,1.102380,0.822685
29,749,9,0.093848,0.038766,0.998129,0.198112,0.685076,7.0000,1.148762,0.822685
29,750,0,,,,,,0.0000,1.397787,0.000000
29,751,0,,,,,,0.0000,1.467374,0.000000
29,752,0,,,,,,0.0000,1.256728,0.000000
29,753,0,,,,,,0.0000,1.215348,0.000000
29,754,1,0.845933,0.000208,0.494902,0.000000,1.000000,1.0000,1.317959,0.210493
29,755,5,0.165390,0.104102,0.770622,0.306340,0.495967,5.0000,1.032161,0.460370
29,756,6,0.134452,0.087015,0.868323,0.100468,0.333269,11.0000,0.964877,0.640543
29,757,6,0.134452,0.087015,0.868323,0.100468,0.333269,3.0000,1.119648,0.640543
29,758,6,0.134452,0.087015,0.868323,0.100468,0.333269,5.0000,1.176901,0.640543
29,759,7,0.133974,0.059132,0.902979,0.128004,0.620163,6.0000,1.119358,0.709440
29,760,2,0.489144,0.125442,0.430373,0.000000,0.621169,2.0000,1.314816,0.316013
29,761,3,0.292497,0.074811,0.638193,0.017977,0.497061,5.0000,1.170138,0.565332
29,762,7,0.091848,0.051784,0.907198,0.069436,0.420522,13.0000,1.005412,0.765904
29,763,8,0.090234,0.046733,0.933474,0.045025,0.418783,11.0000,1.042681,0.785822
29,764,9,0.065649,0.046653,0.937228,0.042239,0.353627,8.0000,1.165988,0.793114
29,765,9,0.065649,0.046653,0.937228,0.042239,0.353627,1.0000,1.180193,0.793114
29,766,9,0.065649,0.046653,0.937228,0.042239,0.353627,3.0000,1.140341,0.793114
29,767,9,0.062699,0.042323,0.953997,0.088042,0.433006,8.0000,1.066841,0.825687
29,768,9,0.062699,0.042323,0.953997,0.088042,0.433006,12.0000,1.046409,0.825687
29,769,9,0.062699,0.042323,0.953997,0.088042,0.433006,8.0000,1.145269,0.825687
29,770,0,,,,,,0.0000,1.368836,0.000000
29,771,0,,,,,,0.0000,1.408886,0.000000
29,772,0,,,,,,0.0000,1.326781,0.000000
29,773,0,,,,,,0.0000,1.261906,0.000000
29,774,0,,,,,,0.0000,1.251686,0.000000
29,775,0,,,,,,0.0000,1.309915,0.000000
29,776,0,,,,,,0.0000,1.359358,0.000000
29,777,0,,,,,,0.0000,1.281419,0.000000
29,778,0,,,,,,0.0000,1.251279,0.000000
29,779,0,,,,,,0.0000,1.308939,0.000000
29,780,0,,,,,,0.0000,1.347301,0.000000
29,781,0,,,,,,0.0000,1.319303,0.000000
29,782,0,,,,,,0.0000,1.242303,0.000000
29,783,0,,,,,,0.0000,1.238505,0.000000
29,784,0,,,,,,0.0000,1.341158,0.000000
29,785,0,,,,,,0.0000,1.336340,0.000000
29,786,0,,,,,,0.0000,1.265063,0.000000
29,787,0,,,,,,0.0000,1.255968,0.000000
29,788,0,,,,,,0.0000,1.293968,0.000000
29,789,0,,,,,,0.0000,1.305646,0.000000
29,790,0,,,,,,0.0000,1.286169,0.000000
29,791,0,,,,,,0.0000,1.264160,0.000000
29,792,0,,,,,,0.0000,1.262446,0.000000
29,793,0,,,,,,0.0000,1.317504,0.000000
29,794,0,,,,,,0.0000,1.355286,0.000000
29,795,0,,,,,,0.0000,1.267671,0.000000
29,796,0,,,,,,0.0000,1.249587,0.000000
29,797,0,,,,,,0.0000,1.308031,0.000000
29,798,0,,,,,,0.0000,1.364349,0.000000
29,799,0,,,,,,0.0000,1.316432,0.000000
29,800,0,,,,,,0.0000,1.217613,0.000000
29,801,0,,,,,,0.0000,1.269338,0.000000
29,802,0,,,,,,0.0000,1.314306,0.000000
29,803,0,,,,,,0.0000,1.308767,0.000000
29,804,0,,,,,,0.0000,1.316104,0.000000
29,805,0,,,,,,0.0000,1.328294,0.000000
29,806,0,,,,,,0.0000,1.291147,0.000000
29,807,0,,,,,,0.0000,1.288098,0.000000
29,808,0,,,,,,0.0000,1.282423,0.000000
29,809,0,,,,,,0.0000,1.301580,0.000000
29,810,0,,,,,,0.0000,1.290330,0.000000
29,811,0,,,,,,0.0000,1.297032,0.000000
29,812,0,,,,,,0.0000,1.281690,0.000000
29,813,0,,,,,,0.0000,1.282520,0.000000
29,814,0,,,,,,0.0000,1.299491,0.000000
29,815,0,,,,,,0.0000,1.300699,0.000000
29,816,0,,,,,,0.0000,1.259447,0.000000
29,817,0,,,,,,0.0000,1.258646,0.000000
29,818,0,,,,,,0.0000,1.286626,0.000000
29,819,0,,,,,,0.0000,1.338551,0.000000
29,820,0,,,,,,0.0000,1.284081,0.000000
29,821,0,,,,,,0.0000,1.276340,0.000000
29,822,0,,,,,,0.0000,1.300845,0.000000
29,823,0,,,,,,0.0000,1.276710,0.000000
29,824,0,,,,,,0.0000,1.266113,0.000000
29,825,0,,,,,,0.0000,1.273847,0.000000
29,826,0,,,,,,0.0000,1.288328,0.000000
29,827,0,,,,,,0.0000,1.318255,0.000000
29,828,0,,,,,,0.0000,1.267430,0.000000
29,829,0,,,,,,0.0000,1.276823,0.000000
29,830,0,,,,,,0.0000,1.304854,0.000000
29,831,0,,,,,,0.0000,1.311209,0.000000
29,832,0,,,,,,0.0000,1.286280,0.000000
29,833,0,,,,,,0.0000,1.254923,0.000000
29,834,0,,,,,,0.0000,1.263635,0.000000
29,835,0,,,,,,0.0000,1.292154,0.000000
29,836,0,,,,,,0.0000,1.313728,0.000000
29,837,0,,,,,,0.0000,1.283340,0.000000
29,838,0,,,,,,0.0000,1.271025,0.000000
29,839,0,,,,,,0.0000,1.282627,0.000000
29,840,0,,,,,,0.0000,1.313421,0.000000
29,841,0,,,,,,0.0000,1.295426,0.000000
29,842,0,,,,,,0.0000,1.293502,0.000000
29,843,0,,,,,,0.0000,1.259390,0.000000
29,844,0,,,,,,0.0000,1.249073,0.000000
29,845,0,,,,,,0.0000,1.299199,0.000000
29,846,0,,,,,,0.0000,1.319703,0.000000
29,847,0,,,,,,0.0000,1.297112,0.000000
29,848,0,,,,,,0.0000,1.273510,0.000000
29,849,0,,,,,,0.0000,1.257274,0.000000
29,850,0,,,,,,0.0000,1.317713,0.000000
29,851,0,,,,,,0.0000,1.312836,0.000000
29,852,0,,,,,,0.0000,1.276047,0.000000
29,853,0,,,,,,0.0000,1.262372,0.000000
29,854,0,,,,,,0.0000,1.274533,0.000000
29,855,0,,,,,,0.0000,1.274582,0.000000
29,856,0,,,,,,0.0000,1.298536,0.000000
29,857,0,,,,,,0.0000,1.307062,0.000000
29,858,0,,,,,,0.0000,1.273365,0.000000
29,859,0,,,,,,0.0000,1.263098,0.000000
29,860,0,,,,,,0.0000,1.282704,0.000000
29,861,0,,,,,,0.0000,1.311768,0.000000
29,862,0,,,,,,0.0000,1.297004,0.000000
29,863,0,,,,,,0.0000,1.235636,0.000000
29,864,0,,,,,,0.0000,1.236794,0.000000
29,865,0,,,,,,0.0000,1.326123,0.000000
29,866,0,,,,,,0.0000,1.346854,0.000000
29,867,0,,,,,,0.0000,1.277087,0.000000
29,868,0,,,,,,0.0000,1.260319,0.000000
29,869,0,,,,,,0.0000,1.285382,0.000000
29,870,0,,,,,,0.0000,1.311534,0.000000
29,871,0,,,,,,0.0000,1.299991,0.000000
29,872,0,,,,,,0.0000,1.267134,0.000000
29,873,0,,,,,,0.0000,1.292966,0.000000
29,874,0,,,,,,0.0000,1.302795,0.000000
29,875,0,,,,,,0.0000,1.309627,0.000000
29,876,0,,,,,,0.0000,1.287213,0.000000
29,877,0,,,,,,0.0000,1.282577,0.000000
29,878,0,,,,,,0.0000,1.276106,0.000000
29,879,0,,,,,,0.0000,1.299185,0.000000
29,880,0,,,,,,0.0000,1.318395,0.000000
29,881,0,,,,,,0.0000,1.278672,0.000000
29,882,0,,,,,,0.0000,1.271114,0.000000
29,883,0,,,,,,0.0000,1.290866,0.000000
29,884,0,,,,,,0.0000,1.284851,0.000000
29,885,0,,,,,,0.0000,1.277766,0.000000
29,886,0,,,,,,0.0000,1.294917,0.000000
29,887,0,,,,,,0.0000,1.282375,0.000000
29,888,0,,,,,,0.0000,1.295604,0.000000
29,889,0,,,,,,0.0000,1.282969,0.000000
29,890,0,,,,,,0.0000,1.280072,0.000000
29,891,0,,,,,,0.0000,1.285982,0.000000
29,892,0,,,,,,0.0000,1.295636,0.000000
29,893,0,,,,,,0.0000,1.284448,0.000000
29,894,0,,,,,,0.0000,1.259131,0.000000
29,895,0,,,,,,0.0000,1.297489,0.000000
29,896,0,,,,,,0.0000,1.309054,0.000000
29,897,0,,,,,,0.0000,1.270832,0.000000
29,898,0,,,,,,0.0000,1.280862,0.000000
29,899,0,,,,,,0.0000,1.258386,0.000000
29,900,0,,,,,,0.0000,1.307526,0.000000
29,901,0,,,,,,0.0000,1.320864,0.000000
29,902,0,,,,,,0.0000,1.286521,0.000000
29,903,0,,,,,,0.0000,1.289294,0.000000
29,904,0,,,,,,0.0000,1.268181,0.000000
29,905,0,,,,,,0.0000,1.307836,0.000000
29,906,0,,,,,,0.0000,1.313569,0.000000
29,907,0,,,,,,0.0000,1.283514,0.000000
29,908,0,,,,,,0.0000,1.292824,0.000000
29,909,0,,,,,,0.0000,1.299613,0.000000
29,910,0,,,,,,0.0000,1.298439,0.000000
29,911,0,,,,,,0.0000,1.285879,0.000000
29,912,0,,,,,,0.0000,1.273637,0.000000
29,913,0,,,,,,0.0000,1.317037,0.000000
29,914,0,,,,,,0.0000,1.301306,0.000000
29,915,0,,,,,,0.0000,1.312931,0.000000
29,916,0,,,,,,0.0000,1.269385,0.000000
29,917,0,,,,,,0.0000,1.259954,0.000000
29,918,0,,,,,,0.0000,1.262509,0.000000
29,919,0,,,,,,0.0000,1.286555,0.000000
29,920,0,,,,,,0.0000,1.342121,0.000000
29,921,0,,,,,,0.0000,1.299400,0.000000
29,922,0,,,,,,0.0000,1.288973,0.000000
29,923,0,,,,,,0.0000,1.267058,0.000000
29,924,0,,,,,,0.0000,1.290829,0.000000
29,925,0,,,,,,0.0000,1.308831,0.000000
29,926,0,,,,,,0.0000,1.279360,0.000000
29,927,0,,,,,,0.0000,1.255448,0.000000
29,928,0,,,,,,0.0000,1.276208,0.000000
29,929,0,,,,,,0.0000,1.316044,0.000000
29,930,0,,,,,,0.0000,1.322823,0.000000
29,931,0,,,,,,0.0000,1.266706,0.000000
29,932,0,,,,,,0.0000,1.232198,0.000000
29,933,0,,,,,,0.0000,1.318142,0.000000
29,934,0,,,,,,0.0000,1.321734,0.000000
29,935,0,,,,,,0.0000,1.278001,0.000000
29,936,0,,,,,,0.0000,1.277566,0.000000
29,937,0,,,,,,0.0000,1.321739,0.000000
29,938,0,,,,,,0.0000,1.296377,0.000000
29,939,0,,,,,,0.0000,1.284608,0.000000
29,940,0,,,,,,0.0000,1.258834,0.000000
29,941,0,,,,,,0.0000,1.282692,0.000000
29,942,0,,,,,,0.0000,1.294608,0.000000
29,943,0,,,,,,0.0000,1.270837,0.000000
29,944,0,,,,,,0.0000,1.278770,0.000000
29,945,0,,,,,,0.0000,1.324954,0.000000
29,946,0,,,,,,0.0000,1.280720,0.000000
29,947,0,,,,,,0.0000,1.247435,0.000000
29,948,0,,,,,,0.0000,1.295848,0.000000
29,949,0,,,,,,0.0000,1.342212,0.000000
29,950,0,,,,,,0.0000,1.289232,0.000000
29,951,0,,,,,,0.0000,1.270313,0.000000
29,952,0,,,,,,0.0000,1.289645,0.000000
29,953,0,,,,,,0.0000,1.289475,0.000000
29,954,0,,,,,,0.0000,1.313004,0.000000
29,955,0,,,,,,0.0000,1.328475,0.000000
29,956,0,,,,,,0.0000,1.264352,0.000000
29,957,0,,,,,,0.0000,1.278941,0.000000
29,958,0,,,,,,0.0000,1.313906,0.000000
29,959,0,,,,,,0.0000,1.288285,0.000000
29,960,0,,,,,,0.0000,1.235558,0.000000
29,961,0,,,,,,0.0000,1.270112,0.000000
29,962,0,,,,,,0.0000,1.337539,0.000000
29,963,0,,,,,,0.0000,1.294878,0.000000
29,964,0,,,,,,0.0000,1.258402,0.000000
29,965,0,,,,,,0.0000,1.273862,0.000000
29,966,0,,,,,,0.0000,1.306740,0.000000
29,967,0,,,,,,0.0000,1.296518,0.000000
29,968,0,,,,,,0.0000,1.262179,0.000000
29,969,0,,,,,,0.0000,1.265589,0.000000
29,970,0,,,,,,0.0000,1.311523,0.000000
29,971,0,,,,,,0.0000,1.322413,0.000000
29,972,0,,,,,,0.0000,1.265682,0.000000
29,973,0,,,,,,0.0000,1.242632,0.000000
29,974,0,,,,,,0.0000,1.280584,0.000000
29,975,0,,,,,,0.0000,1.327301,0.000000
29,976,0,,,,,,0.0000,1.289185,0.000000
29,977,0,,,,,,0.0000,1.268369,0.000000
29,978,0,,,,,,0.0000,1.280149,0.000000
29,979,0,,,,,,0.0000,1.301347,0.000000
29,980,0,,,,,,0.0000,1.311298,0.000000
29,981,0,,,,,,0.0000,1.307961,0.000000
29,982,0,,,,,,0.0000,1.284648,0.000000
29,983,0,,,,,,0.0000,1.275374,0.000000
29,984,0,,,,,,0.0000,1.290129,0.000000
29,985,0,,,,,,0.0000,1.282568,0.000000
29,986,0,,,,,,0.0000,1.266374,0.000000
29,987,0,,,,,,0.0000,1.295743,0.000000
29,988,0,,,,,,0.0000,1.300890,0.000000
29,989,0,,,,,,0.0000,1.289772,0.000000
29,990,0,,,,,,0.0000,1.280987,0.000000
29,991,0,,,,,,0.0000,1.263463,0.000000
29,992,0,,,,,,0.0000,1.294313,0.000000
29,993,0,,,,,,0.0000,1.298576,0.000000
29,994,0,,,,,,0.0000,1.257568,0.000000
29,995,0,,,,,,0.0000,1.292066,0.000000
29,996,0,,,,,,0.0000,1.310067,0.000000
29,997,0,,,,,,0.0000,1.257314,0.000000
29,998,0,,,,,,0.0000,1.262650,0.000000
29,999,0,,,,,,0.0000,1.298327,0.000000
29,1000,0,,,,,,0.0000,1.313596,0.000000
30,1,5,0.195486,0.132928,0.491861,0.106830,0.570978,19.0000,0.791182,0.535144
30,2,7,0.187180,0.118210,0.520000,0.072487,0.769683,8.0000,0.792501,0.588244
30,3,6,0.171568,0.100498,0.553292,0.176846,0.685676,2.0000,0.744702,0.637414
30,4,8,0.154294,0.094091,0.583450,0.148961,0.704366,3.0000,0.763048,0.696590
30,5,9,0.073724,0.049613,0.675178,0.094884,0.484917,9.0000,0.798943,0.784603
30,6,12,0.063471,0.055532,0.690073,0.067043,0.504842,7.0000,0.799914,0.808044
30,7,12,0.063471,0.055532,0.690073,0.067043,0.504842,9.0000,0.722692,0.808044
30,8,14,0.055139,0.047584,0.710394,0.049573,0.489418,10.0000,0.760181,0.842190
30,9,13,0.053557,0.039099,0.718544,0.057002,0.621936,11.0000,0.854714,0.858181
30,10,1,0.737848,0.193542,0.107776,0.000000,1.000000,1.0000,0.988817,0.063152
30,11,5,0.122254,0.049147,0.607523,0.226737,0.455319,9.0000,0.797757,0.686138
30,12,9,0.117237,0.051476,0.642344,0.113058,0.820518,9.0000,0.671519,0.750515
30,13,11,0.115886,0.053695,0.647569,0.099578,0.932563,11.0000,0.762867,0.761141
30,14,13,0.080463,0.046815,0.688408,0.122169,0.930266,9.0000,0.865938,0.844187
30,15,15,0.079283,0.051065,0.689811,0.114333,0.989217,4.0000,0.869638,0.847040
30,16,14,0.080536,0.050525,0.694309,0.119568,1.012298,6.0000,0.711488,0.856188
30,17,13,0.084782,0.027224,0.714571,0.137833,0.996767,8.0000,0.783768,0.897389
30,18,14,0.079657,0.025799,0.716056,0.039803,1.017892,14.0000,0.847814,0.900409
30,19,16,0.069886,0.023983,0.718726,0.043666,0.956786,8.0000,0.819670,0.905840
30,20,0,,,,,,0.0000,0.989390,0.000000
30,21,1,0.592164,0.229778,0.156768,0.000000,1.000000,1.0000,0.991429,0.125835
30,22,5,0.138316,0.085491,0.558336,0.178761,0.569131,11.0000,0.755663,0.642822
30,23,10,0.093455,0.069435,0.624270,0.081460,0.689465,12.0000,0.743202,0.764951
30,24,11,0.076174,0.049341,0.639453,0.084657,0.667071,7.0000,0.777888,0.795448
30,25,12,0.069328,0.046485,0.649702,0.079300,0.684895,9.0000,0.802710,0.816036
30,26,12,0.069328,0.046485,0.649702,0.079300,0.684895,5.0000,0.894829,0.816036
30,27,13,0.069328,0.048191,0.651126,0.070381,0.685808,6.0000,0.842026,0.818895
30,28,13,0.059004,0.045570,0.659585,0.067872,0.640311,3.0000,0.821085,0.834670
30,29,13,0.052144,0.045018,0.661624,0.058719,0.497159,8.0000,0.800926,0.838764
30,30,1,0.589413,0.085220,0.203971,0.000000,1.000000,1.0000,0.979752,0.182408
30,31,6,0.121300,0.065961,0.547294,0.133825,0.514452,7.0000,0.879104,0.653709
30,32,8,0.115526,0.067647,0.554836,0.085082,0.685213,8.0000,0.716343,0.666264
30,33,11,0.092588,0.082223,0.573210,0.080202,0.572019,6.0000,0.724265,0.703787
30,34,11,0.085114,0.065216,0.602322,0.061804,0.662638,6.0000,0.787386,0.763237
30,35,11,0.083558,0.059162,0.606795,0.065399,0.555115,10.0000,0.851639,0.772371
30,36,12,0.070721,0.056817,0.618808,0.055908,0.514478,5.0000,0.787019,0.796904
30,37,12,0.070721,0.056817,0.618808,0.055908,0.514478,7.0000,0.755876,0.796904
30,38,13,0.070095,0.057164,0.618818,0.047406,0.560130,4.0000,0.786001,0.796925
30,39,13,0.070095,0.057164,0.618818,0.047406,0.560130,3.0000,0.824057,0.796925
30,40,0,,,,,,0.0000,1.071617,0.000000
30,41,0,,,,,,0.0000,1.047788,0.000000
30,42,0,,,,,,0.0000,0.949906,0.000000
30,43,0,,,,,,0.0000,0.882741,0.000000
30,44,0,,,,,,0.0000,0.959005,0.000000
30,45,0,,,,,,0.0000,0.994149,0.000000
30,46,0,,,,,,0.0000,0.960284,0.000000
30,47,0,,,,,,0.0000,0.877463,0.000000
30,48,0,,,,,,0.0000,0.917562,0.000000
30,49,0,,,,,,0.0000,0.961381,0.000000
30,50,0,,,,,,0.0000,0.948641,0.000000
30,51,0,,,,,,0.0000,0.920121,0.000000
30,52,0,,,,,,0.0000,0.899178,0.000000
30,53,0,,,,,,0.0000,0.932483,0.000000
30,54,0,,,,,,0.0000,0.936676,0.000000
30,55,0,,,,,,0.0000,0.905114,0.000000
30,56,0,,,,,,0.0000,0.920451,0.000000
30,57,0,,,,,,0.0000,0.932551,0.000000
30,58,0,,,,,,0.0000,0.955262,0.000000
30,59,0,,,,,,0.0000,0.924621,0.000000
30,60,0,,,,,,0.0000,0.901777,0.000000
30,61,0,,,,,,0.0000,0.906897,0.000000
30,62,0,,,,,,0.0000,0.943710,0.000000
30,63,0,,,,,,0.0000,0.924900,0.000000
30,64,0,,,,,,0.0000,0.899869,0.000000
30,65,0,,,,,,0.0000,0.914364,0.000000
30,66,0,,,,,,0.0000,0.952856,0.000000
30,67,0,,,,,,0.0000,0.933111,0.000000
30,68,0,,,,,,0.0000,0.905999,0.000000
30,69,0,,,,,,0.0000,0.889804,0.000000
30,70,0,,,,,,0.0000,0.922196,0.000000
30,71,0,,,,,,0.0000,0.932800,0.000000
30,72,0,,,,,,0.0000,0.918636,0.000000
30,73,0,,,,,,0.0000,0.918883,0.000000
30,74,0,,,,,,0.0000,0.918383,0.000000
30,75,0,,,,,,0.0000,0.937884,0.000000
30,76,0,,,,,,0.0000,0.966869,0.000000
30,77,0,,,,,,0.0000,0.900343,0.000000
30,78,0,,,,,,0.0000,0.880064,0.000000
30,79,0,,,,,,0.0000,0.897721,0.000000
30,80,0,,,,,,0.0000,0.915519,0.000000
30,81,0,,,,,,0.0000,0.948835,0.000000
30,82,0,,,,,,0.0000,0.917757,0.000000
30,83,0,,,,,,0.0000,0.904129,0.000000
30,84,0,,,,,,0.0000,0.907143,0.000000
30,85,0,,,,,,0.0000,0.948790,0.000000
30,86,0,,,,,,0.0000,0.934500,0.000000
30,87,0,,,,,,0.0000,0.933207,0.000000
30,88,0,,,,,,0.0000,0.930972,0.000000
30,89,0,,,,,,0.0000,0.921600,0.000000
30,90,0,,,,,,0.0000,0.909110,0.000000
30,91,0,,,,,,0.0000,0.919509,0.000000
30,92,0,,,,,,0.0000,0.902761,0.000000
30,93,0,,,,,,0.0000,0.913592,0.000000
30,94,0,,,,,,0.0000,0.920955,0.000000
30,95,0,,,,,,0.0000,0.952062,0.000000
30,96,0,,,,,,0.0000,0.900931,0.000000
30,97,0,,,,,,0.0000,0.882463,0.000000
30,98,0,,,,,,0.0000,0.926092,0.000000
30,99,0,,,,,,0.0000,0.964606,0.000000
30,100,0,,,,,,0.0000,0.901280,0.000000
30,101,0,,,,,,0.0000,0.876434,0.000000
30,102,0,,,,,,0.0000,0.916781,0.000000
30,103,0,,,,,,0.0000,0.926280,0.000000
30,104,0,,,,,,0.0000,0.947821,0.000000
30,105,0,,,,,,0.0000,0.923376,0.000000
30,106,0,,,,,,0.0000,0.919965,0.000000
30,107,0,,,,,,0.0000,0.911643,0.000000
30,108,0,,,,,,0.0000,0.929651,0.000000
30,109,0,,,,,,0.0000,0.916859,0.000000
30,110,0,,,,,,0.0000,0.924504,0.000000
30,111,0,,,,,,0.0000,0.915725,0.000000
30,112,0,,,,,,0.0000,0.930780,0.000000
30,113,0,,,,,,0.0000,0.912487,0.000000
30,114,0,,,,,,0.0000,0.879134,0.000000
30,115,0,,,,,,0.0000,0.918043,0.000000
30,116,0,,,,,,0.0000,0.938626,0.000000
30,117,0,,,,,,0.0000,0.925403,0.000000
30,118,0,,,,,,0.0000,0.914614,0.000000
30,119,0,,,,,,0.0000,0.933815,0.000000
30,120,0,,,,,,0.0000,0.926019,0.000000
30,121,0,,,,,,0.0000,0.921438,0.000000
30,122,0,,,,,,0.0000,0.915581,0.000000
30,123,0,,,,,,0.0000,0.907354,0.000000
30,124,0,,,,,,0.0000,0.911895,0.000000
30,125,0,,,,,,0.0000,0.940903,0.000000
30,126,0,,,,,,0.0000,0.934974,0.000000
30,127,0,,,,,,0.0000,0.891772,0.000000
30,128,0,,,,,,0.0000,0.907348,0.000000
30,129,0,,,,,,0.0000,0.937568,0.000000
30,130,0,,,,,,0.0000,0.937344,0.000000
30,131,0,,,,,,0.0000,0.914184,0.000000
30,132,0,,,,,,0.0000,0.917462,0.000000
30,133,0,,,,,,0.0000,0.908741,0.000000
30,134,0,,,,,,0.0000,0.913826,0.000000
30,135,0,,,,,,0.0000,0.948663,0.000000
30,136,0,,,,,,0.0000,0.916220,0.000000
30,137,0,,,,,,0.0000,0.887354,0.000000
30,138,0,,,,,,0.0000,0.921937,0.000000
30,139,0,,,,,,0.0000,0.937387,0.000000
30,140,0,,,,,,0.0000,0.941143,0.000000
30,141,0,,,,,,0.0000,0.934563,0.000000
30,142,0,,,,,,0.0000,0.912182,0.000000
30,143,0,,,,,,0.0000,0.919740,0.000000
30,144,0,,,,,,0.0000,0.940175,0.000000
30,145,0,,,,,,0.0000,0.915472,0.000000
30,146,0,,,,,,0.0000,0.884367,0.000000
30,147,0,,,,,,0.0000,0.935324,0.000000
30,148,0,,,,,,0.0000,0.940225,0.000000
30,149,0,,,,,,0.0000,0.900235,0.000000
30,150,0,,,,,,0.0000,0.898646,0.000000
30,151,0,,,,,,0.0000,0.927510,0.000000
30,152,0,,,,,,0.0000,0.949133,0.000000
30,153,0,,,,,,0.0000,0.917407,0.000000
30,154,0,,,,,,0.0000,0.898302,0.000000
30,155,0,,,,,,0.0000,0.927743,0.000000
30,156,0,,,,,,0.0000,0.926478,0.000000
30,157,0,,,,,,0.0000,0.898471,0.000000
30,158,0,,,,,,0.0000,0.890122,0.000000
30,159,0,,,,,,0.0000,0.940835,0.000000
30,160,0,,,,,,0.0000,0.953483,0.000000
30,161,0,,,,,,0.0000,0.918964,0.000000
30,162,0,,,,,,0.0000,0.902760,0.000000
30,163,0,,,,,,0.0000,0.924010,0.000000
30,164,0,,,,,,0.0000,0.920212,0.000000
30,165,0,,,,,,0.0000,0.909366,0.000000
30,166,0,,,,,,0.0000,0.917131,0.000000
30,167,0,,,,,,0.0000,0.919639,0.000000
30,168,0,,,,,,0.0000,0.955736,0.000000
30,169,0,,,,,,0.0000,0.925922,0.000000
30,170,0,,,,,,0.0000,0.891145,0.000000
30,171,0,,,,,,0.0000,0.889213,0.000000
30,172,0,,,,,,0.0000,0.943401,0.000000
30,173,0,,,,,,0.0000,0.940257,0.000000
30,174,0,,,,,,0.0000,0.919949,0.000000
30,175,0,,,,,,0.0000,0.900434,0.000000
30,176,0,,,,,,0.0000,0.915939,0.000000
30,177,0,,,,,,0.0000,0.915262,0.000000
30,178,0,,,,,,0.0000,0.933064,0.000000
30,179,0,,,,,,0.0000,0.946684,0.000000
30,180,0,,,,,,0.0000,0.925247,0.000000
30,181,0,,,,,,0.0000,0.900603,0.000000
30,182,0,,,,,,0.0000,0.903575,0.000000
30,183,0,,,,,,0.0000,0.925069,0.000000
30,184,0,,,,,,0.0000,0.936836,0.000000
30,185,0,,,,,,0.0000,0.924632,0.000000
30,186,0,,,,,,0.0000,0.896374,0.000000
30,187,0,,,,,,0.0000,0.913975,0.000000
30,188,0,,,,,,0.0000,0.921701,0.000000
30,189,0,,,,,,0.0000,0.904363,0.000000
30,190,0,,,,,,0.0000,0.920294,0.000000
30,191,0,,,,,,0.0000,0.911408,0.000000
30,192,0,,,,,,0.0000,0.915652,0.000000
30,193,0,,,,,,0.0000,0.931228,0.000000
30,194,0,,,,,,0.0000,0.952046,0.000000
30,195,0,,,,,,0.0000,0.906887,0.000000
30,196,0,,,,,,0.0000,0.904200,0.000000
30,197,0,,,,,,0.0000,0.933385,0.000000
30,198,0,,,,,,0.0000,0.954399,0.000000
30,199,0,,,,,,0.0000,0.930438,0.000000
30,200,0,,,,,,0.0000,0.898700,0.000000
30,201,0,,,,,,0.0000,0.916356,0.000000
30,202,0,,,,,,0.0000,0.921734,0.000000
30,203,0,,,,,,0.0000,0.929755,0.000000
30,204,0,,,,,,0.0000,0.925659,0.000000
30,205,0,,,,,,0.0000,0.945466,0.000000
30,206,0,,,,,,0.0000,0.906640,0.000000
30,207,0,,,,,,0.0000,0.887576,0.000000
30,208,0,,,,,,0.0000,0.927737,0.000000
30,209,0,,,,,,0.0000,0.958953,0.000000
30,210,0,,,,,,0.0000,0.924426,0.000000
30,211,0,,,,,,0.0000,0.882937,0.000000
30,212,0,,,,,,0.0000,0.930928,0.000000
30,213,0,,,,,,0.0000,0.958453,0.000000
30,214,0,,,,,,0.0000,0.899634,0.000000
30,215,0,,,,,,0.0000,0.869507,0.000000
30,216,0,,,,,,0.0000,0.913671,0.000000
30,217,0,,,,,,0.0000,0.947309,0.000000
30,218,0,,,,,,0.0000,0.932800,0.000000
30,219,0,,,,,,0.0000,0.911618,0.000000
30,220,0,,,,,,0.0000,0.924205,0.000000
30,221,0,,,,,,0.0000,0.900419,0.000000
30,222,0,,,,,,0.0000,0.905689,0.000000
30,223,0,,,,,,0.0000,0.914134,0.000000
30,224,0,,,,,,0.0000,0.929399,0.000000
30,225,0,,,,,,0.0000,0.905494,0.000000
30,226,0,,,,,,0.0000,0.935920,0.000000
30,227,0,,,,,,0.0000,0.924159,0.000000
30,228,0,,,,,,0.0000,0.897748,0.000000
30,229,0,,,,,,0.0000,0.896550,0.000000
30,230,0,,,,,,0.0000,0.924138,0.000000
30,231,0,,,,,,0.0000,0.933232,0.000000
30,232,0,,,,,,0.0000,0.934964,0.000000
30,233,0,,,,,,0.0000,0.898195,0.000000
30,234,0,,,,,,0.0000,0.933795,0.000000
30,235,0,,,,,,0.0000,0.941171,0.000000
30,236,0,,,,,,0.0000,0.917375,0.000000
30,237,0,,,,,,0.0000,0.897809,0.000000
30,238,0,,,,,,0.0000,0.913922,0.000000
30,239,0,,,,,,0.0000,0.931810,0.000000
30,240,1,0.854933,0.001474,0.398468,0.000000,1.000000,1.0000,0.903663,0.214554
30,241,6,0.119507,0.058324,0.727557,0.240086,0.640018,11.0000,0.688190,0.652463
30,242,11,0.085436,0.065440,0.779825,0.054537,0.680976,16.0000,0.708829,0.753990
30,243,15,0.073654,0.069832,0.793855,0.055978,0.536000,19.0000,0.731341,0.781242
30,244,17,0.063916,0.070544,0.799754,0.042689,0.522106,11.0000,0.820972,0.792701
30,245,17,0.061300,0.066391,0.814446,0.043277,0.488960,4.0000,0.815551,0.803963
30,246,18,0.061245,0.065586,0.814801,0.042388,0.528481,10.0000,0.744459,0.804652
30,247,20,0.055565,0.062678,0.820996,0.038582,0.582541,16.0000,0.791724,0.816685
30,248,21,0.054279,0.061336,0.822168,0.041377,0.607292,12.0000,0.822053,0.818962
30,249,19,0.050705,0.052270,0.842267,0.042429,0.629129,13.0000,0.801721,0.855110
30,250,3,0.255274,0.066013,0.571603,0.285945,0.521543,4.0000,0.969155,0.505373
30,251,6,0.161160,0.111640,0.668519,0.167278,0.709943,9.0000,0.866687,0.554465
30,252,8,0.126619,0.075305,0.711116,0.173101,0.656219,12.0000,0.731098,0.634249
30,253,12,0.078194,0.059730,0.833522,0.071398,0.576551,15.0000,0.725692,0.793269
30,254,13,0.070948,0.054092,0.854274,0.064736,0.499060,9.0000,0.797928,0.834525
30,255,14,0.054015,0.037200,0.877524,0.053685,0.616507,13.0000,0.842782,0.880745
30,256,14,0.052325,0.033840,0.880037,0.053975,0.623409,14.0000,0.809174,0.885742
30,257,15,0.046280,0.034219,0.881980,0.054389,0.546389,8.0000,0.771020,0.889606
30,258,15,0.046280,0.034219,0.881980,0.054389,0.546389,6.0000,0.765428,0.889606
30,259,15,0.046280,0.034219,0.881980,0.054389,0.546389,7.0000,0.793800,0.889606
30,260,1,0.839161,0.010147,0.306309,0.000000,1.000000,2.0000,1.043370,0.188497
30,261,4,0.176975,0.052872,0.721228,0.367665,0.482270,4.0000,0.899751,0.564581
30,262,8,0.109465,0.078386,0.797605,0.073135,0.635307,10.0000,0.720620,0.720086
30,263,9,0.075674,0.054650,0.834741,0.107186,0.645826,14.0000,0.771459,0.795695
30,264,13,0.073026,0.057116,0.861822,0.099884,0.703416,19.0000,0.853020,0.844953
30,265,13,0.072586,0.051599,0.879205,0.099845,0.696714,9.0000,0.894418,0.852081
30,266,14,0.068282,0.047089,0.883813,0.096068,0.738457,10.0000,0.793253,0.861464
30,267,14,0.068155,0.046250,0.886740,0.096072,0.737042,7.0000,0.752239,0.864073
30,268,15,0.055119,0.038681,0.894366,0.086830,0.763334,12.0000,0.839282,0.879600
30,269,15,0.055119,0.038681,0.894366,0.086830,0.763334,8.0000,0.844024,0.879600
30,270,2,0.301555,0.095713,0.599867,0.000000,0.168784,3.0000,1.013291,0.316715
30,271,5,0.160782,0.064558,0.776528,0.194936,0.592024,8.0000,0.877055,0.609723
30,272,10,0.101608,0.072389,0.817113,0.093192,0.657646,12.0000,0.691184,0.692882
30,273,13,0.095868,0.079456,0.835543,0.069229,0.579928,9.0000,0.727374,0.730645
30,274,12,0.090807,0.066201,0.849095,0.073754,0.582841,17.0000,0.848004,0.758413
30,275,14,0.077179,0.070256,0.859592,0.041409,0.587768,14.0000,0.909919,0.779922
30,276,15,0.076590,0.068448,0.860449,0.041022,0.530881,12.0000,0.815133,0.781678
30,277,15,0.074745,0.067348,0.862272,0.037716,0.516371,12.0000,0.749641,0.785413
30,278,15,0.074761,0.063831,0.865631,0.040549,0.596964,7.0000,0.777572,0.792295
30,279,17,0.069308,0.067852,0.892558,0.052239,0.618257,13.0000,0.809056,0.847468
30,280,1,0.828054,0.000081,0.442540,0.000000,1.000000,3.0000,0.987398,0.208700
30,281,4,0.192502,0.073653,0.743127,0.466280,0.682183,7.0000,0.782739,0.555342
30,282,7,0.109545,0.069389,0.845406,0.158826,0.575495,15.0000,0.695683,0.728277
30,283,8,0.109049,0.064808,0.846123,0.166326,0.716678,17.0000,0.773376,0.729763
30,284,10,0.088325,0.050171,0.859453,0.154515,0.881406,13.0000,0.859350,0.757355
30,285,11,0.082784,0.048142,0.882121,0.141837,0.886163,11.0000,0.844523,0.804279
30,286,11,0.082725,0.047533,0.882541,0.142526,0.889660,6.0000,0.803333,0.805149
30,287,11,0.082724,0.047539,0.882667,0.142595,0.890084,8.0000,0.782660,0.805409
30,288,13,0.081103,0.046883,0.887470,0.129800,0.871034,16.0000,0.736541,0.815351
30,289,13,0.081103,0.046883,0.887470,0.129800,0.871034,11.0000,0.814019,0.815351
30,290,2,0.358718,0.025249,0.664222,0.000000,0.025590,2.0000,1.043943,0.328798
30,291,4,0.147658,0.084783,0.789223,0.176033,0.281364,9.0000,0.832599,0.592080
30,292,8,0.106977,0.090767,0.850274,0.207455,0.453069,14.0000,0.672823,0.720670
30,293,10,0.079608,0.071822,0.896235,0.081162,0.413263,16.0000,0.787789,0.817475
30,294,11,0.078257,0.070094,0.901920,0.077395,0.428815,5.0000,0.914108,0.829447
30,295,10,0.053487,0.038978,0.925921,0.078874,0.383160,12.0000,0.861175,0.879999
30,296,11,0.049863,0.037756,0.927034,0.074899,0.474211,14.0000,0.722576,0.882345
30,297,14,0.038299,0.040788,0.932445,0.044584,0.520728,13.0000,0.769879,0.893742
30,298,15,0.036584,0.039405,0.932918,0.046846,0.564240,7.0000,0.852913,0.894737
30,299,15,0.035495,0.038755,0.934616,0.046768,0.571431,13.0000,0.842349,0.898313
30,300,2,0.291445,0.023477,0.618086,0.000000,0.373210,3.0000,1.011864,0.492421
30,301,6,0.128655,0.059812,0.842690,0.185779,0.588915,10.0000,0.834685,0.701520
30,302,7,0.120627,0.081203,0.845372,0.161822,0.526555,10.0000,0.716356,0.707139
30,303,8,0.102936,0.057725,0.871467,0.133880,0.756058,11.0000,0.734642,0.760987
30,304,9,0.090882,0.054090,0.879244,0.133177,0.707785,14.0000,0.824921,0.777274
30,305,11,0.074698,0.033819,0.893100,0.103980,0.814640,7.0000,0.903893,0.806294
30,306,14,0.050918,0.035094,0.910590,0.060049,0.752355,14.0000,0.769704,0.842925
30,307,16,0.049771,0.045682,0.929315,0.053905,0.586750,9.0000,0.753921,0.882141
30,308,16,0.049771,0.045682,0.929315,0.053905,0.586750,14.0000,0.797808,0.882141
30,309,17,0.044112,0.045307,0.936214,0.039150,0.538197,21.0000,0.821781,0.896589
30,310,2,0.365339,0.134330,0.443812,0.000000,0.162449,2.0000,0.958597,0.034259
30,311,5,0.138597,0.065552,0.784813,0.284926,0.559747,8.0000,0.860594,0.582792
30,312,8,0.111252,0.094346,0.823416,0.249006,0.534467,15.0000,0.737549,0.664100
30,313,10,0.106885,0.098462,0.825221,0.083681,0.440447,8.0000,0.759801,0.667901
30,314,11,0.091208,0.091716,0.849528,0.063595,0.356921,11.0000,0.875093,0.719098
30,315,11,0.091208,0.091716,0.849528,0.063595,0.356921,7.0000,0.859981,0.719098
30,316,10,0.081153,0.065971,0.872934,0.057096,0.588370,6.0000,0.759688,0.768396
30,317,10,0.063865,0.058987,0.892087,0.076640,0.515594,10.0000,0.801733,0.808737
30,318,14,0.051683,0.059503,0.898531,0.035183,0.502667,11.0000,0.803413,0.822309
30,319,15,0.051683,0.063152,0.908674,0.027598,0.469092,16.0000,0.793500,0.843674
30,320,2,0.363676,0.030698,0.626388,0.000000,0.041988,4.0000,0.997361,0.274906
30,321,5,0.147090,0.033805,0.828501,0.263786,0.651879,6.0000,0.854356,0.693284
30,322,9,0.094393,0.067729,0.836688,0.119370,0.628165,11.0000,0.736084,0.710231
30,323,13,0.087913,0.073649,0.869431,0.088349,0.693452,9.0000,0.812920,0.778010
30,324,15,0.081437,0.069690,0.874847,0.083568,0.762748,7.0000,0.795518,0.789221
30,325,14,0.078361,0.056130,0.885574,0.085311,0.819115,14.0000,0.787976,0.811426
30,326,13,0.061307,0.045724,0.896850,0.101442,0.784106,8.0000,0.801400,0.834768
30,327,13,0.058798,0.039504,0.903518,0.097815,0.745648,13.0000,0.801151,0.848572
30,328,14,0.046085,0.032236,0.922529,0.059989,0.729654,12.0000,0.789456,0.887923
30,329,16,0.042956,0.033328,0.923160,0.051855,0.775904,8.0000,0.835037,0.889230
30,330,3,0.315768,0.242839,0.515759,0.093332,0.197878,6.0000,0.990993,0.171960
30,331,4,0.177574,0.097141,0.692619,0.229302,0.262810,6.0000,0.813371,0.437795
30,332,6,0.176775,0.064373,0.790169,0.062123,0.737466,7.0000,0.756243,0.637673
30,333,7,0.088132,0.060467,0.851097,0.129531,0.478915,7.0000,0.797984,0.762515
30,334,9,0.085147,0.059748,0.859280,0.081540,0.405604,10.0000,0.827709,0.779281
30,335,9,0.081564,0.054913,0.883643,0.120131,0.491484,7.0000,0.855471,0.829203
30,336,9,0.081564,0.054913,0.883643,0.120131,0.491484,10.0000,0.825551,0.829203
30,337,10,0.079746,0.050085,0.886809,0.132455,0.569623,17.0000,0.746102,0.835689
30,338,9,0.070400,0.021623,0.905729,0.150518,0.632128,9.0000,0.773306,0.874455
30,339,10,0.066536,0.022959,0.906385,0.133355,0.690896,9.0000,0.821666,0.875800
30,340,3,0.269145,0.077227,0.611158,0.821725,0.857450,3.0000,1.022612,0.424365
30,341,7,0.141622,0.081779,0.764974,0.052703,0.626991,9.0000,0.879512,0.612317
30,342,8,0.094772,0.056142,0.817897,0.078270,0.574450,17.0000,0.695326,0.720070
30,343,11,0.063903,0.065655,0.855593,0.098140,0.580824,20.0000,0.718483,0.796818
30,344,11,0.063903,0.065655,0.855593,0.098140,0.580824,6.0000,0.840298,0.796818
30,345,10,0.059405,0.064618,0.871953,0.085826,0.507079,11.0000,0.846077,0.830128
30,346,10,0.059405,0.064618,0.871953,0.085826,0.507079,16.0000,0.776650,0.830128
30,347,11,0.047123,0.023974,0.892957,0.117900,0.786135,17.0000,0.759457,0.872893
30,348,11,0.046830,0.023163,0.893242,0.118165,0.794946,11.0000,0.811340,0.873473
30,349,11,0.055723,0.016217,0.896260,0.129754,0.849118,8.0000,0.842813,0.879618
30,350,1,0.844814,0.002032,0.414397,0.000000,1.000000,1.0000,0.991591,0.215305
30,351,4,0.252476,0.066170,0.667601,0.615956,0.735178,5.0000,0.815824,0.463415
30,352,7,0.183402,0.143048,0.715167,0.076655,0.532990,10.0000,0.799918,0.557978
30,353,8,0.151677,0.099383,0.754762,0.061167,0.631360,9.0000,0.858613,0.636693
30,354,10,0.140059,0.089676,0.767263,0.066663,0.674166,7.0000,0.822645,0.661546
30,355,9,0.116382,0.045950,0.811046,0.081507,0.726902,9.0000,0.828518,0.748586
30,356,11,0.079189,0.063179,0.827497,0.081228,0.588032,11.0000,0.767902,0.781291
30,357,11,0.078393,0.062432,0.829098,0.084402,0.595732,11.0000,0.810808,0.784474
30,358,12,0.068151,0.049334,0.857501,0.076453,0.740295,12.0000,0.826364,0.840940
30,359,12,0.067217,0.046752,0.858630,0.076791,0.748650,10.0000,0.765895,0.843185
30,360,3,0.266177,0.160026,0.467062,0.654242,0.847093,4.0000,0.945910,0.326596
30,361,5,0.149433,0.074363,0.780043,0.054824,0.492524,9.0000,0.873103,0.751177
30,362,9,0.114352,0.077070,0.790387,0.089343,0.650058,11.0000,0.738758,0.771270
30,363,12,0.051105,0.036516,0.839629,0.068413,0.579178,15.0000,0.753546,0.854339
30,364,12,0.041914,0.027161,0.849415,0.047554,0.566840,10.0000,0.812767,0.873348
30,365,14,0.039707,0.025994,0.851839,0.051206,0.647122,9.0000,0.825172,0.878056
30,366,15,0.033706,0.027087,0.879087,0.046434,0.519137,12.0000,0.807864,0.922088
30,367,16,0.031780,0.026263,0.882463,0.039566,0.565369,8.0000,0.736915,0.928644
30,368,18,0.031737,0.025959,0.882573,0.047932,0.657497,14.0000,0.764468,0.928859
30,369,18,0.031737,0.025959,0.882573,0.047932,0.657497,7.0000,0.799602,0.928859
30,370,2,0.675138,0.249965,0.284283,0.000000,0.894600,2.0000,1.055040,0.161572
30,371,7,0.154671,0.092569,0.667980,0.061044,0.700891,9.0000,0.870537,0.602568
30,372,9,0.082379,0.069606,0.763967,0.127577,0.702841,8.0000,0.698917,0.786370
30,373,8,0.079769,0.058618,0.782791,0.149602,0.638347,10.0000,0.732886,0.803295
30,374,8,0.079769,0.058618,0.782791,0.149602,0.638347,6.0000,0.819490,0.803295
30,375,9,0.067534,0.045534,0.798853,0.147633,0.646978,10.0000,0.835572,0.829821
30,376,10,0.066497,0.044157,0.799067,0.142944,0.755303,8.0000,0.797251,0.830233
30,377,12,0.064294,0.044494,0.802369,0.063485,0.779143,8.0000,0.791181,0.836597
30,378,12,0.059173,0.037737,0.814312,0.085832,0.728731,11.0000,0.767167,0.859608
30,379,13,0.054991,0.037028,0.827656,0.034448,0.715703,11.0000,0.795844,0.885321
30,380,1,0.547526,0.060318,0.281641,0.000000,1.000000,1.0000,1.018857,0.298976
30,381,5,0.188985,0.071468,0.613376,0.307390,0.848044,7.0000,0.853386,0.574916
30,382,6,0.187509,0.076861,0.619984,0.190076,0.935445,8.0000,0.735545,0.587638
30,383,6,0.185673,0.076455,0.655842,0.103288,0.777354,6.0000,0.740300,0.630436
30,384,7,0.169523,0.063812,0.695230,0.052817,0.788544,7.0000,0.904105,0.698023
30,385,8,0.169117,0.048817,0.705388,0.065379,0.914022,7.0000,0.862103,0.717580
30,386,10,0.082351,0.048582,0.741801,0.138335,0.826744,10.0000,0.773119,0.787677
30,387,13,0.064607,0.052451,0.746581,0.052002,0.835769,9.0000,0.806050,0.796879
30,388,13,0.063423,0.051148,0.764105,0.055471,0.814512,11.0000,0.851384,0.830614
30,389,13,0.063423,0.051148,0.764105,0.055471,0.814512,3.0000,0.792148,0.830614
30,390,3,0.284463,0.107904,0.519476,0.798888,0.825610,3.0000,0.960194,0.475297
30,391,3,0.284463,0.107904,0.519476,0.798888,0.825610,3.0000,0.889346,0.475297
30,392,7,0.135788,0.061303,0.628503,0.117241,0.711352,15.0000,0.693740,0.652694
30,393,11,0.113786,0.057613,0.680902,0.104558,0.898287,14.0000,0.708268,0.747556
30,394,12,0.049236,0.035501,0.750449,0.090170,0.685992,8.0000,0.770866,0.863125
30,395,14,0.047837,0.037236,0.750564,0.083164,0.727548,10.0000,0.891356,0.863352
30,396,15,0.046852,0.038555,0.751192,0.065665,0.729585,12.0000,0.828937,0.864588
30,397,16,0.046786,0.037445,0.754681,0.065277,0.744811,5.0000,0.755296,0.871463
30,398,16,0.045658,0.037835,0.755660,0.064973,0.631473,10.0000,0.780585,0.873393
30,399,17,0.045658,0.039243,0.755741,0.065934,0.685845,6.0000,0.860046,0.873552
30,400,0,,,,,,0.0000,0.971787,0.000000
30,401,0,,,,,,0.0000,0.980621,0.000000
30,402,0,,,,,,0.0000,0.933376,0.000000
30,403,0,,,,,,0.0000,0.942002,0.000000
30,404,0,,,,,,0.0000,0.930888,0.000000
30,405,0,,,,,,0.0000,0.954876,0.000000
30,406,0,,,,,,0.0000,0.954976,0.000000
30,407,0,,,,,,0.0000,0.892975,0.000000
30,408,0,,,,,,0.0000,0.903678,0.000000
30,409,0,,,,,,0.0000,0.980375,0.000000
30,410,0,,,,,,0.0000,0.955579,0.000000
30,411,0,,,,,,0.0000,0.901545,0.000000
30,412,0,,,,,,0.0000,0.899621,0.000000
30,413,0,,,,,,0.0000,0.960299,0.000000
30,414,0,,,,,,0.0000,0.970512,0.000000
30,415,0,,,,,,0.0000,0.912129,0.000000
30,416,0,,,,,,0.0000,0.911650,0.000000
30,417,0,,,,,,0.0000,0.938502,0.000000
30,418,0,,,,,,0.0000,0.927589,0.000000
30,419,0,,,,,,0.0000,0.900913,0.000000
30,420,0,,,,,,0.0000,0.929351,0.000000
30,421,0,,,,,,0.0000,0.934709,0.000000
30,422,0,,,,,,0.0000,0.950331,0.000000
30,423,0,,,,,,0.0000,0.911284,0.000000
30,424,0,,,,,,0.0000,0.906966,0.000000
30,425,0,,,,,,0.0000,0.912053,0.000000
30,426,0,,,,,,0.0000,0.960952,0.000000
30,427,0,,,,,,0.0000,0.919178,0.000000
30,428,0,,,,,,0.0000,0.893411,0.000000
30,429,0,,,,,,0.0000,0.954731,0.000000
30,430,0,,,,,,0.0000,0.970620,0.000000
30,431,0,,,,,,0.0000,0.902282,0.000000
30,432,0,,,,,,0.0000,0.898298,0.000000
30,433,0,,,,,,0.0000,0.900846,0.000000
30,434,0,,,,,,0.0000,0.944819,0.000000
30,435,0,,,,,,0.0000,0.942961,0.000000
30,436,0,,,,,,0.0000,0.922146,0.000000
30,437,0,,,,,,0.0000,0.912068,0.000000
30,438,0,,,,,,0.0000,0.928884,0.000000
30,439,0,,,,,,0.0000,0.968740,0.000000
30,440,0,,,,,,0.0000,0.913467,0.000000
30,441,0,,,,,,0.0000,0.881041,0.000000
30,442,0,,,,,,0.0000,0.906763,0.000000
30,443,0,,,,,,0.0000,0.926454,0.000000
30,444,0,,,,,,0.0000,0.907509,0.000000
30,445,0,,,,,,0.0000,0.904259,0.000000
30,446,0,,,,,,0.0000,0.911129,0.000000
30,447,0,,,,,,0.0000,0.910884,0.000000
30,448,0,,,,,,0.0000,0.937505,0.000000
30,449,0,,,,,,0.0000,0.956539,0.000000
30,450,0,,,,,,0.0000,0.931736,0.000000
30,451,0,,,,,,0.0000,0.888643,0.000000
30,452,0,,,,,,0.0000,0.896703,0.000000
30,453,0,,,,,,0.0000,0.932045,0.000000
30,454,0,,,,,,0.0000,0.920692,0.000000
30,455,0,,,,,,0.0000,0.884019,0.000000
30,456,0,,,,,,0.0000,0.895553,0.000000
30,457,0,,,,,,0.0000,0.953887,0.000000
30,458,0,,,,,,0.0000,0.961101,0.000000
30,459,0,,,,,,0.0000,0.925853,0.000000
30,460,0,,,,,,0.0000,0.891989,0.000000
30,461,0,,,,,,0.0000,0.902694,0.000000
30,462,0,,,,,,0.0000,0.955643,0.000000
30,463,0,,,,,,0.0000,0.923855,0.000000
30,464,0,,,,,,0.0000,0.911094,0.000000
30,465,0,,,,,,0.0000,0.946683,0.000000
30,466,0,,,,,,0.0000,0.932109,0.000000
30,467,0,,,,,,0.0000,0.914486,0.000000
30,468,0,,,,,,0.0000,0.898418,0.000000
30,469,0,,,,,,0.0000,0.910389,0.000000
30,470,0,,,,,,0.0000,0.940290,0.000000
30,471,0,,,,,,0.0000,0.956544,0.000000
30,472,0,,,,,,0.0000,0.914064,0.000000
30,473,0,,,,,,0.0000,0.869985,0.000000
30,474,0,,,,,,0.0000,0.929200,0.000000
30,475,0,,,,,,0.0000,0.956075,0.000000
30,476,0,,,,,,0.0000,0.914166,0.000000
30,477,0,,,,,,0.0000,0.901121,0.000000
30,478,0,,,,,,0.0000,0.908961,0.000000
30,479,0,,,,,,0.0000,0.941269,0.000000
30,480,0,,,,,,0.0000,0.930430,0.000000
30,481,0,,,,,,0.0000,0.915198,0.000000
30,482,0,,,,,,0.0000,0.915184,0.000000
30,483,0,,,,,,0.0000,0.939500,0.000000
30,484,0,,,,,,0.0000,0.928475,0.000000
30,485,0,,,,,,0.0000,0.915540,0.000000
30,486,0,,,,,,0.0000,0.931097,0.000000
30,487,0,,,,,,0.0000,0.928107,0.000000
30,488,0,,,,,,0.0000,0.932561,0.000000
30,489,0,,,,,,0.0000,0.922329,0.000000
30,490,0,,,,,,0.0000,0.900082,0.000000
30,491,0,,,,,,0.0000,0.910663,0.000000
30,492,0,,,,,,0.0000,0.929138,0.000000
30,493,0,,,,,,0.0000,0.920497,0.000000
30,494,0,,,,,,0.0000,0.913610,0.000000
30,495,0,,,,,,0.0000,0.915737,0.000000
30,496,0,,,,,,0.0000,0.919647,0.000000
30,497,0,,,,,,0.0000,0.905348,0.000000
30,498,0,,,,,,0.0000,0.902640,0.000000
30,499,0,,,,,,0.0000,0.925224,0.000000
30,500,0,,,,,,0.0000,0.919744,0.000000
30,501,0,,,,,,0.0000,0.897731,0.000000
30,502,0,,,,,,0.0000,0.928353,0.000000
30,503,0,,,,,,0.0000,0.932943,0.000000
30,504,0,,,,,,0.0000,0.926090,0.000000
30,505,0,,,,,,0.0000,0.894326,0.000000
30,506,0,,,,,,0.0000,0.945657,0.000000
30,507,0,,,,,,0.0000,0.933578,0.000000
30,508,0,,,,,,0.0000,0.924279,0.000000
30,509,0,,,,,,0.0000,0.917767,0.000000
30,510,0,,,,,,0.0000,0.924417,0.000000
30,511,0,,,,,,0.0000,0.939571,0.000000
30,512,0,,,,,,0.0000,0.897289,0.000000
30,513,0,,,,,,0.0000,0.917770,0.000000
30,514,0,,,,,,0.0000,0.936909,0.000000
30,515,0,,,,,,0.0000,0.916957,0.000000
30,516,0,,,,,,0.0000,0.933132,0.000000
30,517,0,,,,,,0.0000,0.910803,0.000000
30,518,0,,,,,,0.0000,0.891523,0.000000
30,519,0,,,,,,0.0000,0.923512,0.000000
30,520,0,,,,,,0.0000,0.958001,0.000000
30,521,0,,,,,,0.0000,0.929864,0.000000
30,522,0,,,,,,0.0000,0.906433,0.000000
30,523,0,,,,,,0.0000,0.901293,0.000000
30,524,0,,,,,,0.0000,0.924983,0.000000
30,525,0,,,,,,0.0000,0.935182,0.000000
30,526,0,,,,,,0.0000,0.923474,0.000000
30,527,0,,,,,,0.0000,0.915163,0.000000
30,528,0,,,,,,0.0000,0.884195,0.000000
30,529,0,,,,,,0.0000,0.929139,0.000000
30,530,0,,,,,,0.0000,0.946635,0.000000
30,531,0,,,,,,0.0000,0.928086,0.000000
30,532,0,,,,,,0.0000,0.903766,0.000000
30,533,0,,,,,,0.0000,0.885166,0.000000
30,534,0,,,,,,0.0000,0.931174,0.000000
30,535,0,,,,,,0.0000,0.945033,0.000000
30,536,0,,,,,,0.0000,0.907826,0.000000
30,537,0,,,,,,0.0000,0.886563,0.000000
30,538,0,,,,,,0.0000,0.925721,0.000000
30,539,0,,,,,,0.0000,0.943527,0.000000
30,540,0,,,,,,0.0000,0.915599,0.000000
30,541,0,,,,,,0.0000,0.910402,0.000000
30,542,0,,,,,,0.0000,0.923222,0.000000
30,543,0,,,,,,0.0000,0.929939,0.000000
30,544,0,,,,,,0.0000,0.926091,0.000000
30,545,0,,,,,,0.0000,0.889094,0.000000
30,546,0,,,,,,0.0000,0.917075,0.000000
30,547,0,,,,,,0.0000,0.962458,0.000000
30,548,0,,,,,,0.0000,0.953962,0.000000
30,549,0,,,,,,0.0000,0.875162,0.000000
30,550,0,,,,,,0.0000,0.876167,0.000000
30,551,0,,,,,,0.0000,0.913559,0.000000
30,552,0,,,,,,0.0000,0.972469,0.000000
30,553,0,,,,,,0.0000,0.932188,0.000000
30,554,0,,,,,,0.0000,0.903545,0.000000
30,555,0,,,,,,0.0000,0.884050,0.000000
30,556,0,,,,,,0.0000,0.908881,0.000000
30,557,0,,,,,,0.0000,0.945104,0.000000
30,558,0,,,,,,0.0000,0.934026,0.000000
30,559,0,,,,,,0.0000,0.901708,0.000000
30,560,0,,,,,,0.0000,0.911352,0.000000
30,561,0,,,,,,0.0000,0.940933,0.000000
30,562,0,,,,,,0.0000,0.945623,0.000000
30,563,0,,,,,,0.0000,0.916881,0.000000
30,564,0,,,,,,0.0000,0.924754,0.000000
30,565,0,,,,,,0.0000,0.936055,0.000000
30,566,0,,,,,,0.0000,0.919688,0.000000
30,567,0,,,,,,0.0000,0.932834,0.000000
30,568,0,,,,,,0.0000,0.906416,0.000000
30,569,0,,,,,,0.0000,0.908827,0.000000
30,570,0,,,,,,0.0000,0.933481,0.000000
30,571,0,,,,,,0.0000,0.932731,0.000000
30,572,0,,,,,,0.0000,0.904498,0.000000
30,573,0,,,,,,0.0000,0.903346,0.000000
30,574,0,,,,,,0.0000,0.935382,0.000000
30,575,0,,,,,,0.0000,0.931461,0.000000
30,576,0,,,,,,0.0000,0.911883,0.000000
30,577,0,,,,,,0.0000,0.918234,0.000000
30,578,0,,,,,,0.0000,0.920102,0.000000
30,579,0,,,,,,0.0000,0.921357,0.000000
30,580,0,,,,,,0.0000,0.917810,0.000000
30,581,0,,,,,,0.0000,0.923614,0.000000
30,582,0,,,,,,0.0000,0.916413,0.000000
30,583,0,,,,,,0.0000,0.925625,0.000000
30,584,0,,,,,,0.0000,0.917299,0.000000
30,585,0,,,,,,0.0000,0.903573,0.000000
30,586,0,,,,,,0.0000,0.909084,0.000000
30,587,0,,,,,,0.0000,0.924492,0.000000
30,588,0,,,,,,0.0000,0.912871,0.000000
30,589,0,,,,,,0.0000,0.931557,0.000000
30,590,0,,,,,,0.0000,0.943964,0.000000
30,591,0,,,,,,0.0000,0.933290,0.000000
30,592,0,,,,,,0.0000,0.904547,0.000000
30,593,0,,,,,,0.0000,0.918466,0.000000
30,594,0,,,,,,0.0000,0.930560,0.000000
30,595,0,,,,,,0.0000,0.928748,0.000000
30,596,0,,,,,,0.0000,0.905472,0.000000
30,597,0,,,,,,0.0000,0.932818,0.000000
30,598,0,,,,,,0.0000,0.928108,0.000000
30,599,0,,,,,,0.0000,0.926479,0.000000
30,600,0,,,,,,0.0000,0.915559,0.000000
30,601,0,,,,,,0.0000,0.926069,0.000000
30,602,0,,,,,,0.0000,0.908974,0.000000
30,603,0,,,,,,0.0000,0.931671,0.000000
30,604,0,,,,,,0.0000,0.941944,0.000000
30,605,0,,,,,,0.0000,0.912224,0.000000
30,606,0,,,,,,0.0000,0.943773,0.000000
30,607,0,,,,,,0.0000,0.918114,0.000000
30,608,0,,,,,,0.0000,0.915118,0.000000
30,609,0,,,,,,0.0000,0.953769,0.000000
30,610,0,,,,,,0.0000,0.945525,0.000000
30,611,0,,,,,,0.0000,0.909478,0.000000
30,612,0,,,,,,0.0000,0.901561,0.000000
30,613,0,,,,,,0.0000,0.930157,0.000000
30,614,0,,,,,,0.0000,0.930587,0.000000
30,615,0,,,,,,0.0000,0.917673,0.000000
30,616,0,,,,,,0.0000,0.916749,0.000000
30,617,0,,,,,,0.0000,0.950370,0.000000
30,618,0,,,,,,0.0000,0.926033,0.000000
30,619,0,,,,,,0.0000,0.887039,0.000000
30,620,0,,,,,,0.0000,0.894900,0.000000
30,621,0,,,,,,0.0000,0.952218,0.000000
30,622,0,,,,,,0.0000,0.934153,0.000000
30,623,0,,,,,,0.0000,0.883975,0.000000
30,624,0,,,,,,0.0000,0.933201,0.000000
30,625,0,,,,,,0.0000,0.959114,0.000000
30,626,0,,,,,,0.0000,0.941157,0.000000
30,627,0,,,,,,0.0000,0.897868,0.000000
30,628,0,,,,,,0.0000,0.906844,0.000000
30,629,0,,,,,,0.0000,0.955092,0.000000
30,630,0,,,,,,0.0000,0.965592,0.000000
30,631,0,,,,,,0.0000,0.913706,0.000000
30,632,0,,,,,,0.0000,0.909361,0.000000
30,633,0,,,,,,0.0000,0.917292,0.000000
30,634,0,,,,,,0.0000,0.915614,0.000000
30,635,0,,,,,,0.0000,0.934810,0.000000
30,636,0,,,,,,0.0000,0.925289,0.000000
30,637,0,,,,,,0.0000,0.914844,0.000000
30,638,0,,,,,,0.0000,0.928632,0.000000
30,639,0,,,,,,0.0000,0.923049,0.000000
30,640,0,,,,,,0.0000,0.939528,0.000000
30,641,0,,,,,,0.0000,0.940583,0.000000
30,642,0,,,,,,0.0000,0.919175,0.000000
30,643,1,0.854671,0.001999,0.399104,0.000000,1.000000,1.0000,0.896223,0.215671
30,644,5,0.109890,0.039914,0.756774,0.301064,0.475969,10.0000,0.719261,0.699455
30,645,6,0.101689,0.045041,0.789046,0.239868,0.460488,9.0000,0.750868,0.762141
30,646,7,0.100129,0.051889,0.791575,0.244501,0.624944,6.0000,0.774830,0.767054
30,647,9,0.083597,0.052719,0.825483,0.100408,0.540789,8.0000,0.852045,0.832917
30,648,9,0.070223,0.043367,0.837209,0.102951,0.415141,8.0000,0.808859,0.853461
30,649,9,0.066247,0.037051,0.856796,0.097238,0.435797,6.0000,0.738540,0.878789
30,650,1,0.845313,0.001032,0.304442,0.000000,1.000000,2.0000,0.961151,0.213159
30,651,4,0.123424,0.069313,0.716254,0.099867,0.183707,4.0000,0.854614,0.614145
30,652,6,0.104502,0.049860,0.791662,0.225006,0.647917,12.0000,0.749328,0.758983
30,653,7,0.104176,0.070415,0.807412,0.146983,0.525273,8.0000,0.770592,0.790293
30,654,10,0.095984,0.065211,0.822559,0.114243,0.635398,10.0000,0.857099,0.797753
30,655,9,0.091323,0.041299,0.856777,0.164675,0.789244,10.0000,0.850537,0.839500
30,656,10,0.142690,0.010991,0.872954,0.121039,0.959373,11.0000,0.826266,0.871661
30,657,10,0.142690,0.010943,0.872981,0.121108,0.959363,6.0000,0.776002,0.871715
30,658,10,0.142690,0.010943,0.872981,0.121108,0.959363,4.0000,0.789517,0.871715
30,659,11,0.092182,0.010727,0.883821,0.099074,0.834259,13.0000,0.787279,0.893265
30,660,2,0.363882,0.016370,0.634525,0.000000,0.036735,3.0000,1.033552,0.355372
30,661,5,0.215140,0.058675,0.728771,0.139449,0.819488,9.0000,0.825739,0.538607
30,662,8,0.079559,0.037770,0.858057,0.148750,0.568984,11.0000,0.655190,0.801836
30,663,9,0.078831,0.036245,0.859048,0.158537,0.674220,6.0000,0.756635,0.803853
30,664,10,0.073598,0.034352,0.862002,0.118793,0.574927,13.0000,0.839110,0.809868
30,665,13,0.054342,0.036469,0.870640,0.104578,0.612243,8.0000,0.839089,0.827454
30,666,15,0.054051,0.039109,0.870924,0.091513,0.658997,13.0000,0.755146,0.828033
30,667,17,0.049488,0.041440,0.875037,0.053482,0.630054,7.0000,0.760689,0.836406
30,668,17,0.045109,0.039023,0.884123,0.052827,0.663773,8.0000,0.871072,0.854907
30,669,17,0.045160,0.038898,0.884173,0.054224,0.663932,11.0000,0.838669,0.855007
30,670,1,0.843135,0.144725,0.268107,0.000000,1.000000,1.0000,0.958933,0.000000
30,671,7,0.141487,0.086522,0.749313,0.135988,0.594031,9.0000,0.767202,0.564062
30,672,10,0.105697,0.081810,0.811700,0.095269,0.378965,20.0000,0.722133,0.691893
30,673,12,0.091536,0.079643,0.839303,0.073847,0.433022,9.0000,0.777172,0.748452
30,674,13,0.073693,0.075828,0.858647,0.044783,0.378386,10.0000,0.840326,0.777985
30,675,13,0.068042,0.072664,0.861733,0.037282,0.365933,7.0000,0.815527,0.784308
30,676,14,0.067189,0.069135,0.866282,0.058017,0.414486,12.0000,0.785599,0.793629
30,677,15,0.066992,0.068117,0.868303,0.056642,0.473735,11.0000,0.761786,0.797770
30,678,16,0.066882,0.066454,0.868372,0.057342,0.524018,9.0000,0.802812,0.797912
30,679,16,0.066882,0.066454,0.868372,0.057342,0.524018,13.0000,0.800003,0.797912
30,680,2,0.354798,0.010324,0.669404,0.000000,0.012432,6.0000,0.992800,0.363951
30,681,3,0.177246,0.049888,0.759508,0.168611,0.141883,8.0000,0.835022,0.550468
30,682,7,0.071329,0.051694,0.848863,0.120488,0.593012,16.0000,0.740772,0.735435
30,683,12,0.056873,0.053486,0.888727,0.046680,0.570731,12.0000,0.757661,0.817954
30,684,12,0.056873,0.053486,0.888727,0.046680,0.570731,10.0000,0.871901,0.817954
30,685,12,0.056722,0.053327,0.889837,0.046157,0.571747,10.0000,0.831723,0.820251
30,686,12,0.056722,0.053327,0.889837,0.046157,0.571747,9.0000,0.788944,0.820251
30,687,13,0.056838,0.050829,0.892893,0.052980,0.630078,9.0000,0.810738,0.826577
30,688,14,0.050056,0.043613,0.908716,0.045948,0.681457,12.0000,0.809546,0.859332
30,689,17,0.043999,0.041885,0.909433,0.028723,0.698804,11.0000,0.807658,0.860816
30,690,1,0.836115,0.023855,0.313157,0.000000,1.000000,1.0000,0.960287,0.156848
30,691,4,0.171879,0.055838,0.804722,0.404262,0.542190,9.0000,0.751593,0.642366
30,692,7,0.103779,0.064350,0.861651,0.143893,0.387311,15.0000,0.743188,0.744632
30,693,8,0.101186,0.070743,0.870644,0.136815,0.432465,13.0000,0.845037,0.763573
30,694,10,0.095043,0.067582,0.871832,0.127206,0.603078,11.0000,0.869036,0.766075
30,695,9,0.079152,0.057848,0.884033,0.102508,0.554405,6.0000,0.805956,0.791773
30,696,9,0.070565,0.046532,0.896870,0.109128,0.669342,9.0000,0.800763,0.818812
30,697,9,0.073455,0.046360,0.905679,0.101895,0.634758,11.0000,0.856109,0.837366
30,698,10,0.070198,0.043862,0.907475,0.093190,0.708221,15.0000,0.836768,0.841149
30,699,11,0.066851,0.045508,0.909024,0.082946,0.754271,13.0000,0.828606,0.844411
30,700,1,0.832479,0.017975,0.428294,0.000000,1.000000,5.0000,1.023653,0.168840
30,701,4,0.186600,0.079296,0.773006,0.467685,0.660981,10.0000,0.870400,0.582109
30,702,8,0.129305,0.067506,0.815659,0.279926,0.700536,10.0000,0.751460,0.644105
30,703,10,0.088753,0.066965,0.858745,0.125144,0.536119,8.0000,0.787448,0.734341
30,704,12,0.074724,0.075997,0.865671,0.074271,0.435551,17.0000,0.867356,0.748848
30,705,12,0.070602,0.060823,0.878674,0.068501,0.506408,9.0000,0.886398,0.776080
30,706,13,0.068472,0.063284,0.886016,0.083762,0.664842,13.0000,0.769616,0.791457
30,707,12,0.053259,0.043551,0.896235,0.068091,0.656653,11.0000,0.719503,0.812859
30,708,13,0.053170,0.048334,0.896248,0.060056,0.685411,8.0000,0.749018,0.812887
30,709,11,0.050196,0.054508,0.908222,0.068968,0.478613,13.0000,0.841045,0.837964
30,710,3,0.276011,0.101662,0.690131,0.769431,0.612364,5.0000,1.036725,0.383368
30,711,3,0.274650,0.101539,0.696694,0.765432,0.609441,6.0000,0.779830,0.397191
30,712,8,0.060035,0.048435,0.878084,0.046249,0.325392,14.0000,0.689642,0.779244
30,713,9,0.057349,0.046790,0.895573,0.043456,0.271514,10.0000,0.796682,0.816081
30,714,12,0.052727,0.057779,0.903341,0.080105,0.421192,11.0000,0.848036,0.832440
30,715,15,0.046238,0.052771,0.907608,0.045952,0.485724,7.0000,0.852571,0.841428
30,716,15,0.046238,0.052771,0.907608,0.045952,0.485724,11.0000,0.745190,0.841428
30,717,17,0.044123,0.053702,0.912213,0.030804,0.453839,11.0000,0.763339,0.851128
30,718,18,0.044123,0.052418,0.912757,0.034334,0.472017,16.0000,0.767542,0.852273
30,719,18,0.044123,0.052418,0.912757,0.034334,0.472017,14.0000,0.767478,0.852273
30,720,2,0.313841,0.031277,0.658862,0.000000,0.102130,4.0000,0.986024,0.379070
30,721,7,0.105373,0.081962,0.824755,0.153040,0.481574,17.0000,0.799471,0.685529
30,722,11,0.071556,0.073403,0.868519,0.084953,0.346525,20.0000,0.687710,0.776121
30,723,13,0.063184,0.064140,0.890930,0.084894,0.543569,19.0000,0.751853,0.822513
30,724,13,0.063184,0.064140,0.890930,0.084894,0.543569,11.0000,0.828581,0.822513
30,725,15,0.062692,0.068984,0.902110,0.038595,0.544700,8.0000,0.827570,0.845656
30,726,15,0.059933,0.068390,0.906979,0.046645,0.555197,16.0000,0.772955,0.855736
30,727,16,0.059913,0.072150,0.907209,0.046003,0.601965,18.0000,0.722811,0.856212
30,728,18,0.058089,0.070125,0.908175,0.042584,0.615754,16.0000,0.765772,0.858212
30,729,18,0.058089,0.070125,0.908175,0.042584,0.615754,13.0000,0.774655,0.858212
30,730,2,0.311962,0.127937,0.482209,0.000000,0.195552,2.0000,1.030961,0.138412
30,731,6,0.150244,0.050428,0.835155,0.118864,0.656004,9.0000,0.857797,0.753105
30,732,8,0.096626,0.067253,0.840594,0.146440,0.637133,11.0000,0.696866,0.764250
30,733,10,0.076512,0.056043,0.880146,0.085919,0.595979,16.0000,0.747117,0.824663
30,734,12,0.082958,0.030597,0.892397,0.109734,0.830798,17.0000,0.808015,0.847139
30,735,13,0.079031,0.026123,0.902542,0.078254,0.811843,14.0000,0.785061,0.867925
30,736,15,0.050531,0.031052,0.912419,0.041306,0.767734,16.0000,0.803136,0.888164
30,737,14,0.061505,0.020241,0.926856,0.113859,0.853282,12.0000,0.799622,0.917745
30,738,15,0.058289,0.019450,0.931606,0.039981,0.835139,12.0000,0.778199,0.927478
30,739,16,0.058067,0.018937,0.932127,0.039750,0.880522,12.0000,0.757665,0.928546
30,740,1,0.843542,0.018656,0.404590,0.000000,1.000000,2.0000,1.074083,0.170021
30,741,3,0.181696,0.044239,0.707120,0.030354,0.134693,9.0000,0.825059,0.532677
30,742,5,0.129706,0.035789,0.769311,0.353493,0.595205,7.0000,0.712596,0.649534
30,743,6,0.129706,0.041329,0.774986,0.335083,0.778464,4.0000,0.749856,0.661090
30,744,8,0.109273,0.036259,0.849377,0.076086,0.682104,10.0000,0.863369,0.784163
30,745,9,0.109273,0.055429,0.855141,0.072797,0.558714,12.0000,0.864473,0.795898
30,746,10,0.103103,0.057242,0.858632,0.074529,0.618780,12.0000,0.756788,0.803006
30,747,11,0.096022,0.062983,0.861343,0.063334,0.527170,10.0000,0.803867,0.808525
30,748,12,0.053566,0.040229,0.909058,0.063076,0.475730,13.0000,0.812076,0.905675
30,749,12,0.053566,0.040229,0.909058,0.063076,0.475730,8.0000,0.836690,0.905675
30,750,2,0.352570,0.048692,0.572438,0.000000,0.080067,3.0000,0.970824,0.325196
30,751,4,0.182400,0.076685,0.703417,0.349303,0.394040,6.0000,0.853005,0.534618
30,752,9,0.121175,0.091955,0.783029,0.089530,0.532120,11.0000,0.700020,0.692888
30,753,11,0.069885,0.056538,0.838000,0.047990,0.428111,17.0000,0.749020,0.802172
30,754,12,0.060444,0.049123,0.857045,0.042196,0.491059,11.0000,0.866082,0.840033
30,755,12,0.060444,0.049123,0.857045,0.042196,0.491059,7.0000,0.816121,0.840033
30,756,12,0.060444,0.049123,0.857045,0.042196,0.491059,13.0000,0.723940,0.840033
30,757,12,0.067029,0.034777,0.865171,0.029411,0.605716,14.0000,0.716383,0.856189
30,758,14,0.038536,0.033008,0.871257,0.048292,0.572719,14.0000,0.808728,0.868287
30,759,14,0.038536,0.033008,0.871257,0.048292,0.572719,12.0000,0.821108,0.868287
30,760,2,0.349615,0.034356,0.588948,0.000000,0.076934,2.0000,1.011897,0.383320
30,761,3,0.265155,0.082417,0.621315,0.659195,0.504057,2.0000,0.809057,0.432488
30,762,5,0.212682,0.141468,0.651723,0.291823,0.498127,7.0000,0.679622,0.491553
30,763,7,0.196575,0.116623,0.684703,0.320825,0.675331,11.0000,0.771092,0.555614
30,764,7,0.154521,0.050797,0.738866,0.067129,0.738621,10.0000,0.864236,0.660823
30,765,10,0.100391,0.073731,0.767245,0.054942,0.709775,10.0000,0.898749,0.715947
30,766,12,0.093331,0.076354,0.769010,0.063033,0.711311,7.0000,0.764808,0.719374
30,767,12,0.093331,0.076354,0.769010,0.063033,0.711311,9.0000,0.741747,0.719374
30,768,12,0.093331,0.076354,0.769010,0.063033,0.711311,11.0000,0.827856,0.719374
30,769,13,0.092788,0.072002,0.771112,0.092820,0.799660,11.0000,0.887534,0.723457
30,770,1,0.823670,0.070813,0.206030,0.000000,1.000000,1.0000,1.001339,0.124081
30,771,4,0.257660,0.162177,0.481324,0.173197,0.583829,4.0000,0.755768,0.420451
30,772,6,0.098440,0.083279,0.695164,0.160082,0.521658,10.0000,0.745284,0.664774
30,773,10,0.093132,0.098286,0.703042,0.105616,0.726837,8.0000,0.815743,0.679954
30,774,11,0.090320,0.100923,0.706678,0.100233,0.736915,5.0000,0.864827,0.686960
30,775,10,0.080908,0.069724,0.739025,0.078052,0.499797,10.0000,0.792030,0.749287
30,776,10,0.078465,0.066031,0.751726,0.077095,0.481082,7.0000,0.721901,0.762717
30,777,11,0.078017,0.068348,0.754319,0.080754,0.539001,14.0000,0.767076,0.766458
30,778,13,0.077974,0.064091,0.755928,0.087495,0.654133,9.0000,0.819342,0.767872
30,779,14,0.069623,0.061543,0.777547,0.068708,0.636499,8.0000,0.789257,0.809529
30,780,1,0.798935,0.160452,0.127864,0.000000,1.000000,1.0000,0.946366,0.037872
30,781,3,0.325264,0.059321,0.519303,0.950342,0.859312,5.0000,0.821136,0.377766
30,782,8,0.125572,0.074464,0.671725,0.159874,0.684002,14.0000,0.725168,0.663585
30,783,12,0.069670,0.076244,0.744086,0.092156,0.554810,15.0000,0.787328,0.802887
30,784,13,0.067198,0.073672,0.746612,0.090929,0.609796,8.0000,0.857666,0.807749
30,785,13,0.065900,0.057377,0.765486,0.094676,0.680252,13.0000,0.807221,0.844083
30,786,14,0.065790,0.054153,0.767966,0.095950,0.736937,12.0000,0.754782,0.848857
30,787,17,0.055804,0.050915,0.778564,0.056012,0.606322,10.0000,0.832246,0.858324
30,788,17,0.051526,0.043777,0.785596,0.061214,0.717295,10.0000,0.858353,0.871860
30,789,17,0.038315,0.032241,0.795463,0.061180,0.716395,10.0000,0.748069,0.890855
30,790,3,0.359142,0.042600,0.490698,1.053085,0.968008,4.0000,0.943447,0.357588
30,791,4,0.315094,0.070498,0.491558,0.830657,1.100465,2.0000,0.885164,0.359281
30,792,8,0.210809,0.057796,0.601434,0.074391,1.005314,7.0000,0.732707,0.569012
30,793,9,0.134585,0.058430,0.617710,0.114990,0.850128,5.0000,0.848355,0.601083
30,794,9,0.167150,0.037276,0.665721,0.117151,1.021517,7.0000,0.890277,0.687766
30,795,12,0.145502,0.043641,0.711629,0.042907,0.912275,7.0000,0.873355,0.778220
30,796,13,0.112741,0.044897,0.720249,0.079420,0.821950,7.0000,0.801072,0.795207
30,797,14,0.117783,0.038961,0.732652,0.058261,0.839943,8.0000,0.776649,0.819645
30,798,16,0.063618,0.035653,0.761831,0.094978,0.878551,9.0000,0.818256,0.877138
30,799,16,0.062106,0.032876,0.764739,0.092555,0.908508,10.0000,0.819987,0.882866
30,800,1,0.820623,0.073138,0.162837,0.000000,1.000000,1.0000,0.977109,0.124915
30,801,3,0.300509,0.174888,0.447355,0.047299,0.109799,3.0000,0.806232,0.324636
30,802,7,0.178557,0.049168,0.669016,0.145861,0.914981,11.0000,0.780707,0.759583
30,803,9,0.175858,0.050895,0.669959,0.023101,0.994979,9.0000,0.691218,0.761432
30,804,9,0.082033,0.033475,0.728103,0.120058,0.777875,7.0000,0.799298,0.869528
30,805,9,0.082033,0.033475,0.728103,0.120058,0.777875,8.0000,0.826730,0.869528
30,806,9,0.082033,0.033475,0.728103,0.120058,0.777875,6.0000,0.793907,0.869528
30,807,11,0.081205,0.031226,0.739436,0.116948,0.883945,9.0000,0.797057,0.891767
30,808,11,0.081205,0.031226,0.739436,0.116948,0.883945,6.0000,0.848547,0.891767
30,809,12,0.080813,0.030685,0.740655,0.112884,0.940043,6.0000,0.800387,0.893908
30,810,3,0.359312,0.122652,0.364274,0.873148,0.973649,4.0000,1.049133,0.251670
30,811,6,0.230585,0.146766,0.493338,0.230657,0.851474,4.0000,0.930052,0.509934
30,812,9,0.107347,0.075865,0.626753,0.136148,0.738091,14.0000,0.697165,0.714307
30,813,10,0.080826,0.044307,0.636291,0.154878,0.789907,6.0000,0.795588,0.733704
30,814,10,0.080826,0.044307,0.636291,0.154878,0.789907,3.0000,0.837895,0.733704
30,815,13,0.077118,0.048377,0.653782,0.104228,0.837250,5.0000,0.878766,0.769272
30,816,15,0.065355,0.044153,0.666070,0.083572,0.875157,6.0000,0.769355,0.794260
30,817,15,0.081753,0.034146,0.683114,0.125747,1.004634,8.0000,0.697149,0.828920
30,818,15,0.082131,0.035334,0.693878,0.124896,0.997194,14.0000,0.808666,0.850809
30,819,15,0.082131,0.035334,0.693878,0.124896,0.997194,11.0000,0.844601,0.850809
30,820,0,,,,,,0.0000,0.976924,0.000000
30,821,0,,,,,,0.0000,1.008328,0.000000
30,822,0,,,,,,0.0000,0.963003,0.000000
30,823,0,,,,,,0.0000,0.897010,0.000000
30,824,0,,,,,,0.0000,0.918022,0.000000
30,825,0,,,,,,0.0000,0.987982,0.000000
30,826,0,,,,,,0.0000,0.948976,0.000000
30,827,0,,,,,,0.0000,0.892052,0.000000
30,828,0,,,,,,0.0000,0.883673,0.000000
30,829,0,,,,,,0.0000,0.936496,0.000000
30,830,0,,,,,,0.0000,0.969926,0.000000
30,831,0,,,,,,0.0000,0.928637,0.000000
30,832,0,,,,,,0.0000,0.888729,0.000000
30,833,0,,,,,,0.0000,0.917669,0.000000
30,834,0,,,,,,0.0000,0.935336,0.000000
30,835,0,,,,,,0.0000,0.925722,0.000000
30,836,0,,,,,,0.0000,0.886561,0.000000
30,837,0,,,,,,0.0000,0.907587,0.000000
30,838,0,,,,,,0.0000,0.951411,0.000000
30,839,0,,,,,,0.0000,0.938287,0.000000
30,840,0,,,,,,0.0000,0.935038,0.000000
30,841,0,,,,,,0.0000,0.907656,0.000000
30,842,0,,,,,,0.0000,0.920739,0.000000
30,843,0,,,,,,0.0000,0.946919,0.000000
30,844,0,,,,,,0.0000,0.938498,0.000000
30,845,0,,,,,,0.0000,0.929819,0.000000
30,846,0,,,,,,0.0000,0.904593,0.000000
30,847,0,,,,,,0.0000,0.943391,0.000000
30,848,0,,,,,,0.0000,0.947172,0.000000
30,849,0,,,,,,0.0000,0.949132,0.000000
30,850,0,,,,,,0.0000,0.892400,0.000000
30,851,0,,,,,,0.0000,0.887403,0.000000
30,852,0,,,,,,0.0000,0.959507,0.000000
30,853,0,,,,,,0.0000,0.958722,0.000000
30,854,0,,,,,,0.0000,0.896663,0.000000
30,855,0,,,,,,0.0000,0.881179,0.000000
30,856,0,,,,,,0.0000,0.923942,0.000000
30,857,0,,,,,,0.0000,0.970233,0.000000
30,858,0,,,,,,0.0000,0.903205,0.000000
30,859,0,,,,,,0.0000,0.888738,0.000000
30,860,0,,,,,,0.0000,0.913723,0.000000
30,861,0,,,,,,0.0000,0.954237,0.000000
30,862,0,,,,,,0.0000,0.919759,0.000000
30,863,0,,,,,,0.0000,0.893933,0.000000
30,864,0,,,,,,0.0000,0.957714,0.000000
30,865,0,,,,,,0.0000,0.959290,0.000000
30,866,0,,,,,,0.0000,0.934839,0.000000
30,867,0,,,,,,0.0000,0.895681,0.000000
30,868,0,,,,,,0.0000,0.924519,0.000000
30,869,0,,,,,,0.0000,0.965143,0.000000
30,870,0,,,,,,0.0000,0.922968,0.000000
30,871,0,,,,,,0.0000,0.889497,0.000000
30,872,0,,,,,,0.0000,0.910991,0.000000
30,873,0,,,,,,0.0000,0.952868,0.000000
30,874,0,,,,,,0.0000,0.944753,0.000000
30,875,0,,,,,,0.0000,0.902886,0.000000
30,876,0,,,,,,0.0000,0.921080,0.000000
30,877,0,,,,,,0.0000,0.933118,0.000000
30,878,0,,,,,,0.0000,0.937060,0.000000
30,879,0,,,,,,0.0000,0.968689,0.000000
30,880,0,,,,,,0.0000,0.919844,0.000000
30,881,0,,,,,,0.0000,0.910270,0.000000
30,882,0,,,,,,0.0000,0.891117,0.000000
30,883,0,,,,,,0.0000,0.918024,0.000000
30,884,0,,,,,,0.0000,0.936498,0.000000
30,885,0,,,,,,0.0000,0.905444,0.000000
30,886,0,,,,,,0.0000,0.899390,0.000000
30,887,0,,,,,,0.0000,0.951868,0.000000
30,888,0,,,,,,0.0000,0.963150,0.000000
30,889,0,,,,,,0.0000,0.921137,0.000000
30,890,0,,,,,,0.0000,0.888889,0.000000
30,891,0,,,,,,0.0000,0.884742,0.000000
30,892,0,,,,,,0.0000,0.959014,0.000000
30,893,0,,,,,,0.0000,0.963400,0.000000
30,894,0,,,,,,0.0000,0.891340,0.000000
30,895,0,,,,,,0.0000,0.903339,0.000000
30,896,0,,,,,,0.0000,0.938759,0.000000
30,897,0,,,,,,0.0000,0.935383,0.000000
30,898,0,,,,,,0.0000,0.919558,0.000000
30,899,0,,,,,,0.0000,0.915084,0.000000
30,900,0,,,,,,0.0000,0.915491,0.000000
30,901,0,,,,,,0.0000,0.900943,0.000000
30,902,0,,,,,,0.0000,0.913503,0.000000
30,903,0,,,,,,0.0000,0.916744,0.000000
30,904,0,,,,,,0.0000,0.914731,0.000000
30,905,0,,,,,,0.0000,0.908400,0.000000
30,906,0,,,,,,0.0000,0.919197,0.000000
30,907,0,,,,,,0.0000,0.919606,0.000000
30,908,0,,,,,,0.0000,0.919764,0.000000
30,909,0,,,,,,0.0000,0.909337,0.000000
30,910,0,,,,,,0.0000,0.923184,0.000000
30,911,0,,,,,,0.0000,0.917732,0.000000
30,912,0,,,,,,0.0000,0.894218,0.000000
30,913,0,,,,,,0.0000,0.905300,0.000000
30,914,0,,,,,,0.0000,0.939811,0.000000
30,915,0,,,,,,0.0000,0.931451,0.000000
30,916,0,,,,,,0.0000,0.923684,0.000000
30,917,0,,,,,,0.0000,0.926978,0.000000
30,918,0,,,,,,0.0000,0.921604,0.000000
30,919,0,,,,,,0.0000,0.922063,0.000000
30,920,0,,,,,,0.0000,0.943078,0.000000
30,921,0,,,,,,0.0000,0.899757,0.000000
30,922,0,,,,,,0.0000,0.895464,0.000000
30,923,0,,,,,,0.0000,0.956921,0.000000
30,924,0,,,,,,0.0000,0.945899,0.000000
30,925,0,,,,,,0.0000,0.916957,0.000000
30,926,0,,,,,,0.0000,0.922357,0.000000
30,927,0,,,,,,0.0000,0.933168,0.000000
30,928,0,,,,,,0.0000,0.937079,0.000000
30,929,0,,,,,,0.0000,0.911784,0.000000
30,930,0,,,,,,0.0000,0.901807,0.000000
30,931,0,,,,,,0.0000,0.926741,0.000000
30,932,0,,,,,,0.0000,0.909829,0.000000
30,933,0,,,,,,0.0000,0.926731,0.000000
30,934,0,,,,,,0.0000,0.918599,0.000000
30,935,0,,,,,,0.0000,0.907805,0.000000
30,936,0,,,,,,0.0000,0.923118,0.000000
30,937,0,,,,,,0.0000,0.957708,0.000000
30,938,0,,,,,,0.0000,0.919638,0.000000
30,939,0,,,,,,0.0000,0.909023,0.000000
30,940,0,,,,,,0.0000,0.932683,0.000000
30,941,0,,,,,,0.0000,0.946386,0.000000
30,942,0,,,,,,0.0000,0.923736,0.000000
30,943,0,,,,,,0.0000,0.901505,0.000000
30,944,0,,,,,,0.0000,0.913914,0.000000
30,945,0,,,,,,0.0000,0.957664,0.000000
30,946,0,,,,,,0.0000,0.919826,0.000000
30,947,0,,,,,,0.0000,0.927292,0.000000
30,948,0,,,,,,0.0000,0.955592,0.000000
30,949,0,,,,,,0.0000,0.913979,0.000000
30,950,0,,,,,,0.0000,0.915272,0.000000
30,951,0,,,,,,0.0000,0.924706,0.000000
30,952,0,,,,,,0.0000,0.931880,0.000000
30,953,0,,,,,,0.0000,0.890913,0.000000
30,954,0,,,,,,0.0000,0.910892,0.000000
30,955,0,,,,,,0.0000,0.918739,0.000000
30,956,0,,,,,,0.0000,0.950793,0.000000
30,957,0,,,,,,0.0000,0.949039,0.000000
30,958,0,,,,,,0.0000,0.906226,0.000000
30,959,0,,,,,,0.0000,0.905672,0.000000
30,960,0,,,,,,0.0000,0.920031,0.000000
30,961,0,,,,,,0.0000,0.948036,0.000000
30,962,0,,,,,,0.0000,0.910836,0.000000
30,963,0,,,,,,0.0000,0.930986,0.000000
30,964,0,,,,,,0.0000,0.924689,0.000000
30,965,0,,,,,,0.0000,0.900151,0.000000
30,966,0,,,,,,0.0000,0.907103,0.000000
30,967,0,,,,,,0.0000,0.904622,0.000000
30,968,0,,,,,,0.0000,0.930275,0.000000
30,969,0,,,,,,0.0000,0.930414,0.000000
30,970,0,,,,,,0.0000,0.927172,0.000000
30,971,0,,,,,,0.0000,0.937278,0.000000
30,972,0,,,,,,0.0000,0.938393,0.000000
30,973,0,,,,,,0.0000,0.941956,0.000000
30,974,0,,,,,,0.0000,0.913016,0.000000
30,975,0,,,,,,0.0000,0.915806,0.000000
30,976,0,,,,,,0.0000,0.930799,0.000000
30,977,0,,,,,,0.0000,0.948933,0.000000
30,978,0,,,,,,0.0000,0.936493,0.000000
30,979,0,,,,,,0.0000,0.913242,0.000000
30,980,0,,,,,,0.0000,0.909887,0.000000
30,981,0,,,,,,0.0000,0.923694,0.000000
30,982,0,,,,,,0.0000,0.898365,0.000000
30,983,0,,,,,,0.0000,0.915433,0.000000
30,984,0,,,,,,0.0000,0.958748,0.000000
30,985,0,,,,,,0.0000,0.909266,0.000000
30,986,0,,,,,,0.0000,0.900809,0.000000
30,987,0,,,,,,0.0000,0.917831,0.000000
30,988,0,,,,,,0.0000,0.932652,0.000000
30,989,0,,,,,,0.0000,0.932803,0.000000
30,990,0,,,,,,0.0000,0.905278,0.000000
30,991,0,,,,,,0.0000,0.916056,0.000000
30,992,0,,,,,,0.0000,0.933783,0.000000
30,993,0,,,,,,0.0000,0.943172,0.000000
30,994,0,,,,,,0.0000,0.903324,0.000000
30,995,0,,,,,,0.0000,0.888858,0.000000
30,996,0,,,,,,0.0000,0.922083,0.000000
30,997,0,,,,,,0.0000,0.970202,0.000000
30,998,0,,,,,,0.0000,0.921767,0.000000
30,999,0,,,,,,0.0000,0.893782,0.000000
30,1000,0,,,,,,0.0000,0.918331,0.000000
